execute if entity @s[tag=aj.corrupted_beacon_core.bone.exterior] run data modify entity @s {} merge value {transformation:[-1.7689164944001345f,4.142167011199731f,2.4347046817155937f,0f,2.4347046817155933f,3.0094604917374626f,-3.3510835055998656f,1.5025f,-4.142167011199731f,2.2305206287591083e-16f,-3.009460491737462f,0f,0f,0f,0f,1f],start_interpolation:0}
execute if entity @s[tag=aj.corrupted_beacon_core.bone.1] run data modify entity @s {} merge value {transformation:[-0.859012612845262f,-0.19634646056170316f,-0.4763208052444894f,0f,0.1963464605617032f,0.731418948201032f,-0.6555993446827862f,1.5f,0.47632080524448933f,-0.6555993446827862f,-0.5887648943796274f,0f,0f,0f,0f,1f],start_interpolation:0}
execute if entity @s[tag=aj.corrupted_beacon_core.bone.2] run data modify entity @s {} merge value {transformation:[-0.859012612845262f,-0.19634646056170316f,-0.4763208052444894f,0f,0.1963464605617032f,0.731418948201032f,-0.6555993446827862f,1.5f,0.47632080524448933f,-0.6555993446827862f,-0.5887648943796274f,0f,0f,0f,0f,1f],start_interpolation:0}
execute if entity @s[tag=aj.corrupted_beacon_core.bone.3] run data modify entity @s {} merge value {transformation:[0.05954993126065759f,-0.8791520956519432f,-0.4763208052444894f,0f,-0.6916986137080056f,0.30834824169603414f,-0.6555993446827862f,1.5f,0.7220408192009546f,0.3678981729566918f,-0.5887648943796274f,0f,0f,0f,0f,1f],start_interpolation:0}
execute if entity @s[tag=aj.corrupted_beacon_core.bone.4] run data modify entity @s {} merge value {transformation:[-0.7894418550453017f,-0.39145390418922293f,-0.4763208052444894f,0f,0.020175029732855336f,0.7570459553672358f,-0.6555993446827862f,1.5f,0.6162066510425075f,-0.5262901989095322f,-0.5887648943796274f,0f,0f,0f,0f,1f],start_interpolation:0}
execute if entity @s[tag=aj.corrupted_beacon_core.bone.5] run data modify entity @s {} merge value {transformation:[-0.7894418550453017f,-0.39145390418922293f,-0.4763208052444894f,0f,0.020175029732855336f,0.7570459553672358f,-0.6555993446827862f,1.5f,0.6162066510425075f,-0.5262901989095322f,-0.5887648943796274f,0f,0f,0f,0f,1f],start_interpolation:0}
execute if entity @s[tag=aj.corrupted_beacon_core.bone.6] run data modify entity @s {} merge value {transformation:[-0.7894418550453017f,-0.39145390418922293f,-0.4763208052444894f,0f,0.020175029732855336f,0.7570459553672358f,-0.6555993446827862f,1.5f,0.6162066510425075f,-0.5262901989095322f,-0.5887648943796274f,0f,0f,0f,0f,1f],start_interpolation:0}
execute if entity @s[tag=aj.corrupted_beacon_core.bone.7] run data modify entity @s {} merge value {transformation:[0.05954993126065759f,-0.8791520956519432f,-0.4763208052444894f,0f,-0.6916986137080056f,0.30834824169603414f,-0.6555993446827862f,1.5f,0.7220408192009546f,0.3678981729566918f,-0.5887648943796274f,0f,0f,0f,0f,1f],start_interpolation:0}
execute if entity @s[tag=aj.corrupted_beacon_core.bone.8] run data modify entity @s {} merge value {transformation:[0.05954993126065759f,-0.8791520956519432f,-0.4763208052444894f,0f,-0.6916986137080056f,0.30834824169603414f,-0.6555993446827862f,1.5f,0.7220408192009546f,0.3678981729566918f,-0.5887648943796274f,0f,0f,0f,0f,1f],start_interpolation:0}
execute if entity @s[tag=aj.corrupted_beacon_core.bone.9] run data modify entity @s {} merge value {transformation:[-0.3454915028125265f,-0.8090169943749475f,-0.47552825814757677f,0f,-0.4755282581475768f,0.5877852522924731f,-0.6545084971874737f,1.5f,0.8090169943749475f,-1.5458715849296699e-16f,-0.5877852522924732f,0f,0f,0f,0f,1f],start_interpolation:0}
execute if entity @s[tag=aj.corrupted_beacon_core.bone.10] run data modify entity @s {} merge value {transformation:[0.059450846516463485f,-0.8776892801849682f,-0.47552825814757677f,0f,-0.6905477008732168f,0.30783518305760477f,-0.6545084971874737f,1.5f,0.7208394201673424f,0.36728602957406836f,-0.5877852522924732f,0f,0f,0f,0f,1f],start_interpolation:0}
execute if entity @s[tag=aj.corrupted_beacon_core.bone.11] run data modify entity @s {} merge value {transformation:[0.059450846516463485f,-0.8776892801849682f,-0.47552825814757677f,0f,-0.6905477008732168f,0.30783518305760477f,-0.6545084971874737f,1.5f,0.7208394201673424f,0.36728602957406836f,-0.5877852522924732f,0f,0f,0f,0f,1f],start_interpolation:0}
execute if entity @s[tag=aj.corrupted_beacon_core.bone.12] run data modify entity @s {} merge value {transformation:[0.059450846516463485f,-0.8776892801849682f,-0.47552825814757677f,0f,-0.6905477008732168f,0.30783518305760477f,-0.6545084971874737f,1.5f,0.7208394201673424f,0.36728602957406836f,-0.5877852522924732f,0f,0f,0f,0f,1f],start_interpolation:0}
execute if entity @s[tag=aj.corrupted_beacon_core.bone.13] run data modify entity @s {} merge value {transformation:[0.059450846516463485f,-0.8776892801849682f,-0.47552825814757677f,0f,-0.6905477008732168f,0.30783518305760477f,-0.6545084971874737f,1.5f,0.7208394201673424f,0.36728602957406836f,-0.5877852522924732f,0f,0f,0f,0f,1f],start_interpolation:0}
execute if entity @s[tag=aj.corrupted_beacon_core.bone.14] run data modify entity @s {} merge value {transformation:[0.059450846516463485f,-0.8776892801849682f,-0.47552825814757677f,0f,-0.6905477008732168f,0.30783518305760477f,-0.6545084971874737f,1.5f,0.7208394201673424f,0.36728602957406836f,-0.5877852522924732f,0f,0f,0f,0f,1f],start_interpolation:0}
execute if entity @s[tag=aj.corrupted_beacon_core.bone.15] run data modify entity @s {} merge value {transformation:[-0.8575833073330402f,-0.19601976096010298f,-0.47552825814757677f,0f,0.19601976096010304f,0.7302019449594329f,-0.6545084971874737f,1.5f,0.4755282581475767f,-0.6545084971874737f,-0.5877852522924732f,0f,0f,0f,0f,1f],start_interpolation:0}
execute if entity @s[tag=aj.corrupted_beacon_core.bone.16] run data modify entity @s {} merge value {transformation:[-0.8575833073330402f,-0.19601976096010298f,-0.47552825814757677f,0f,0.19601976096010304f,0.7302019449594329f,-0.6545084971874737f,1.5f,0.4755282581475767f,-0.6545084971874737f,-0.5877852522924732f,0f,0f,0f,0f,1f],start_interpolation:0}
execute if entity @s[tag=aj.corrupted_beacon_core.bone.17] run data modify entity @s {} merge value {transformation:[-0.8575833073330402f,-0.19601976096010298f,-0.47552825814757677f,0f,0.19601976096010304f,0.7302019449594329f,-0.6545084971874737f,1.5f,0.4755282581475767f,-0.6545084971874737f,-0.5877852522924732f,0f,0f,0f,0f,1f],start_interpolation:0}
execute if entity @s[tag=aj.corrupted_beacon_core.bone.18] run data modify entity @s {} merge value {transformation:[-0.8575833073330402f,-0.19601976096010298f,-0.47552825814757677f,0f,0.19601976096010304f,0.7302019449594329f,-0.6545084971874737f,1.5f,0.4755282581475767f,-0.6545084971874737f,-0.5877852522924732f,0f,0f,0f,0f,1f],start_interpolation:0}
execute if entity @s[tag=aj.corrupted_beacon_core.bone.19] run data modify entity @s {} merge value {transformation:[-0.8575833073330402f,-0.19601976096010298f,-0.47552825814757677f,0f,0.19601976096010304f,0.7302019449594329f,-0.6545084971874737f,1.5f,0.4755282581475767f,-0.6545084971874737f,-0.5877852522924732f,0f,0f,0f,0f,1f],start_interpolation:0}
execute if entity @s[tag=aj.corrupted_beacon_core.bone.20] run data modify entity @s {} merge value {transformation:[-0.8575833073330402f,-0.19601976096010298f,-0.47552825814757677f,0f,0.19601976096010304f,0.7302019449594329f,-0.6545084971874737f,1.5f,0.4755282581475767f,-0.6545084971874737f,-0.5877852522924732f,0f,0f,0f,0f,1f],start_interpolation:0}
execute if entity @s[tag=aj.corrupted_beacon_core.bone.21] run data modify entity @s {} merge value {transformation:[-0.7881283078655258f,-0.3908025665782592f,-0.47552825814757677f,0f,0.020141460631802333f,0.7557863115147113f,-0.6545084971874737f,1.5f,0.6151813487945166f,-0.5254145080627609f,-0.5877852522924732f,0f,0f,0f,0f,1f],start_interpolation:0}
execute if entity @s[tag=aj.corrupted_beacon_core.bone.22] run data modify entity @s {} merge value {transformation:[-0.7881283078655258f,-0.3908025665782592f,-0.47552825814757677f,0f,0.020141460631802333f,0.7557863115147113f,-0.6545084971874737f,1.5f,0.6151813487945166f,-0.5254145080627609f,-0.5877852522924732f,0f,0f,0f,0f,1f],start_interpolation:0}
execute if entity @s[tag=aj.corrupted_beacon_core.bone.23] run data modify entity @s {} merge value {transformation:[-0.7881283078655258f,-0.3908025665782592f,-0.47552825814757677f,0f,0.020141460631802333f,0.7557863115147113f,-0.6545084971874737f,1.5f,0.6151813487945166f,-0.5254145080627609f,-0.5877852522924732f,0f,0f,0f,0f,1f],start_interpolation:0}
execute if entity @s[tag=aj.corrupted_beacon_core.bone.24] run data modify entity @s {} merge value {transformation:[-0.7881283078655258f,-0.3908025665782592f,-0.47552825814757677f,0f,0.020141460631802333f,0.7557863115147113f,-0.6545084971874737f,1.5f,0.6151813487945166f,-0.5254145080627609f,-0.5877852522924732f,0f,0f,0f,0f,1f],start_interpolation:0}
execute if entity @s[tag=aj.corrupted_beacon_core.bone.25] run data modify entity @s {} merge value {transformation:[-0.7881283078655258f,-0.3908025665782592f,-0.47552825814757677f,0f,0.020141460631802333f,0.7557863115147113f,-0.6545084971874737f,1.5f,0.6151813487945166f,-0.5254145080627609f,-0.5877852522924732f,0f,0f,0f,0f,1f],start_interpolation:0}
execute if entity @s[tag=aj.corrupted_beacon_core.bone.26] run data modify entity @s {} merge value {transformation:[-0.7881283078655258f,-0.3908025665782592f,-0.47552825814757677f,0f,0.020141460631802333f,0.7557863115147113f,-0.6545084971874737f,1.5f,0.6151813487945166f,-0.5254145080627609f,-0.5877852522924732f,0f,0f,0f,0f,1f],start_interpolation:0}
execute if entity @s[tag=aj.corrupted_beacon_core.bone.27] run data modify entity @s {} merge value {transformation:[-0.859012612845262f,-0.19634646056170316f,-0.4763208052444894f,0f,0.1963464605617032f,0.731418948201032f,-0.6555993446827862f,1.5f,0.47632080524448933f,-0.6555993446827862f,-0.5887648943796274f,0f,0f,0f,0f,1f],start_interpolation:0}