execute if entity @s[tag=aj.corrupted_beacon_core.bone.exterior] run data modify entity @s {} merge value {transformation:[-0.4889164944001334f,4.869409363431187f,-1.504730245868732f,0f,-1.5047302458687315f,-1.582167011199731f,-4.631083505599865f,1.5025f,-4.869409363431187f,8.805477533704555e-16f,1.5821670111997308f,0f,0f,0f,0f,1f],start_interpolation:0}
execute if entity @s[tag=aj.corrupted_beacon_core.bone.1] run data modify entity @s {} merge value {transformation:[-0.8764583333333335f,0.38535162621715163f,0.29438244718981366f,0f,-0.38535162621715163f,-0.1843236893655724f,-0.9060160113494529f,1.5f,-0.29438244718981377f,-0.906016011349453f,0.3095320226989058f,0f,0f,0f,0f,1f],start_interpolation:0}
execute if entity @s[tag=aj.corrupted_beacon_core.bone.2] run data modify entity @s {} merge value {transformation:[-0.8764583333333335f,0.38535162621715163f,0.29438244718981366f,0f,-0.38535162621715163f,-0.1843236893655724f,-0.9060160113494529f,1.5f,-0.29438244718981377f,-0.906016011349453f,0.3095320226989058f,0f,0f,0f,0f,1f],start_interpolation:0}
execute if entity @s[tag=aj.corrupted_beacon_core.bone.3] run data modify entity @s {} merge value {transformation:[0.7144812078667341f,-0.6373316950402989f,0.29438244718981366f,0f,0.42345032765860696f,0.05622204456756891f,-0.9060160113494529f,1.5f,0.5599486893655724f,0.770703252434303f,0.3095320226989058f,0f,0f,0f,0f,1f],start_interpolation:0}
execute if entity @s[tag=aj.corrupted_beacon_core.bone.4] run data modify entity @s {} merge value {transformation:[-0.9558760705410351f,-0.054552943684810985f,0.29438244718981366f,0f,-0.25966960921716614f,-0.3391795871489668f,-0.9060160113494529f,1.5f,0.14902598071190734f,-0.9409130114457391f,0.3095320226989058f,0f,0f,0f,0f,1f],start_interpolation:0}
execute if entity @s[tag=aj.corrupted_beacon_core.bone.5] run data modify entity @s {} merge value {transformation:[-0.9558760705410351f,-0.054552943684810985f,0.29438244718981366f,0f,-0.25966960921716614f,-0.3391795871489668f,-0.9060160113494529f,1.5f,0.14902598071190734f,-0.9409130114457391f,0.3095320226989058f,0f,0f,0f,0f,1f],start_interpolation:0}
execute if entity @s[tag=aj.corrupted_beacon_core.bone.6] run data modify entity @s {} merge value {transformation:[-0.9558760705410351f,-0.054552943684810985f,0.29438244718981366f,0f,-0.25966960921716614f,-0.3391795871489668f,-0.9060160113494529f,1.5f,0.14902598071190734f,-0.9409130114457391f,0.3095320226989058f,0f,0f,0f,0f,1f],start_interpolation:0}
execute if entity @s[tag=aj.corrupted_beacon_core.bone.7] run data modify entity @s {} merge value {transformation:[0.7144812078667341f,-0.6373316950402989f,0.29438244718981366f,0f,0.42345032765860696f,0.05622204456756891f,-0.9060160113494529f,1.5f,0.5599486893655724f,0.770703252434303f,0.3095320226989058f,0f,0f,0f,0f,1f],start_interpolation:0}
execute if entity @s[tag=aj.corrupted_beacon_core.bone.8] run data modify entity @s {} merge value {transformation:[0.7144812078667341f,-0.6373316950402989f,0.29438244718981366f,0f,0.42345032765860696f,0.05622204456756891f,-0.9060160113494529f,1.5f,0.5599486893655724f,0.770703252434303f,0.3095320226989058f,0f,0f,0f,0f,1f],start_interpolation:0}
execute if entity @s[tag=aj.corrupted_beacon_core.bone.9] run data modify entity @s {} merge value {transformation:[-0.09549150281252627f,-0.9510565162951536f,0.29389262614623657f,0f,0.2938926261462366f,-0.30901699437494745f,-0.9045084971874737f,1.5f,0.9510565162951536f,-6.095968061765143e-17f,0.3090169943749475f,0f,0f,0f,0f,1f],start_interpolation:0}
execute if entity @s[tag=aj.corrupted_beacon_core.bone.10] run data modify entity @s {} merge value {transformation:[0.7132923872213651f,-0.6362712429686843f,0.29389262614623657f,0f,0.4227457514062632f,0.05612849707244816f,-0.9045084971874737f,1.5f,0.5590169943749475f,0.7694208842938133f,0.3090169943749475f,0f,0f,0f,0f,1f],start_interpolation:0}
execute if entity @s[tag=aj.corrupted_beacon_core.bone.11] run data modify entity @s {} merge value {transformation:[0.7132923872213651f,-0.6362712429686843f,0.29389262614623657f,0f,0.4227457514062632f,0.05612849707244816f,-0.9045084971874737f,1.5f,0.5590169943749475f,0.7694208842938133f,0.3090169943749475f,0f,0f,0f,0f,1f],start_interpolation:0}
execute if entity @s[tag=aj.corrupted_beacon_core.bone.12] run data modify entity @s {} merge value {transformation:[0.7132923872213651f,-0.6362712429686843f,0.29389262614623657f,0f,0.4227457514062632f,0.05612849707244816f,-0.9045084971874737f,1.5f,0.5590169943749475f,0.7694208842938133f,0.3090169943749475f,0f,0f,0f,0f,1f],start_interpolation:0}
execute if entity @s[tag=aj.corrupted_beacon_core.bone.13] run data modify entity @s {} merge value {transformation:[0.7132923872213651f,-0.6362712429686843f,0.29389262614623657f,0f,0.4227457514062632f,0.05612849707244816f,-0.9045084971874737f,1.5f,0.5590169943749475f,0.7694208842938133f,0.3090169943749475f,0f,0f,0f,0f,1f],start_interpolation:0}
execute if entity @s[tag=aj.corrupted_beacon_core.bone.14] run data modify entity @s {} merge value {transformation:[0.7132923872213651f,-0.6362712429686843f,0.29389262614623657f,0f,0.4227457514062632f,0.05612849707244816f,-0.9045084971874737f,1.5f,0.5590169943749475f,0.7694208842938133f,0.3090169943749475f,0f,0f,0f,0f,1f],start_interpolation:0}
execute if entity @s[tag=aj.corrupted_beacon_core.bone.15] run data modify entity @s {} merge value {transformation:[-0.8750000000000001f,0.38471044214690675f,0.29389262614623657f,0f,-0.38471044214690675f,-0.18401699437494748f,-0.9045084971874737f,1.5f,-0.2938926261462367f,-0.9045084971874738f,0.3090169943749475f,0f,0f,0f,0f,1f],start_interpolation:0}
execute if entity @s[tag=aj.corrupted_beacon_core.bone.16] run data modify entity @s {} merge value {transformation:[-0.8750000000000001f,0.38471044214690675f,0.29389262614623657f,0f,-0.38471044214690675f,-0.18401699437494748f,-0.9045084971874737f,1.5f,-0.2938926261462367f,-0.9045084971874738f,0.3090169943749475f,0f,0f,0f,0f,1f],start_interpolation:0}
execute if entity @s[tag=aj.corrupted_beacon_core.bone.17] run data modify entity @s {} merge value {transformation:[-0.8750000000000001f,0.38471044214690675f,0.29389262614623657f,0f,-0.38471044214690675f,-0.18401699437494748f,-0.9045084971874737f,1.5f,-0.2938926261462367f,-0.9045084971874738f,0.3090169943749475f,0f,0f,0f,0f,1f],start_interpolation:0}
execute if entity @s[tag=aj.corrupted_beacon_core.bone.18] run data modify entity @s {} merge value {transformation:[-0.8750000000000001f,0.38471044214690675f,0.29389262614623657f,0f,-0.38471044214690675f,-0.18401699437494748f,-0.9045084971874737f,1.5f,-0.2938926261462367f,-0.9045084971874738f,0.3090169943749475f,0f,0f,0f,0f,1f],start_interpolation:0}
execute if entity @s[tag=aj.corrupted_beacon_core.bone.19] run data modify entity @s {} merge value {transformation:[-0.8750000000000001f,0.38471044214690675f,0.29389262614623657f,0f,-0.38471044214690675f,-0.18401699437494748f,-0.9045084971874737f,1.5f,-0.2938926261462367f,-0.9045084971874738f,0.3090169943749475f,0f,0f,0f,0f,1f],start_interpolation:0}
execute if entity @s[tag=aj.corrupted_beacon_core.bone.20] run data modify entity @s {} merge value {transformation:[-0.8750000000000001f,0.38471044214690675f,0.29389262614623657f,0f,-0.38471044214690675f,-0.18401699437494748f,-0.9045084971874737f,1.5f,-0.2938926261462367f,-0.9045084971874738f,0.3090169943749475f,0f,0f,0f,0f,1f],start_interpolation:0}
execute if entity @s[tag=aj.corrupted_beacon_core.bone.21] run data modify entity @s {} merge value {transformation:[-0.9542855945501182f,-0.05446217339581795f,0.29389262614623657f,0f,-0.25923754663943377f,-0.3386152284349086f,-0.9045084971874737f,1.5f,0.1487780173496579f,-0.9393474323917529f,0.3090169943749475f,0f,0f,0f,0f,1f],start_interpolation:0}
execute if entity @s[tag=aj.corrupted_beacon_core.bone.22] run data modify entity @s {} merge value {transformation:[-0.9542855945501182f,-0.05446217339581795f,0.29389262614623657f,0f,-0.25923754663943377f,-0.3386152284349086f,-0.9045084971874737f,1.5f,0.1487780173496579f,-0.9393474323917529f,0.3090169943749475f,0f,0f,0f,0f,1f],start_interpolation:0}
execute if entity @s[tag=aj.corrupted_beacon_core.bone.23] run data modify entity @s {} merge value {transformation:[-0.9542855945501182f,-0.05446217339581795f,0.29389262614623657f,0f,-0.25923754663943377f,-0.3386152284349086f,-0.9045084971874737f,1.5f,0.1487780173496579f,-0.9393474323917529f,0.3090169943749475f,0f,0f,0f,0f,1f],start_interpolation:0}
execute if entity @s[tag=aj.corrupted_beacon_core.bone.24] run data modify entity @s {} merge value {transformation:[-0.9542855945501182f,-0.05446217339581795f,0.29389262614623657f,0f,-0.25923754663943377f,-0.3386152284349086f,-0.9045084971874737f,1.5f,0.1487780173496579f,-0.9393474323917529f,0.3090169943749475f,0f,0f,0f,0f,1f],start_interpolation:0}
execute if entity @s[tag=aj.corrupted_beacon_core.bone.25] run data modify entity @s {} merge value {transformation:[-0.9542855945501182f,-0.05446217339581795f,0.29389262614623657f,0f,-0.25923754663943377f,-0.3386152284349086f,-0.9045084971874737f,1.5f,0.1487780173496579f,-0.9393474323917529f,0.3090169943749475f,0f,0f,0f,0f,1f],start_interpolation:0}
execute if entity @s[tag=aj.corrupted_beacon_core.bone.26] run data modify entity @s {} merge value {transformation:[-0.9542855945501182f,-0.05446217339581795f,0.29389262614623657f,0f,-0.25923754663943377f,-0.3386152284349086f,-0.9045084971874737f,1.5f,0.1487780173496579f,-0.9393474323917529f,0.3090169943749475f,0f,0f,0f,0f,1f],start_interpolation:0}
execute if entity @s[tag=aj.corrupted_beacon_core.bone.27] run data modify entity @s {} merge value {transformation:[-0.8764583333333335f,0.38535162621715163f,0.29438244718981366f,0f,-0.38535162621715163f,-0.1843236893655724f,-0.9060160113494529f,1.5f,-0.29438244718981377f,-0.906016011349453f,0.3095320226989058f,0f,0f,0f,0f,1f],start_interpolation:0}