execute if entity @s[tag=aj.corrupted_beacon_core.bone.exterior] run data modify entity @s {} merge value {transformation:[-4.191805413756647f,-2.17998997281317f,-1.9725139015060182f,0f,-1.972513901506019f,4.632714508626021f,-0.9281945862433524f,1.5025f,2.179989972813169f,-2.6697177423789736e-16f,-4.632714508626021f,0f,0f,0f,0f,1f],start_interpolation:0}
execute if entity @s[tag=aj.corrupted_beacon_core.bone.1] run data modify entity @s {} merge value {transformation:[-0.9236175675434942f,0.03672711822815936f,0.38589871575687423f,0f,-0.03672711822815942f,0.9843841966766356f,-0.18159015180086419f,1.5f,-0.38589871575687423f,-0.18159015180086419f,-0.9063350975534632f,0f,0f,0f,0f,1f],start_interpolation:0}
execute if entity @s[tag=aj.corrupted_beacon_core.bone.2] run data modify entity @s {} merge value {transformation:[-0.9236175675434942f,0.03672711822815936f,0.38589871575687423f,0f,-0.03672711822815942f,0.9843841966766356f,-0.18159015180086419f,1.5f,-0.38589871575687423f,-0.18159015180086419f,-0.9063350975534632f,0f,0f,0f,0f,1f],start_interpolation:0}
execute if entity @s[tag=aj.corrupted_beacon_core.bone.3] run data modify entity @s {} merge value {transformation:[0.7072907406903496f,-0.5951118385833063f,0.38589871575687423f,0f,-0.5743159010895336f,-0.8003264169298471f,-0.18159015180086419f,1.5f,0.4162176894373005f,-0.09303567623949761f,-0.9063350975534632f,0f,0f,0f,0f,1f],start_interpolation:0}
execute if entity @s[tag=aj.corrupted_beacon_core.bone.4] run data modify entity @s {} merge value {transformation:[-0.13785785901114916f,-0.9140095748935942f,0.38589871575687423f,0f,-0.9824696816808147f,0.0715154001460462f,-0.18159015180086419f,1.5f,0.13814719106073833f,-0.40349492643141577f,-0.9063350975534632f,0f,0f,0f,0f,1f],start_interpolation:0}
execute if entity @s[tag=aj.corrupted_beacon_core.bone.5] run data modify entity @s {} merge value {transformation:[-0.13785785901114916f,-0.9140095748935942f,0.38589871575687423f,0f,-0.9824696816808147f,0.0715154001460462f,-0.18159015180086419f,1.5f,0.13814719106073833f,-0.40349492643141577f,-0.9063350975534632f,0f,0f,0f,0f,1f],start_interpolation:0}
execute if entity @s[tag=aj.corrupted_beacon_core.bone.6] run data modify entity @s {} merge value {transformation:[-0.13785785901114916f,-0.9140095748935942f,0.38589871575687423f,0f,-0.9824696816808147f,0.0715154001460462f,-0.18159015180086419f,1.5f,0.13814719106073833f,-0.40349492643141577f,-0.9063350975534632f,0f,0f,0f,0f,1f],start_interpolation:0}
execute if entity @s[tag=aj.corrupted_beacon_core.bone.7] run data modify entity @s {} merge value {transformation:[0.7072907406903496f,-0.5951118385833063f,0.38589871575687423f,0f,-0.5743159010895336f,-0.8003264169298471f,-0.18159015180086419f,1.5f,0.4162176894373005f,-0.09303567623949761f,-0.9063350975534632f,0f,0f,0f,0f,1f],start_interpolation:0}
execute if entity @s[tag=aj.corrupted_beacon_core.bone.8] run data modify entity @s {} merge value {transformation:[0.7072907406903496f,-0.5951118385833063f,0.38589871575687423f,0f,-0.5743159010895336f,-0.8003264169298471f,-0.18159015180086419f,1.5f,0.4162176894373005f,-0.09303567623949761f,-0.9063350975534632f,0f,0f,0f,0f,1f],start_interpolation:0}
execute if entity @s[tag=aj.corrupted_beacon_core.bone.9] run data modify entity @s {} merge value {transformation:[-0.8187119948743452f,0.4257792915650722f,0.3852566213878944f,0f,0.3852566213878943f,0.9048270524660198f,-0.18128800512565477f,1.5f,-0.4257792915650723f,5.214292465583933e-17f,-0.9048270524660198f,0f,0f,0f,0f,1f],start_interpolation:0}
execute if entity @s[tag=aj.corrupted_beacon_core.bone.10] run data modify entity @s {} merge value {transformation:[0.7061138842166551f,-0.5941216358568782f,0.3852566213878944f,0f,-0.5733603005885526f,-0.7989947589981834f,-0.18128800512565477f,1.5f,0.4155251475247592f,-0.0928808747815284f,-0.9048270524660198f,0f,0f,0f,0f,1f],start_interpolation:0}
execute if entity @s[tag=aj.corrupted_beacon_core.bone.11] run data modify entity @s {} merge value {transformation:[0.7061138842166551f,-0.5941216358568782f,0.3852566213878944f,0f,-0.5733603005885526f,-0.7989947589981834f,-0.18128800512565477f,1.5f,0.4155251475247592f,-0.0928808747815284f,-0.9048270524660198f,0f,0f,0f,0f,1f],start_interpolation:0}
execute if entity @s[tag=aj.corrupted_beacon_core.bone.12] run data modify entity @s {} merge value {transformation:[0.7061138842166551f,-0.5941216358568782f,0.3852566213878944f,0f,-0.5733603005885526f,-0.7989947589981834f,-0.18128800512565477f,1.5f,0.4155251475247592f,-0.0928808747815284f,-0.9048270524660198f,0f,0f,0f,0f,1f],start_interpolation:0}
execute if entity @s[tag=aj.corrupted_beacon_core.bone.13] run data modify entity @s {} merge value {transformation:[0.7061138842166551f,-0.5941216358568782f,0.3852566213878944f,0f,-0.5733603005885526f,-0.7989947589981834f,-0.18128800512565477f,1.5f,0.4155251475247592f,-0.0928808747815284f,-0.9048270524660198f,0f,0f,0f,0f,1f],start_interpolation:0}
execute if entity @s[tag=aj.corrupted_beacon_core.bone.14] run data modify entity @s {} merge value {transformation:[0.7061138842166551f,-0.5941216358568782f,0.3852566213878944f,0f,-0.5733603005885526f,-0.7989947589981834f,-0.18128800512565477f,1.5f,0.4155251475247592f,-0.0928808747815284f,-0.9048270524660198f,0f,0f,0f,0f,1f],start_interpolation:0}
execute if entity @s[tag=aj.corrupted_beacon_core.bone.15] run data modify entity @s {} merge value {transformation:[-0.9220807662663836f,0.03666600821446858f,0.3852566213878944f,0f,-0.03666600821446864f,0.9827462861996361f,-0.18128800512565477f,1.5f,-0.3852566213878944f,-0.18128800512565477f,-0.9048270524660198f,0f,0f,0f,0f,1f],start_interpolation:0}
execute if entity @s[tag=aj.corrupted_beacon_core.bone.16] run data modify entity @s {} merge value {transformation:[-0.9220807662663836f,0.03666600821446858f,0.3852566213878944f,0f,-0.03666600821446864f,0.9827462861996361f,-0.18128800512565477f,1.5f,-0.3852566213878944f,-0.18128800512565477f,-0.9048270524660198f,0f,0f,0f,0f,1f],start_interpolation:0}
execute if entity @s[tag=aj.corrupted_beacon_core.bone.17] run data modify entity @s {} merge value {transformation:[-0.9220807662663836f,0.03666600821446858f,0.3852566213878944f,0f,-0.03666600821446864f,0.9827462861996361f,-0.18128800512565477f,1.5f,-0.3852566213878944f,-0.18128800512565477f,-0.9048270524660198f,0f,0f,0f,0f,1f],start_interpolation:0}
execute if entity @s[tag=aj.corrupted_beacon_core.bone.18] run data modify entity @s {} merge value {transformation:[-0.9220807662663836f,0.03666600821446858f,0.3852566213878944f,0f,-0.03666600821446864f,0.9827462861996361f,-0.18128800512565477f,1.5f,-0.3852566213878944f,-0.18128800512565477f,-0.9048270524660198f,0f,0f,0f,0f,1f],start_interpolation:0}
execute if entity @s[tag=aj.corrupted_beacon_core.bone.19] run data modify entity @s {} merge value {transformation:[-0.9220807662663836f,0.03666600821446858f,0.3852566213878944f,0f,-0.03666600821446864f,0.9827462861996361f,-0.18128800512565477f,1.5f,-0.3852566213878944f,-0.18128800512565477f,-0.9048270524660198f,0f,0f,0f,0f,1f],start_interpolation:0}
execute if entity @s[tag=aj.corrupted_beacon_core.bone.20] run data modify entity @s {} merge value {transformation:[-0.9220807662663836f,0.03666600821446858f,0.3852566213878944f,0f,-0.03666600821446864f,0.9827462861996361f,-0.18128800512565477f,1.5f,-0.3852566213878944f,-0.18128800512565477f,-0.9048270524660198f,0f,0f,0f,0f,1f],start_interpolation:0}
execute if entity @s[tag=aj.corrupted_beacon_core.bone.21] run data modify entity @s {} merge value {transformation:[-0.1376284782141256f,-0.9124887602931057f,0.3852566213878944f,0f,-0.9808349567528932f,0.07139640613581982f,-0.18128800512565477f,1.5f,0.137917328845995f,-0.4028235538416796f,-0.9048270524660198f,0f,0f,0f,0f,1f],start_interpolation:0}
execute if entity @s[tag=aj.corrupted_beacon_core.bone.22] run data modify entity @s {} merge value {transformation:[-0.1376284782141256f,-0.9124887602931057f,0.3852566213878944f,0f,-0.9808349567528932f,0.07139640613581982f,-0.18128800512565477f,1.5f,0.137917328845995f,-0.4028235538416796f,-0.9048270524660198f,0f,0f,0f,0f,1f],start_interpolation:0}
execute if entity @s[tag=aj.corrupted_beacon_core.bone.23] run data modify entity @s {} merge value {transformation:[-0.1376284782141256f,-0.9124887602931057f,0.3852566213878944f,0f,-0.9808349567528932f,0.07139640613581982f,-0.18128800512565477f,1.5f,0.137917328845995f,-0.4028235538416796f,-0.9048270524660198f,0f,0f,0f,0f,1f],start_interpolation:0}
execute if entity @s[tag=aj.corrupted_beacon_core.bone.24] run data modify entity @s {} merge value {transformation:[-0.1376284782141256f,-0.9124887602931057f,0.3852566213878944f,0f,-0.9808349567528932f,0.07139640613581982f,-0.18128800512565477f,1.5f,0.137917328845995f,-0.4028235538416796f,-0.9048270524660198f,0f,0f,0f,0f,1f],start_interpolation:0}
execute if entity @s[tag=aj.corrupted_beacon_core.bone.25] run data modify entity @s {} merge value {transformation:[-0.1376284782141256f,-0.9124887602931057f,0.3852566213878944f,0f,-0.9808349567528932f,0.07139640613581982f,-0.18128800512565477f,1.5f,0.137917328845995f,-0.4028235538416796f,-0.9048270524660198f,0f,0f,0f,0f,1f],start_interpolation:0}
execute if entity @s[tag=aj.corrupted_beacon_core.bone.26] run data modify entity @s {} merge value {transformation:[-0.1376284782141256f,-0.9124887602931057f,0.3852566213878944f,0f,-0.9808349567528932f,0.07139640613581982f,-0.18128800512565477f,1.5f,0.137917328845995f,-0.4028235538416796f,-0.9048270524660198f,0f,0f,0f,0f,1f],start_interpolation:0}
execute if entity @s[tag=aj.corrupted_beacon_core.bone.27] run data modify entity @s {} merge value {transformation:[-0.9236175675434942f,0.03672711822815936f,0.38589871575687423f,0f,-0.03672711822815942f,0.9843841966766356f,-0.18159015180086419f,1.5f,-0.38589871575687423f,-0.18159015180086419f,-0.9063350975534632f,0f,0f,0f,0f,1f],start_interpolation:0}