execute if entity @s[tag=aj.corrupted_beacon_core.bone.exterior] run data modify entity @s {} merge value {transformation:[-3.351083505599867f,-3.0094604917374626f,2.434704681715593f,0f,2.4347046817155933f,-4.142167011199733f,-1.768916494400134f,1.5025f,3.009460491737462f,-3.685526158366703e-16f,4.142167011199734f,0f,0f,0f,0f,1f],start_interpolation:0}
execute if entity @s[tag=aj.corrupted_beacon_core.bone.1] run data modify entity @s {} merge value {transformation:[0.18432368936557253f,-0.8616724314616411f,-0.47632080524448955f,0f,0.8616724314616413f,0.37562500000000065f,-0.3460673219838804f,1.5f,0.4763208052444896f,-0.34606732198388057f,0.8103653560322394f,0f,0f,0f,0f,1f],start_interpolation:0}
execute if entity @s[tag=aj.corrupted_beacon_core.bone.2] run data modify entity @s {} merge value {transformation:[0.18432368936557253f,-0.8616724314616411f,-0.47632080524448955f,0f,0.8616724314616413f,0.37562500000000065f,-0.3460673219838804f,1.5f,0.4763208052444896f,-0.34606732198388057f,0.8103653560322394f,0f,0f,0f,0f,1f],start_interpolation:0}
execute if entity @s[tag=aj.corrupted_beacon_core.bone.3] run data modify entity @s {} merge value {transformation:[-0.3573573503575126f,-0.8054503868940722f,-0.47632080524448955f,0f,0.9178944760292105f,-0.20259133900805965f,-0.3460673219838804f,1.5f,0.1819383580546758f,-0.5599486893655725f,0.8103653560322394f,0f,0f,0f,0f,1f],start_interpolation:0}
execute if entity @s[tag=aj.corrupted_beacon_core.bone.4] run data modify entity @s {} merge value {transformation:[0.8054503868940723f,-0.3573573503575125f,-0.47632080524448955f,0f,0.20259133900805953f,0.9178944760292105f,-0.3460673219838804f,1.5f,0.5599486893655725f,0.18193835805467584f,0.8103653560322394f,0f,0f,0f,0f,1f],start_interpolation:0}
execute if entity @s[tag=aj.corrupted_beacon_core.bone.5] run data modify entity @s {} merge value {transformation:[0.8054503868940723f,-0.3573573503575125f,-0.47632080524448955f,0f,0.20259133900805953f,0.9178944760292105f,-0.3460673219838804f,1.5f,0.5599486893655725f,0.18193835805467584f,0.8103653560322394f,0f,0f,0f,0f,1f],start_interpolation:0}
execute if entity @s[tag=aj.corrupted_beacon_core.bone.6] run data modify entity @s {} merge value {transformation:[0.8054503868940723f,-0.3573573503575125f,-0.47632080524448955f,0f,0.20259133900805953f,0.9178944760292105f,-0.3460673219838804f,1.5f,0.5599486893655725f,0.18193835805467584f,0.8103653560322394f,0f,0f,0f,0f,1f],start_interpolation:0}
execute if entity @s[tag=aj.corrupted_beacon_core.bone.7] run data modify entity @s {} merge value {transformation:[-0.3573573503575126f,-0.8054503868940722f,-0.47632080524448955f,0f,0.9178944760292105f,-0.20259133900805965f,-0.3460673219838804f,1.5f,0.1819383580546758f,-0.5599486893655725f,0.8103653560322394f,0f,0f,0f,0f,1f],start_interpolation:0}
execute if entity @s[tag=aj.corrupted_beacon_core.bone.8] run data modify entity @s {} merge value {transformation:[-0.3573573503575126f,-0.8054503868940722f,-0.47632080524448955f,0f,0.9178944760292105f,-0.20259133900805965f,-0.3460673219838804f,1.5f,0.1819383580546758f,-0.5599486893655725f,0.8103653560322394f,0f,0f,0f,0f,1f],start_interpolation:0}
execute if entity @s[tag=aj.corrupted_beacon_core.bone.9] run data modify entity @s {} merge value {transformation:[-0.6545084971874737f,0.5877852522924731f,-0.47552825814757693f,0f,-0.4755282581475768f,-0.8090169943749479f,-0.34549150281252616f,1.5f,-0.5877852522924732f,7.198293278059966e-17f,0.8090169943749478f,0f,0f,0f,0f,1f],start_interpolation:0}
execute if entity @s[tag=aj.corrupted_beacon_core.bone.10] run data modify entity @s {} merge value {transformation:[-0.3567627457812106f,-0.8041102032220354f,-0.47552825814757693f,0f,0.9163671973669322f,-0.20225424859373675f,-0.34549150281252616f,1.5f,0.18163563200134022f,-0.5590169943749476f,0.8090169943749478f,0f,0f,0f,0f,1f],start_interpolation:0}
execute if entity @s[tag=aj.corrupted_beacon_core.bone.11] run data modify entity @s {} merge value {transformation:[-0.3567627457812106f,-0.8041102032220354f,-0.47552825814757693f,0f,0.9163671973669322f,-0.20225424859373675f,-0.34549150281252616f,1.5f,0.18163563200134022f,-0.5590169943749476f,0.8090169943749478f,0f,0f,0f,0f,1f],start_interpolation:0}
execute if entity @s[tag=aj.corrupted_beacon_core.bone.12] run data modify entity @s {} merge value {transformation:[-0.3567627457812106f,-0.8041102032220354f,-0.47552825814757693f,0f,0.9163671973669322f,-0.20225424859373675f,-0.34549150281252616f,1.5f,0.18163563200134022f,-0.5590169943749476f,0.8090169943749478f,0f,0f,0f,0f,1f],start_interpolation:0}
execute if entity @s[tag=aj.corrupted_beacon_core.bone.13] run data modify entity @s {} merge value {transformation:[-0.3567627457812106f,-0.8041102032220354f,-0.47552825814757693f,0f,0.9163671973669322f,-0.20225424859373675f,-0.34549150281252616f,1.5f,0.18163563200134022f,-0.5590169943749476f,0.8090169943749478f,0f,0f,0f,0f,1f],start_interpolation:0}
execute if entity @s[tag=aj.corrupted_beacon_core.bone.14] run data modify entity @s {} merge value {transformation:[-0.3567627457812106f,-0.8041102032220354f,-0.47552825814757693f,0f,0.9163671973669322f,-0.20225424859373675f,-0.34549150281252616f,1.5f,0.18163563200134022f,-0.5590169943749476f,0.8090169943749478f,0f,0f,0f,0f,1f],start_interpolation:0}
execute if entity @s[tag=aj.corrupted_beacon_core.bone.15] run data modify entity @s {} merge value {transformation:[0.18401699437494762f,-0.8602387002944836f,-0.47552825814757693f,0f,0.8602387002944838f,0.3750000000000006f,-0.34549150281252616f,1.5f,0.475528258147577f,-0.34549150281252633f,0.8090169943749478f,0f,0f,0f,0f,1f],start_interpolation:0}
execute if entity @s[tag=aj.corrupted_beacon_core.bone.16] run data modify entity @s {} merge value {transformation:[0.18401699437494762f,-0.8602387002944836f,-0.47552825814757693f,0f,0.8602387002944838f,0.3750000000000006f,-0.34549150281252616f,1.5f,0.475528258147577f,-0.34549150281252633f,0.8090169943749478f,0f,0f,0f,0f,1f],start_interpolation:0}
execute if entity @s[tag=aj.corrupted_beacon_core.bone.17] run data modify entity @s {} merge value {transformation:[0.18401699437494762f,-0.8602387002944836f,-0.47552825814757693f,0f,0.8602387002944838f,0.3750000000000006f,-0.34549150281252616f,1.5f,0.475528258147577f,-0.34549150281252633f,0.8090169943749478f,0f,0f,0f,0f,1f],start_interpolation:0}
execute if entity @s[tag=aj.corrupted_beacon_core.bone.18] run data modify entity @s {} merge value {transformation:[0.18401699437494762f,-0.8602387002944836f,-0.47552825814757693f,0f,0.8602387002944838f,0.3750000000000006f,-0.34549150281252616f,1.5f,0.475528258147577f,-0.34549150281252633f,0.8090169943749478f,0f,0f,0f,0f,1f],start_interpolation:0}
execute if entity @s[tag=aj.corrupted_beacon_core.bone.19] run data modify entity @s {} merge value {transformation:[0.18401699437494762f,-0.8602387002944836f,-0.47552825814757693f,0f,0.8602387002944838f,0.3750000000000006f,-0.34549150281252616f,1.5f,0.475528258147577f,-0.34549150281252633f,0.8090169943749478f,0f,0f,0f,0f,1f],start_interpolation:0}
execute if entity @s[tag=aj.corrupted_beacon_core.bone.20] run data modify entity @s {} merge value {transformation:[0.18401699437494762f,-0.8602387002944836f,-0.47552825814757693f,0f,0.8602387002944838f,0.3750000000000006f,-0.34549150281252616f,1.5f,0.475528258147577f,-0.34549150281252633f,0.8090169943749478f,0f,0f,0f,0f,1f],start_interpolation:0}
execute if entity @s[tag=aj.corrupted_beacon_core.bone.21] run data modify entity @s {} merge value {transformation:[0.8041102032220355f,-0.3567627457812105f,-0.47552825814757693f,0f,0.20225424859373664f,0.9163671973669322f,-0.34549150281252616f,1.5f,0.5590169943749476f,0.18163563200134028f,0.8090169943749478f,0f,0f,0f,0f,1f],start_interpolation:0}
execute if entity @s[tag=aj.corrupted_beacon_core.bone.22] run data modify entity @s {} merge value {transformation:[0.8041102032220355f,-0.3567627457812105f,-0.47552825814757693f,0f,0.20225424859373664f,0.9163671973669322f,-0.34549150281252616f,1.5f,0.5590169943749476f,0.18163563200134028f,0.8090169943749478f,0f,0f,0f,0f,1f],start_interpolation:0}
execute if entity @s[tag=aj.corrupted_beacon_core.bone.23] run data modify entity @s {} merge value {transformation:[0.8041102032220355f,-0.3567627457812105f,-0.47552825814757693f,0f,0.20225424859373664f,0.9163671973669322f,-0.34549150281252616f,1.5f,0.5590169943749476f,0.18163563200134028f,0.8090169943749478f,0f,0f,0f,0f,1f],start_interpolation:0}
execute if entity @s[tag=aj.corrupted_beacon_core.bone.24] run data modify entity @s {} merge value {transformation:[0.8041102032220355f,-0.3567627457812105f,-0.47552825814757693f,0f,0.20225424859373664f,0.9163671973669322f,-0.34549150281252616f,1.5f,0.5590169943749476f,0.18163563200134028f,0.8090169943749478f,0f,0f,0f,0f,1f],start_interpolation:0}
execute if entity @s[tag=aj.corrupted_beacon_core.bone.25] run data modify entity @s {} merge value {transformation:[0.8041102032220355f,-0.3567627457812105f,-0.47552825814757693f,0f,0.20225424859373664f,0.9163671973669322f,-0.34549150281252616f,1.5f,0.5590169943749476f,0.18163563200134028f,0.8090169943749478f,0f,0f,0f,0f,1f],start_interpolation:0}
execute if entity @s[tag=aj.corrupted_beacon_core.bone.26] run data modify entity @s {} merge value {transformation:[0.8041102032220355f,-0.3567627457812105f,-0.47552825814757693f,0f,0.20225424859373664f,0.9163671973669322f,-0.34549150281252616f,1.5f,0.5590169943749476f,0.18163563200134028f,0.8090169943749478f,0f,0f,0f,0f,1f],start_interpolation:0}
execute if entity @s[tag=aj.corrupted_beacon_core.bone.27] run data modify entity @s {} merge value {transformation:[0.18432368936557253f,-0.8616724314616411f,-0.47632080524448955f,0f,0.8616724314616413f,0.37562500000000065f,-0.3460673219838804f,1.5f,0.4763208052444896f,-0.34606732198388057f,0.8103653560322394f,0f,0f,0f,0f,1f],start_interpolation:0}