execute if entity @s[tag=aj.corrupted_beacon_core.bone.exterior] run data modify entity @s {} merge value {transformation:[-4.803345100912291f,-1.2732922222840557f,1.2332894057003898f,0f,1.2332894057003905f,-4.959145784978594f,-0.3166548990877087f,1.5025f,1.2732922222840553f,-1.736968928339414e-16f,4.959145784978594f,0f,0f,0f,0f,1f],start_interpolation:0}
execute if entity @s[tag=aj.corrupted_beacon_core.bone.1] run data modify entity @s {} merge value {transformation:[0.8482442558366313f,-0.4749763954664503f,-0.24127829844594237f,0f,0.47497639546645043f,0.8797134561061195f,-0.061949737744698224f,1.5f,0.2412782984459424f,-0.06194973774469829f,0.9701974663971793f,0f,0f,0f,0f,1f],start_interpolation:0}
execute if entity @s[tag=aj.corrupted_beacon_core.bone.2] run data modify entity @s {} merge value {transformation:[0.8482442558366313f,-0.4749763954664503f,-0.24127829844594237f,0f,0.47497639546645043f,0.8797134561061195f,-0.061949737744698224f,1.5f,0.2412782984459424f,-0.06194973774469829f,0.9701974663971793f,0f,0f,0f,0f,1f],start_interpolation:0}
execute if entity @s[tag=aj.corrupted_beacon_core.bone.3] run data modify entity @s {} merge value {transformation:[-0.12936234660945753f,-0.9635280364835455f,-0.24127829844594237f,0f,0.992787358923824f,-0.11777776133690779f,-0.061949737744698224f,1.5f,0.031221056225968317f,-0.24714010794636523f,0.9701974663971793f,0f,0f,0f,0f,1f],start_interpolation:0}
execute if entity @s[tag=aj.corrupted_beacon_core.bone.4] run data modify entity @s {} merge value {transformation:[0.9172390431299546f,0.32216987998288554f,-0.24127829844594237f,0f,-0.34577527545744635f,0.9380499986604135f,-0.061949737744698224f,1.5f,0.20602938565040502f,0.1400174259016455f,0.9701974663971793f,0f,0f,0f,0f,1f],start_interpolation:0}
execute if entity @s[tag=aj.corrupted_beacon_core.bone.5] run data modify entity @s {} merge value {transformation:[0.9172390431299546f,0.32216987998288554f,-0.24127829844594237f,0f,-0.34577527545744635f,0.9380499986604135f,-0.061949737744698224f,1.5f,0.20602938565040502f,0.1400174259016455f,0.9701974663971793f,0f,0f,0f,0f,1f],start_interpolation:0}
execute if entity @s[tag=aj.corrupted_beacon_core.bone.6] run data modify entity @s {} merge value {transformation:[0.9172390431299546f,0.32216987998288554f,-0.24127829844594237f,0f,-0.34577527545744635f,0.9380499986604135f,-0.061949737744698224f,1.5f,0.20602938565040502f,0.1400174259016455f,0.9701974663971793f,0f,0f,0f,0f,1f],start_interpolation:0}
execute if entity @s[tag=aj.corrupted_beacon_core.bone.7] run data modify entity @s {} merge value {transformation:[-0.12936234660945753f,-0.9635280364835455f,-0.24127829844594237f,0f,0.992787358923824f,-0.11777776133690779f,-0.061949737744698224f,1.5f,0.031221056225968317f,-0.24714010794636523f,0.9701974663971793f,0f,0f,0f,0f,1f],start_interpolation:0}
execute if entity @s[tag=aj.corrupted_beacon_core.bone.8] run data modify entity @s {} merge value {transformation:[-0.12936234660945753f,-0.9635280364835455f,-0.24127829844594237f,0f,0.992787358923824f,-0.11777776133690779f,-0.061949737744698224f,1.5f,0.031221056225968317f,-0.24714010794636523f,0.9701974663971793f,0f,0f,0f,0f,1f],start_interpolation:0}
execute if entity @s[tag=aj.corrupted_beacon_core.bone.9] run data modify entity @s {} merge value {transformation:[-0.9381533400219318f,0.24868988716485463f,-0.2408768370508576f,0f,-0.2408768370508575f,-0.9685831611286315f,-0.06184665997806811f,1.5f,-0.24868988716485474f,2.698628047772195e-17f,0.9685831611286315f,0f,0f,0f,0f,1f],start_interpolation:0}
execute if entity @s[tag=aj.corrupted_beacon_core.bone.10] run data modify entity @s {} merge value {transformation:[-0.1291471014403902f,-0.9619248284361518f,-0.2408768370508576f,0f,0.9911354664796911f,-0.11758179168410095f,-0.06184665997806811f,1.5f,0.03116910771311313f,-0.24672889312449106f,0.9685831611286315f,0f,0f,0f,0f,1f],start_interpolation:0}
execute if entity @s[tag=aj.corrupted_beacon_core.bone.11] run data modify entity @s {} merge value {transformation:[-0.1291471014403902f,-0.9619248284361518f,-0.2408768370508576f,0f,0.9911354664796911f,-0.11758179168410095f,-0.06184665997806811f,1.5f,0.03116910771311313f,-0.24672889312449106f,0.9685831611286315f,0f,0f,0f,0f,1f],start_interpolation:0}
execute if entity @s[tag=aj.corrupted_beacon_core.bone.12] run data modify entity @s {} merge value {transformation:[-0.1291471014403902f,-0.9619248284361518f,-0.2408768370508576f,0f,0.9911354664796911f,-0.11758179168410095f,-0.06184665997806811f,1.5f,0.03116910771311313f,-0.24672889312449106f,0.9685831611286315f,0f,0f,0f,0f,1f],start_interpolation:0}
execute if entity @s[tag=aj.corrupted_beacon_core.bone.13] run data modify entity @s {} merge value {transformation:[-0.1291471014403902f,-0.9619248284361518f,-0.2408768370508576f,0f,0.9911354664796911f,-0.11758179168410095f,-0.06184665997806811f,1.5f,0.03116910771311313f,-0.24672889312449106f,0.9685831611286315f,0f,0f,0f,0f,1f],start_interpolation:0}
execute if entity @s[tag=aj.corrupted_beacon_core.bone.14] run data modify entity @s {} merge value {transformation:[-0.1291471014403902f,-0.9619248284361518f,-0.2408768370508576f,0f,0.9911354664796911f,-0.11758179168410095f,-0.06184665997806811f,1.5f,0.03116910771311313f,-0.24672889312449106f,0.9685831611286315f,0f,0f,0f,0f,1f],start_interpolation:0}
execute if entity @s[tag=aj.corrupted_beacon_core.bone.15] run data modify entity @s {} merge value {transformation:[0.8468328677237583f,-0.4741860853242432f,-0.2408768370508576f,0f,0.47418608532424333f,0.8782497065951276f,-0.06184665997806811f,1.5f,0.24087683705085763f,-0.06184665997806817f,0.9685831611286315f,0f,0f,0f,0f,1f],start_interpolation:0}
execute if entity @s[tag=aj.corrupted_beacon_core.bone.16] run data modify entity @s {} merge value {transformation:[0.8468328677237583f,-0.4741860853242432f,-0.2408768370508576f,0f,0.47418608532424333f,0.8782497065951276f,-0.06184665997806811f,1.5f,0.24087683705085763f,-0.06184665997806817f,0.9685831611286315f,0f,0f,0f,0f,1f],start_interpolation:0}
execute if entity @s[tag=aj.corrupted_beacon_core.bone.17] run data modify entity @s {} merge value {transformation:[0.8468328677237583f,-0.4741860853242432f,-0.2408768370508576f,0f,0.47418608532424333f,0.8782497065951276f,-0.06184665997806811f,1.5f,0.24087683705085763f,-0.06184665997806817f,0.9685831611286315f,0f,0f,0f,0f,1f],start_interpolation:0}
execute if entity @s[tag=aj.corrupted_beacon_core.bone.18] run data modify entity @s {} merge value {transformation:[0.8468328677237583f,-0.4741860853242432f,-0.2408768370508576f,0f,0.47418608532424333f,0.8782497065951276f,-0.06184665997806811f,1.5f,0.24087683705085763f,-0.06184665997806817f,0.9685831611286315f,0f,0f,0f,0f,1f],start_interpolation:0}
execute if entity @s[tag=aj.corrupted_beacon_core.bone.19] run data modify entity @s {} merge value {transformation:[0.8468328677237583f,-0.4741860853242432f,-0.2408768370508576f,0f,0.47418608532424333f,0.8782497065951276f,-0.06184665997806811f,1.5f,0.24087683705085763f,-0.06184665997806817f,0.9685831611286315f,0f,0f,0f,0f,1f],start_interpolation:0}
execute if entity @s[tag=aj.corrupted_beacon_core.bone.20] run data modify entity @s {} merge value {transformation:[0.8468328677237583f,-0.4741860853242432f,-0.2408768370508576f,0f,0.47418608532424333f,0.8782497065951276f,-0.06184665997806811f,1.5f,0.24087683705085763f,-0.06184665997806817f,0.9685831611286315f,0f,0f,0f,0f,1f],start_interpolation:0}
execute if entity @s[tag=aj.corrupted_beacon_core.bone.21] run data modify entity @s {} merge value {transformation:[0.9157128550382242f,0.3216338236102019f,-0.2408768370508576f,0f,-0.34519994222041234f,0.9364891833548221f,-0.06184665997806811f,1.5f,0.20568657469258403f,0.1397844518152867f,0.9685831611286315f,0f,0f,0f,0f,1f],start_interpolation:0}
execute if entity @s[tag=aj.corrupted_beacon_core.bone.22] run data modify entity @s {} merge value {transformation:[0.9157128550382242f,0.3216338236102019f,-0.2408768370508576f,0f,-0.34519994222041234f,0.9364891833548221f,-0.06184665997806811f,1.5f,0.20568657469258403f,0.1397844518152867f,0.9685831611286315f,0f,0f,0f,0f,1f],start_interpolation:0}
execute if entity @s[tag=aj.corrupted_beacon_core.bone.23] run data modify entity @s {} merge value {transformation:[0.9157128550382242f,0.3216338236102019f,-0.2408768370508576f,0f,-0.34519994222041234f,0.9364891833548221f,-0.06184665997806811f,1.5f,0.20568657469258403f,0.1397844518152867f,0.9685831611286315f,0f,0f,0f,0f,1f],start_interpolation:0}
execute if entity @s[tag=aj.corrupted_beacon_core.bone.24] run data modify entity @s {} merge value {transformation:[0.9157128550382242f,0.3216338236102019f,-0.2408768370508576f,0f,-0.34519994222041234f,0.9364891833548221f,-0.06184665997806811f,1.5f,0.20568657469258403f,0.1397844518152867f,0.9685831611286315f,0f,0f,0f,0f,1f],start_interpolation:0}
execute if entity @s[tag=aj.corrupted_beacon_core.bone.25] run data modify entity @s {} merge value {transformation:[0.9157128550382242f,0.3216338236102019f,-0.2408768370508576f,0f,-0.34519994222041234f,0.9364891833548221f,-0.06184665997806811f,1.5f,0.20568657469258403f,0.1397844518152867f,0.9685831611286315f,0f,0f,0f,0f,1f],start_interpolation:0}
execute if entity @s[tag=aj.corrupted_beacon_core.bone.26] run data modify entity @s {} merge value {transformation:[0.9157128550382242f,0.3216338236102019f,-0.2408768370508576f,0f,-0.34519994222041234f,0.9364891833548221f,-0.06184665997806811f,1.5f,0.20568657469258403f,0.1397844518152867f,0.9685831611286315f,0f,0f,0f,0f,1f],start_interpolation:0}
execute if entity @s[tag=aj.corrupted_beacon_core.bone.27] run data modify entity @s {} merge value {transformation:[0.8482442558366313f,-0.4749763954664503f,-0.24127829844594237f,0f,0.47497639546645043f,0.8797134561061195f,-0.061949737744698224f,1.5f,0.2412782984459424f,-0.06194973774469829f,0.9701974663971793f,0f,0f,0f,0f,1f],start_interpolation:0}