execute if entity @s[tag=aj.corrupted_beacon_core.bone.exterior] run data modify entity @s {} merge value {transformation:[-5.0395728924892955f,-0.6417061558492398f,-0.6366461111420296f,0f,-0.6366461111420303f,5.079627270730127f,-0.08042710751070488f,1.5025f,0.6417061558492393f,-8.746812317239365e-17f,-5.079627270730127f,0f,0f,0f,0f,1f],start_interpolation:0}
execute if entity @s[tag=aj.corrupted_beacon_core.bone.1] run data modify entity @s {} merge value {transformation:[-0.9938922978384283f,0.000982131181882156f,0.12455218515506529f,0f,-0.000982131181882156f,1.0015425946449068f,-0.01573460013474402f,1.5f,-0.12455218515506528f,-0.015734600134744016f,-0.9937682258166686f,0f,0f,0f,0f,1f],start_interpolation:0}
execute if entity @s[tag=aj.corrupted_beacon_core.bone.2] run data modify entity @s {} merge value {transformation:[-0.9938922978384283f,0.000982131181882156f,0.12455218515506529f,0f,-0.000982131181882156f,1.0015425946449068f,-0.01573460013474402f,1.5f,-0.12455218515506528f,-0.015734600134744016f,-0.9937682258166686f,0f,0f,0f,0f,1f],start_interpolation:0}
execute if entity @s[tag=aj.corrupted_beacon_core.bone.3] run data modify entity @s {} merge value {transformation:[0.9761036997321721f,-0.18720158026409783f,0.12455218515506529f,0f,-0.18670563305965487f,-0.98398655481338f,-0.01573460013474402f,1.5f,0.12529439358594874f,-0.007882855081207832f,-0.9937682258166686f,0f,0f,0f,0f,1f],start_interpolation:0}
execute if entity @s[tag=aj.corrupted_beacon_core.bone.4] run data modify entity @s {} merge value {transformation:[-0.03220055807644199f,-0.9933710225005433f,0.12455218515506529f,0f,-1.0010792433192384f,0.030477566587444556f,-0.01573460013474402f,1.5f,0.011814557378847878f,-0.12498496190439816f,-0.9937682258166686f,0f,0f,0f,0f,1f],start_interpolation:0}
execute if entity @s[tag=aj.corrupted_beacon_core.bone.5] run data modify entity @s {} merge value {transformation:[-0.03220055807644199f,-0.9933710225005433f,0.12455218515506529f,0f,-1.0010792433192384f,0.030477566587444556f,-0.01573460013474402f,1.5f,0.011814557378847878f,-0.12498496190439816f,-0.9937682258166686f,0f,0f,0f,0f,1f],start_interpolation:0}
execute if entity @s[tag=aj.corrupted_beacon_core.bone.6] run data modify entity @s {} merge value {transformation:[-0.03220055807644199f,-0.9933710225005433f,0.12455218515506529f,0f,-1.0010792433192384f,0.030477566587444556f,-0.01573460013474402f,1.5f,0.011814557378847878f,-0.12498496190439816f,-0.9937682258166686f,0f,0f,0f,0f,1f],start_interpolation:0}
execute if entity @s[tag=aj.corrupted_beacon_core.bone.7] run data modify entity @s {} merge value {transformation:[0.9761036997321721f,-0.18720158026409783f,0.12455218515506529f,0f,-0.18670563305965487f,-0.98398655481338f,-0.01573460013474402f,1.5f,0.12529439358594874f,-0.007882855081207832f,-0.9937682258166686f,0f,0f,0f,0f,1f],start_interpolation:0}
execute if entity @s[tag=aj.corrupted_beacon_core.bone.8] run data modify entity @s {} merge value {transformation:[0.9761036997321721f,-0.18720158026409783f,0.12455218515506529f,0f,-0.18670563305965487f,-0.98398655481338f,-0.01573460013474402f,1.5f,0.12529439358594874f,-0.007882855081207832f,-0.9937682258166686f,0f,0f,0f,0f,1f],start_interpolation:0}
execute if entity @s[tag=aj.corrupted_beacon_core.bone.9] run data modify entity @s {} merge value {transformation:[-0.9842915805643154f,0.12533323356430465f,0.12434494358242791f,0f,0.12434494358242779f,0.9921147013144778f,-0.015708419435684545f,1.5f,-0.12533323356430476f,1.3614170855154522e-17f,-0.9921147013144778f,0f,0f,0f,0f,1f],start_interpolation:0}
execute if entity @s[tag=aj.corrupted_beacon_core.bone.10] run data modify entity @s {} merge value {transformation:[0.9744795671203049f,-0.186890096769482f,0.12434494358242791f,0f,-0.18639497476837424f,-0.9823493059700965f,-0.015708419435684545f,1.5f,0.12508591705751954f,-0.007869738849791513f,-0.9921147013144778f,0f,0f,0f,0f,1f],start_interpolation:0}
execute if entity @s[tag=aj.corrupted_beacon_core.bone.11] run data modify entity @s {} merge value {transformation:[0.9744795671203049f,-0.186890096769482f,0.12434494358242791f,0f,-0.18639497476837424f,-0.9823493059700965f,-0.015708419435684545f,1.5f,0.12508591705751954f,-0.007869738849791513f,-0.9921147013144778f,0f,0f,0f,0f,1f],start_interpolation:0}
execute if entity @s[tag=aj.corrupted_beacon_core.bone.12] run data modify entity @s {} merge value {transformation:[0.9744795671203049f,-0.186890096769482f,0.12434494358242791f,0f,-0.18639497476837424f,-0.9823493059700965f,-0.015708419435684545f,1.5f,0.12508591705751954f,-0.007869738849791513f,-0.9921147013144778f,0f,0f,0f,0f,1f],start_interpolation:0}
execute if entity @s[tag=aj.corrupted_beacon_core.bone.13] run data modify entity @s {} merge value {transformation:[0.9744795671203049f,-0.186890096769482f,0.12434494358242791f,0f,-0.18639497476837424f,-0.9823493059700965f,-0.015708419435684545f,1.5f,0.12508591705751954f,-0.007869738849791513f,-0.9921147013144778f,0f,0f,0f,0f,1f],start_interpolation:0}
execute if entity @s[tag=aj.corrupted_beacon_core.bone.14] run data modify entity @s {} merge value {transformation:[0.9744795671203049f,-0.186890096769482f,0.12434494358242791f,0f,-0.18639497476837424f,-0.9823493059700965f,-0.015708419435684545f,1.5f,0.12508591705751954f,-0.007869738849791513f,-0.9921147013144778f,0f,0f,0f,0f,1f],start_interpolation:0}
execute if entity @s[tag=aj.corrupted_beacon_core.bone.15] run data modify entity @s {} merge value {transformation:[-0.9922385668936056f,0.000980497020181853f,0.12434494358242791f,0f,-0.000980497020181853f,0.9998761344208721f,-0.015708419435684545f,1.5f,-0.1243449435824279f,-0.015708419435684542f,-0.9921147013144778f,0f,0f,0f,0f,1f],start_interpolation:0}
execute if entity @s[tag=aj.corrupted_beacon_core.bone.16] run data modify entity @s {} merge value {transformation:[-0.9922385668936056f,0.000980497020181853f,0.12434494358242791f,0f,-0.000980497020181853f,0.9998761344208721f,-0.015708419435684545f,1.5f,-0.1243449435824279f,-0.015708419435684542f,-0.9921147013144778f,0f,0f,0f,0f,1f],start_interpolation:0}
execute if entity @s[tag=aj.corrupted_beacon_core.bone.17] run data modify entity @s {} merge value {transformation:[-0.9922385668936056f,0.000980497020181853f,0.12434494358242791f,0f,-0.000980497020181853f,0.9998761344208721f,-0.015708419435684545f,1.5f,-0.1243449435824279f,-0.015708419435684542f,-0.9921147013144778f,0f,0f,0f,0f,1f],start_interpolation:0}
execute if entity @s[tag=aj.corrupted_beacon_core.bone.18] run data modify entity @s {} merge value {transformation:[-0.9922385668936056f,0.000980497020181853f,0.12434494358242791f,0f,-0.000980497020181853f,0.9998761344208721f,-0.015708419435684545f,1.5f,-0.1243449435824279f,-0.015708419435684542f,-0.9921147013144778f,0f,0f,0f,0f,1f],start_interpolation:0}
execute if entity @s[tag=aj.corrupted_beacon_core.bone.19] run data modify entity @s {} merge value {transformation:[-0.9922385668936056f,0.000980497020181853f,0.12434494358242791f,0f,-0.000980497020181853f,0.9998761344208721f,-0.015708419435684545f,1.5f,-0.1243449435824279f,-0.015708419435684542f,-0.9921147013144778f,0f,0f,0f,0f,1f],start_interpolation:0}
execute if entity @s[tag=aj.corrupted_beacon_core.bone.20] run data modify entity @s {} merge value {transformation:[-0.9922385668936056f,0.000980497020181853f,0.12434494358242791f,0f,-0.000980497020181853f,0.9998761344208721f,-0.015708419435684545f,1.5f,-0.1243449435824279f,-0.015708419435684542f,-0.9921147013144778f,0f,0f,0f,0f,1f],start_interpolation:0}
execute if entity @s[tag=aj.corrupted_beacon_core.bone.21] run data modify entity @s {} merge value {transformation:[-0.032146979776813966f,-0.9917181589023727f,0.12434494358242791f,0f,-0.9994135540624675f,0.030426855162174263f,-0.015708419435684545f,1.5f,0.011794899213492058f,-0.12477700023733593f,-0.9921147013144778f,0f,0f,0f,0f,1f],start_interpolation:0}
execute if entity @s[tag=aj.corrupted_beacon_core.bone.22] run data modify entity @s {} merge value {transformation:[-0.032146979776813966f,-0.9917181589023727f,0.12434494358242791f,0f,-0.9994135540624675f,0.030426855162174263f,-0.015708419435684545f,1.5f,0.011794899213492058f,-0.12477700023733593f,-0.9921147013144778f,0f,0f,0f,0f,1f],start_interpolation:0}
execute if entity @s[tag=aj.corrupted_beacon_core.bone.23] run data modify entity @s {} merge value {transformation:[-0.032146979776813966f,-0.9917181589023727f,0.12434494358242791f,0f,-0.9994135540624675f,0.030426855162174263f,-0.015708419435684545f,1.5f,0.011794899213492058f,-0.12477700023733593f,-0.9921147013144778f,0f,0f,0f,0f,1f],start_interpolation:0}
execute if entity @s[tag=aj.corrupted_beacon_core.bone.24] run data modify entity @s {} merge value {transformation:[-0.032146979776813966f,-0.9917181589023727f,0.12434494358242791f,0f,-0.9994135540624675f,0.030426855162174263f,-0.015708419435684545f,1.5f,0.011794899213492058f,-0.12477700023733593f,-0.9921147013144778f,0f,0f,0f,0f,1f],start_interpolation:0}
execute if entity @s[tag=aj.corrupted_beacon_core.bone.25] run data modify entity @s {} merge value {transformation:[-0.032146979776813966f,-0.9917181589023727f,0.12434494358242791f,0f,-0.9994135540624675f,0.030426855162174263f,-0.015708419435684545f,1.5f,0.011794899213492058f,-0.12477700023733593f,-0.9921147013144778f,0f,0f,0f,0f,1f],start_interpolation:0}
execute if entity @s[tag=aj.corrupted_beacon_core.bone.26] run data modify entity @s {} merge value {transformation:[-0.032146979776813966f,-0.9917181589023727f,0.12434494358242791f,0f,-0.9994135540624675f,0.030426855162174263f,-0.015708419435684545f,1.5f,0.011794899213492058f,-0.12477700023733593f,-0.9921147013144778f,0f,0f,0f,0f,1f],start_interpolation:0}
execute if entity @s[tag=aj.corrupted_beacon_core.bone.27] run data modify entity @s {} merge value {transformation:[-0.9938922978384283f,0.000982131181882156f,0.12455218515506529f,0f,-0.000982131181882156f,1.0015425946449068f,-0.01573460013474402f,1.5f,-0.12455218515506528f,-0.015734600134744016f,-0.9937682258166686f,0f,0f,0f,0f,1f],start_interpolation:0}