execute if entity @s[tag=aj.corrupted_beacon_core.bone.exterior] run data modify entity @s {} merge value {transformation:[-5.099813635365064f,-0.32148745999008216f,0.32085307792461587f,0f,0.3208530779246165f,-5.109896849552753f,-0.020186364634936445f,1.5025f,0.3214874599900815f,-3.937085888428669e-17f,5.109896849552753f,0f,0f,0f,0f,1f],start_interpolation:0}
execute if entity @s[tag=aj.corrupted_beacon_core.bone.1] run data modify entity @s {} merge value {transformation:[0.9917994583433829f,-0.12541825793642888f,-0.06277106114345538f,0f,0.12541825793642888f,0.9937760187010646f,-0.00394922042499896f,1.5f,0.06277106114345539f,-0.003949220424998977f,0.9996901063089858f,0f,0f,0f,0f,1f],start_interpolation:0}
execute if entity @s[tag=aj.corrupted_beacon_core.bone.2] run data modify entity @s {} merge value {transformation:[0.9917994583433829f,-0.12541825793642888f,-0.06277106114345538f,0f,0.12541825793642888f,0.9937760187010646f,-0.00394922042499896f,1.5f,0.06277106114345539f,-0.003949220424998977f,0.9996901063089858f,0f,0f,0f,0f,1f],start_interpolation:0}
execute if entity @s[tag=aj.corrupted_beacon_core.bone.3] run data modify entity @s {} merge value {transformation:[-0.03152507309337604f,-0.9992007179543522f,-0.06277106114345538f,0f,1.0011685062672024f,-0.03133906233194241f,-0.00394922042499896f,1.5f,0.0019755850444612686f,-0.06286413542531817f,0.9996901063089858f,0f,0f,0f,0f,1f],start_interpolation:0}
execute if entity @s[tag=aj.corrupted_beacon_core.bone.4] run data modify entity @s {} merge value {transformation:[0.7802720839582826f,0.6249571025193925f,-0.06277106114345538f,0f,-0.6263765224913598f,0.7816475976044304f,-0.00394922042499896f,1.5f,0.046519223748264484f,0.04232923671529581f,0.9996901063089858f,0f,0f,0f,0f,1f],start_interpolation:0}
execute if entity @s[tag=aj.corrupted_beacon_core.bone.5] run data modify entity @s {} merge value {transformation:[0.7802720839582826f,0.6249571025193925f,-0.06277106114345538f,0f,-0.6263765224913598f,0.7816475976044304f,-0.00394922042499896f,1.5f,0.046519223748264484f,0.04232923671529581f,0.9996901063089858f,0f,0f,0f,0f,1f],start_interpolation:0}
execute if entity @s[tag=aj.corrupted_beacon_core.bone.6] run data modify entity @s {} merge value {transformation:[0.7802720839582826f,0.6249571025193925f,-0.06277106114345538f,0f,-0.6263765224913598f,0.7816475976044304f,-0.00394922042499896f,1.5f,0.046519223748264484f,0.04232923671529581f,0.9996901063089858f,0f,0f,0f,0f,1f],start_interpolation:0}
execute if entity @s[tag=aj.corrupted_beacon_core.bone.7] run data modify entity @s {} merge value {transformation:[-0.03152507309337604f,-0.9992007179543522f,-0.06277106114345538f,0f,1.0011685062672024f,-0.03133906233194241f,-0.00394922042499896f,1.5f,0.0019755850444612686f,-0.06286413542531817f,0.9996901063089858f,0f,0f,0f,0f,1f],start_interpolation:0}
execute if entity @s[tag=aj.corrupted_beacon_core.bone.8] run data modify entity @s {} merge value {transformation:[-0.03152507309337604f,-0.9992007179543522f,-0.06277106114345538f,0f,1.0011685062672024f,-0.03133906233194241f,-0.00394922042499896f,1.5f,0.0019755850444612686f,-0.06286413542531817f,0.9996901063089858f,0f,0f,0f,0f,1f],start_interpolation:0}
execute if entity @s[tag=aj.corrupted_beacon_core.bone.9] run data modify entity @s {} merge value {transformation:[-0.996057350657239f,0.06279051952931292f,-0.06266661678215178f,0f,-0.06266661678215166f,-0.998026728428272f,-0.003942649342761025f,1.5f,-0.06279051952931304f,7.689620875837244e-18f,0.998026728428272f,0f,0f,0f,0f,1f],start_interpolation:0}
execute if entity @s[tag=aj.corrupted_beacon_core.bone.10] run data modify entity @s {} merge value {transformation:[-0.03147261872882799f,-0.9975381543637459f,-0.06266661678215178f,0f,0.9995026684863917f,-0.031286917469493254f,-0.003942649342761025f,1.5f,0.0019722978813257255f,-0.06275953619832096f,0.998026728428272f,0f,0f,0f,0f,1f],start_interpolation:0}
execute if entity @s[tag=aj.corrupted_beacon_core.bone.11] run data modify entity @s {} merge value {transformation:[-0.03147261872882799f,-0.9975381543637459f,-0.06266661678215178f,0f,0.9995026684863917f,-0.031286917469493254f,-0.003942649342761025f,1.5f,0.0019722978813257255f,-0.06275953619832096f,0.998026728428272f,0f,0f,0f,0f,1f],start_interpolation:0}
execute if entity @s[tag=aj.corrupted_beacon_core.bone.12] run data modify entity @s {} merge value {transformation:[-0.03147261872882799f,-0.9975381543637459f,-0.06266661678215178f,0f,0.9995026684863917f,-0.031286917469493254f,-0.003942649342761025f,1.5f,0.0019722978813257255f,-0.06275953619832096f,0.998026728428272f,0f,0f,0f,0f,1f],start_interpolation:0}
execute if entity @s[tag=aj.corrupted_beacon_core.bone.13] run data modify entity @s {} merge value {transformation:[-0.03147261872882799f,-0.9975381543637459f,-0.06266661678215178f,0f,0.9995026684863917f,-0.031286917469493254f,-0.003942649342761025f,1.5f,0.0019722978813257255f,-0.06275953619832096f,0.998026728428272f,0f,0f,0f,0f,1f],start_interpolation:0}
execute if entity @s[tag=aj.corrupted_beacon_core.bone.14] run data modify entity @s {} merge value {transformation:[-0.03147261872882799f,-0.9975381543637459f,-0.06266661678215178f,0f,0.9995026684863917f,-0.031286917469493254f,-0.003942649342761025f,1.5f,0.0019722978813257255f,-0.06275953619832096f,0.998026728428272f,0f,0f,0f,0f,1f],start_interpolation:0}
execute if entity @s[tag=aj.corrupted_beacon_core.bone.15] run data modify entity @s {} merge value {transformation:[0.9901492096606151f,-0.1252095753109107f,-0.06266661678215178f,0f,0.1252095753109107f,0.9921224812323439f,-0.003942649342761025f,1.5f,0.0626666167821518f,-0.003942649342761041f,0.998026728428272f,0f,0f,0f,0f,1f],start_interpolation:0}
execute if entity @s[tag=aj.corrupted_beacon_core.bone.16] run data modify entity @s {} merge value {transformation:[0.9901492096606151f,-0.1252095753109107f,-0.06266661678215178f,0f,0.1252095753109107f,0.9921224812323439f,-0.003942649342761025f,1.5f,0.0626666167821518f,-0.003942649342761041f,0.998026728428272f,0f,0f,0f,0f,1f],start_interpolation:0}
execute if entity @s[tag=aj.corrupted_beacon_core.bone.17] run data modify entity @s {} merge value {transformation:[0.9901492096606151f,-0.1252095753109107f,-0.06266661678215178f,0f,0.1252095753109107f,0.9921224812323439f,-0.003942649342761025f,1.5f,0.0626666167821518f,-0.003942649342761041f,0.998026728428272f,0f,0f,0f,0f,1f],start_interpolation:0}
execute if entity @s[tag=aj.corrupted_beacon_core.bone.18] run data modify entity @s {} merge value {transformation:[0.9901492096606151f,-0.1252095753109107f,-0.06266661678215178f,0f,0.1252095753109107f,0.9921224812323439f,-0.003942649342761025f,1.5f,0.0626666167821518f,-0.003942649342761041f,0.998026728428272f,0f,0f,0f,0f,1f],start_interpolation:0}
execute if entity @s[tag=aj.corrupted_beacon_core.bone.19] run data modify entity @s {} merge value {transformation:[0.9901492096606151f,-0.1252095753109107f,-0.06266661678215178f,0f,0.1252095753109107f,0.9921224812323439f,-0.003942649342761025f,1.5f,0.0626666167821518f,-0.003942649342761041f,0.998026728428272f,0f,0f,0f,0f,1f],start_interpolation:0}
execute if entity @s[tag=aj.corrupted_beacon_core.bone.20] run data modify entity @s {} merge value {transformation:[0.9901492096606151f,-0.1252095753109107f,-0.06266661678215178f,0f,0.1252095753109107f,0.9921224812323439f,-0.003942649342761025f,1.5f,0.0626666167821518f,-0.003942649342761041f,0.998026728428272f,0f,0f,0f,0f,1f],start_interpolation:0}
execute if entity @s[tag=aj.corrupted_beacon_core.bone.21] run data modify entity @s {} merge value {transformation:[0.778973794301114f,0.6239172404519725f,-0.06266661678215178f,0f,-0.6253342986602594f,0.7803470192390319f,-0.003942649342761025f,1.5f,0.04644182071374158f,0.04225880537300746f,0.998026728428272f,0f,0f,0f,0f,1f],start_interpolation:0}
execute if entity @s[tag=aj.corrupted_beacon_core.bone.22] run data modify entity @s {} merge value {transformation:[0.778973794301114f,0.6239172404519725f,-0.06266661678215178f,0f,-0.6253342986602594f,0.7803470192390319f,-0.003942649342761025f,1.5f,0.04644182071374158f,0.04225880537300746f,0.998026728428272f,0f,0f,0f,0f,1f],start_interpolation:0}
execute if entity @s[tag=aj.corrupted_beacon_core.bone.23] run data modify entity @s {} merge value {transformation:[0.778973794301114f,0.6239172404519725f,-0.06266661678215178f,0f,-0.6253342986602594f,0.7803470192390319f,-0.003942649342761025f,1.5f,0.04644182071374158f,0.04225880537300746f,0.998026728428272f,0f,0f,0f,0f,1f],start_interpolation:0}
execute if entity @s[tag=aj.corrupted_beacon_core.bone.24] run data modify entity @s {} merge value {transformation:[0.778973794301114f,0.6239172404519725f,-0.06266661678215178f,0f,-0.6253342986602594f,0.7803470192390319f,-0.003942649342761025f,1.5f,0.04644182071374158f,0.04225880537300746f,0.998026728428272f,0f,0f,0f,0f,1f],start_interpolation:0}
execute if entity @s[tag=aj.corrupted_beacon_core.bone.25] run data modify entity @s {} merge value {transformation:[0.778973794301114f,0.6239172404519725f,-0.06266661678215178f,0f,-0.6253342986602594f,0.7803470192390319f,-0.003942649342761025f,1.5f,0.04644182071374158f,0.04225880537300746f,0.998026728428272f,0f,0f,0f,0f,1f],start_interpolation:0}
execute if entity @s[tag=aj.corrupted_beacon_core.bone.26] run data modify entity @s {} merge value {transformation:[0.778973794301114f,0.6239172404519725f,-0.06266661678215178f,0f,-0.6253342986602594f,0.7803470192390319f,-0.003942649342761025f,1.5f,0.04644182071374158f,0.04225880537300746f,0.998026728428272f,0f,0f,0f,0f,1f],start_interpolation:0}
execute if entity @s[tag=aj.corrupted_beacon_core.bone.27] run data modify entity @s {} merge value {transformation:[0.9917994583433829f,-0.12541825793642888f,-0.06277106114345538f,0f,0.12541825793642888f,0.9937760187010646f,-0.00394922042499896f,1.5f,0.06277106114345539f,-0.003949220424998977f,0.9996901063089858f,0f,0f,0f,0f,1f],start_interpolation:0}