execute if entity @s[tag=aj.corrupted_beacon_core.bone.exterior] run data modify entity @s {} merge value {transformation:[-1.1882834048537683f,4.486690201824581f,2.161479489285159f,0f,2.1614794892851585f,2.466578811400782f,-3.931716595146231f,1.5025f,-4.486690201824581f,2.6524398513898656e-16f,-2.466578811400782f,0f,0f,0f,0f,1f],start_interpolation:0}
execute if entity @s[tag=aj.corrupted_beacon_core.bone.1] run data modify entity @s {} merge value {transformation:[-0.881188174243648f,-0.21914956416007375f,-0.4228675693555925f,0f,0.21914956416007392f,0.6030350893149033f,-0.7691932531519808f,1.5f,0.42286756935559233f,-0.769193253151981f,-0.4825565968918848f,0f,0f,0f,0f,1f],start_interpolation:0}
execute if entity @s[tag=aj.corrupted_beacon_core.bone.2] run data modify entity @s {} merge value {transformation:[-0.881188174243648f,-0.21914956416007375f,-0.4228675693555925f,0f,0.21914956416007392f,0.6030350893149033f,-0.7691932531519808f,1.5f,0.42286756935559233f,-0.769193253151981f,-0.4825565968918848f,0f,0f,0f,0f,1f],start_interpolation:0}
execute if entity @s[tag=aj.corrupted_beacon_core.bone.3] run data modify entity @s {} merge value {transformation:[0.24672021652294743f,-0.8738697069113188f,-0.4228675693555925f,0f,-0.6096211820628897f,0.2000996371731567f,-0.7691932531519808f,1.5f,0.7555311113714817f,0.4468198536961041f,-0.4825565968918848f,0f,0f,0f,0f,1f],start_interpolation:0}
execute if entity @s[tag=aj.corrupted_beacon_core.bone.4] run data modify entity @s {} merge value {transformation:[-0.7921289266304927f,-0.44390414899348246f,-0.4228675693555925f,0f,0.052257629608727776f,0.6394896328825518f,-0.7691932531519808f,1.5f,0.6108494207691546f,-0.6303477032981262f,-0.4825565968918848f,0f,0f,0f,0f,1f],start_interpolation:0}
execute if entity @s[tag=aj.corrupted_beacon_core.bone.5] run data modify entity @s {} merge value {transformation:[-0.7921289266304927f,-0.44390414899348246f,-0.4228675693555925f,0f,0.052257629608727776f,0.6394896328825518f,-0.7691932531519808f,1.5f,0.6108494207691546f,-0.6303477032981262f,-0.4825565968918848f,0f,0f,0f,0f,1f],start_interpolation:0}
execute if entity @s[tag=aj.corrupted_beacon_core.bone.6] run data modify entity @s {} merge value {transformation:[-0.7921289266304927f,-0.44390414899348246f,-0.4228675693555925f,0f,0.052257629608727776f,0.6394896328825518f,-0.7691932531519808f,1.5f,0.6108494207691546f,-0.6303477032981262f,-0.4825565968918848f,0f,0f,0f,0f,1f],start_interpolation:0}
execute if entity @s[tag=aj.corrupted_beacon_core.bone.7] run data modify entity @s {} merge value {transformation:[0.24672021652294743f,-0.8738697069113188f,-0.4228675693555925f,0f,-0.6096211820628897f,0.2000996371731567f,-0.7691932531519808f,1.5f,0.7555311113714817f,0.4468198536961041f,-0.4825565968918848f,0f,0f,0f,0f,1f],start_interpolation:0}
execute if entity @s[tag=aj.corrupted_beacon_core.bone.8] run data modify entity @s {} merge value {transformation:[0.24672021652294743f,-0.8738697069113188f,-0.4228675693555925f,0f,-0.6096211820628897f,0.2000996371731567f,-0.7691932531519808f,1.5f,0.7555311113714817f,0.4468198536961041f,-0.4825565968918848f,0f,0f,0f,0f,1f],start_interpolation:0}
execute if entity @s[tag=aj.corrupted_beacon_core.bone.9] run data modify entity @s {} merge value {transformation:[-0.23208660251050184f,-0.8763066800438636f,-0.4221639627510075f,0f,-0.42216396275100754f,0.4817536741017152f,-0.7679133974894983f,1.5f,0.8763066800438636f,-1.6282776830997396e-16f,-0.48175367410171527f,0f,0f,0f,0f,1f],start_interpolation:0}
execute if entity @s[tag=aj.corrupted_beacon_core.bone.10] run data modify entity @s {} merge value {transformation:[0.24630970035568794f,-0.872415680776691f,-0.4221639627510075f,0f,-0.6086068373339997f,0.19976669268534777f,-0.7679133974894983f,1.5f,0.7542739880580516f,0.4460763930410357f,-0.48175367410171527f,0f,0f,0f,0f,1f],start_interpolation:0}
execute if entity @s[tag=aj.corrupted_beacon_core.bone.11] run data modify entity @s {} merge value {transformation:[0.24630970035568794f,-0.872415680776691f,-0.4221639627510075f,0f,-0.6086068373339997f,0.19976669268534777f,-0.7679133974894983f,1.5f,0.7542739880580516f,0.4460763930410357f,-0.48175367410171527f,0f,0f,0f,0f,1f],start_interpolation:0}
execute if entity @s[tag=aj.corrupted_beacon_core.bone.12] run data modify entity @s {} merge value {transformation:[0.24630970035568794f,-0.872415680776691f,-0.4221639627510075f,0f,-0.6086068373339997f,0.19976669268534777f,-0.7679133974894983f,1.5f,0.7542739880580516f,0.4460763930410357f,-0.48175367410171527f,0f,0f,0f,0f,1f],start_interpolation:0}
execute if entity @s[tag=aj.corrupted_beacon_core.bone.13] run data modify entity @s {} merge value {transformation:[0.24630970035568794f,-0.872415680776691f,-0.4221639627510075f,0f,-0.6086068373339997f,0.19976669268534777f,-0.7679133974894983f,1.5f,0.7542739880580516f,0.4460763930410357f,-0.48175367410171527f,0f,0f,0f,0f,1f],start_interpolation:0}
execute if entity @s[tag=aj.corrupted_beacon_core.bone.14] run data modify entity @s {} merge value {transformation:[0.24630970035568794f,-0.872415680776691f,-0.4221639627510075f,0f,-0.6086068373339997f,0.19976669268534777f,-0.7679133974894983f,1.5f,0.7542739880580516f,0.4460763930410357f,-0.48175367410171527f,0f,0f,0f,0f,1f],start_interpolation:0}
execute if entity @s[tag=aj.corrupted_beacon_core.bone.15] run data modify entity @s {} merge value {transformation:[-0.8797219709587168f,-0.2187849226223698f,-0.4221639627510075f,0f,0.21878492262236995f,0.6020317031429984f,-0.7679133974894983f,1.5f,0.4221639627510073f,-0.7679133974894984f,-0.48175367410171527f,0f,0f,0f,0f,1f],start_interpolation:0}
execute if entity @s[tag=aj.corrupted_beacon_core.bone.16] run data modify entity @s {} merge value {transformation:[-0.8797219709587168f,-0.2187849226223698f,-0.4221639627510075f,0f,0.21878492262236995f,0.6020317031429984f,-0.7679133974894983f,1.5f,0.4221639627510073f,-0.7679133974894984f,-0.48175367410171527f,0f,0f,0f,0f,1f],start_interpolation:0}
execute if entity @s[tag=aj.corrupted_beacon_core.bone.17] run data modify entity @s {} merge value {transformation:[-0.8797219709587168f,-0.2187849226223698f,-0.4221639627510075f,0f,0.21878492262236995f,0.6020317031429984f,-0.7679133974894983f,1.5f,0.4221639627510073f,-0.7679133974894984f,-0.48175367410171527f,0f,0f,0f,0f,1f],start_interpolation:0}
execute if entity @s[tag=aj.corrupted_beacon_core.bone.18] run data modify entity @s {} merge value {transformation:[-0.8797219709587168f,-0.2187849226223698f,-0.4221639627510075f,0f,0.21878492262236995f,0.6020317031429984f,-0.7679133974894983f,1.5f,0.4221639627510073f,-0.7679133974894984f,-0.48175367410171527f,0f,0f,0f,0f,1f],start_interpolation:0}
execute if entity @s[tag=aj.corrupted_beacon_core.bone.19] run data modify entity @s {} merge value {transformation:[-0.8797219709587168f,-0.2187849226223698f,-0.4221639627510075f,0f,0.21878492262236995f,0.6020317031429984f,-0.7679133974894983f,1.5f,0.4221639627510073f,-0.7679133974894984f,-0.48175367410171527f,0f,0f,0f,0f,1f],start_interpolation:0}
execute if entity @s[tag=aj.corrupted_beacon_core.bone.20] run data modify entity @s {} merge value {transformation:[-0.8797219709587168f,-0.2187849226223698f,-0.4221639627510075f,0f,0.21878492262236995f,0.6020317031429984f,-0.7679133974894983f,1.5f,0.4221639627510073f,-0.7679133974894984f,-0.48175367410171527f,0f,0f,0f,0f,1f],start_interpolation:0}
execute if entity @s[tag=aj.corrupted_beacon_core.bone.21] run data modify entity @s {} merge value {transformation:[-0.7908109084497431f,-0.4431655397605482f,-0.4221639627510075f,0f,0.05217067847793122f,0.6384255902321648f,-0.7679133974894983f,1.5f,0.6098330323818515f,-0.6292988718450511f,-0.48175367410171527f,0f,0f,0f,0f,1f],start_interpolation:0}
execute if entity @s[tag=aj.corrupted_beacon_core.bone.22] run data modify entity @s {} merge value {transformation:[-0.7908109084497431f,-0.4431655397605482f,-0.4221639627510075f,0f,0.05217067847793122f,0.6384255902321648f,-0.7679133974894983f,1.5f,0.6098330323818515f,-0.6292988718450511f,-0.48175367410171527f,0f,0f,0f,0f,1f],start_interpolation:0}
execute if entity @s[tag=aj.corrupted_beacon_core.bone.23] run data modify entity @s {} merge value {transformation:[-0.7908109084497431f,-0.4431655397605482f,-0.4221639627510075f,0f,0.05217067847793122f,0.6384255902321648f,-0.7679133974894983f,1.5f,0.6098330323818515f,-0.6292988718450511f,-0.48175367410171527f,0f,0f,0f,0f,1f],start_interpolation:0}
execute if entity @s[tag=aj.corrupted_beacon_core.bone.24] run data modify entity @s {} merge value {transformation:[-0.7908109084497431f,-0.4431655397605482f,-0.4221639627510075f,0f,0.05217067847793122f,0.6384255902321648f,-0.7679133974894983f,1.5f,0.6098330323818515f,-0.6292988718450511f,-0.48175367410171527f,0f,0f,0f,0f,1f],start_interpolation:0}
execute if entity @s[tag=aj.corrupted_beacon_core.bone.25] run data modify entity @s {} merge value {transformation:[-0.7908109084497431f,-0.4431655397605482f,-0.4221639627510075f,0f,0.05217067847793122f,0.6384255902321648f,-0.7679133974894983f,1.5f,0.6098330323818515f,-0.6292988718450511f,-0.48175367410171527f,0f,0f,0f,0f,1f],start_interpolation:0}
execute if entity @s[tag=aj.corrupted_beacon_core.bone.26] run data modify entity @s {} merge value {transformation:[-0.7908109084497431f,-0.4431655397605482f,-0.4221639627510075f,0f,0.05217067847793122f,0.6384255902321648f,-0.7679133974894983f,1.5f,0.6098330323818515f,-0.6292988718450511f,-0.48175367410171527f,0f,0f,0f,0f,1f],start_interpolation:0}
execute if entity @s[tag=aj.corrupted_beacon_core.bone.27] run data modify entity @s {} merge value {transformation:[-0.881188174243648f,-0.21914956416007375f,-0.4228675693555925f,0f,0.21914956416007392f,0.6030350893149033f,-0.7691932531519808f,1.5f,0.42286756935559233f,-0.769193253151981f,-0.4825565968918848f,0f,0f,0f,0f,1f],start_interpolation:0}