execute if entity @s[tag=aj.corrupted_beacon_core.bone.exterior] run data modify entity @s {} merge value {transformation:[-2.399256270004953f,-3.7323193723976305f,-2.554948424776374f,0f,-2.5549484247763745f,3.5048811823548824f,-2.720743729995047f,1.5025f,3.73231937239763f,-1.728602029762016e-16f,-3.504881182354883f,0f,0f,0f,0f,1f],start_interpolation:0}
execute if entity @s[tag=aj.corrupted_beacon_core.bone.1] run data modify entity @s {} merge value {transformation:[-0.8535975739814212f,0.15767756860481363f,0.4998450531544927f,0f,-0.15767756860481352f,0.8337571104571478f,-0.5322809185309321f,1.5f,-0.4998450531544928f,-0.5322809185309321f,-0.6856880177719024f,0f,0f,0f,0f,1f],start_interpolation:0}
execute if entity @s[tag=aj.corrupted_beacon_core.bone.2] run data modify entity @s {} merge value {transformation:[-0.8535975739814212f,0.15767756860481363f,0.4998450531544927f,0f,-0.15767756860481352f,0.8337571104571478f,-0.5322809185309321f,1.5f,-0.4998450531544928f,-0.5322809185309321f,-0.6856880177719024f,0f,0f,0f,0f,1f],start_interpolation:0}
execute if entity @s[tag=aj.corrupted_beacon_core.bone.3] run data modify entity @s {} merge value {transformation:[0.1407900749411619f,-0.8565449134436299f,0.4998450531544927f,0f,-0.7310546595494463f,-0.43078094158170654f,-0.5322809185309321f,1.5f,0.6701293536774945f,-0.2899908666405446f,-0.6856880177719024f,0f,0f,0f,0f,1f],start_interpolation:0}
execute if entity @s[tag=aj.corrupted_beacon_core.bone.4] run data modify entity @s {} merge value {transformation:[-0.3275002152517856f,-0.8038872078582464f,0.4998450531544927f,0f,-0.8484089887534914f,0.014673877512654875f,-0.5322809185309321f,1.5f,0.41985939065766215f,-0.5973994856640965f,-0.6856880177719024f,0f,0f,0f,0f,1f],start_interpolation:0}
execute if entity @s[tag=aj.corrupted_beacon_core.bone.5] run data modify entity @s {} merge value {transformation:[-0.3275002152517856f,-0.8038872078582464f,0.4998450531544927f,0f,-0.8484089887534914f,0.014673877512654875f,-0.5322809185309321f,1.5f,0.41985939065766215f,-0.5973994856640965f,-0.6856880177719024f,0f,0f,0f,0f,1f],start_interpolation:0}
execute if entity @s[tag=aj.corrupted_beacon_core.bone.6] run data modify entity @s {} merge value {transformation:[-0.3275002152517856f,-0.8038872078582464f,0.4998450531544927f,0f,-0.8484089887534914f,0.014673877512654875f,-0.5322809185309321f,1.5f,0.41985939065766215f,-0.5973994856640965f,-0.6856880177719024f,0f,0f,0f,0f,1f],start_interpolation:0}
execute if entity @s[tag=aj.corrupted_beacon_core.bone.7] run data modify entity @s {} merge value {transformation:[0.1407900749411619f,-0.8565449134436299f,0.4998450531544927f,0f,-0.7310546595494463f,-0.43078094158170654f,-0.5322809185309321f,1.5f,0.6701293536774945f,-0.2899908666405446f,-0.6856880177719024f,0f,0f,0f,0f,1f],start_interpolation:0}
execute if entity @s[tag=aj.corrupted_beacon_core.bone.8] run data modify entity @s {} merge value {transformation:[0.1407900749411619f,-0.8565449134436299f,0.4998450531544927f,0f,-0.7310546595494463f,-0.43078094158170654f,-0.5322809185309321f,1.5f,0.6701293536774945f,-0.2899908666405446f,-0.6856880177719024f,0f,0f,0f,0f,1f],start_interpolation:0}
execute if entity @s[tag=aj.corrupted_beacon_core.bone.9] run data modify entity @s {} merge value {transformation:[-0.46860474023534215f,0.7289686274214122f,0.4990133642141358f,0f,0.49901336421413567f,0.684547105928688f,-0.5313952597646576f,1.5f,-0.7289686274214123f,1.4478406085630503e-16f,-0.6845471059286878f,0f,0f,0f,0f,1f],start_interpolation:0}
execute if entity @s[tag=aj.corrupted_beacon_core.bone.10] run data modify entity @s {} merge value {transformation:[0.14055581524908012f,-0.8551197139204292f,0.4990133642141358f,0f,-0.7298382624453706f,-0.43006416796842584f,-0.5313952597646576f,1.5f,0.6690143297945036f,-0.28950835271934566f,-0.6845471059286878f,0f,0f,0f,0f,1f],start_interpolation:0}
execute if entity @s[tag=aj.corrupted_beacon_core.bone.11] run data modify entity @s {} merge value {transformation:[0.14055581524908012f,-0.8551197139204292f,0.4990133642141358f,0f,-0.7298382624453706f,-0.43006416796842584f,-0.5313952597646576f,1.5f,0.6690143297945036f,-0.28950835271934566f,-0.6845471059286878f,0f,0f,0f,0f,1f],start_interpolation:0}
execute if entity @s[tag=aj.corrupted_beacon_core.bone.12] run data modify entity @s {} merge value {transformation:[0.14055581524908012f,-0.8551197139204292f,0.4990133642141358f,0f,-0.7298382624453706f,-0.43006416796842584f,-0.5313952597646576f,1.5f,0.6690143297945036f,-0.28950835271934566f,-0.6845471059286878f,0f,0f,0f,0f,1f],start_interpolation:0}
execute if entity @s[tag=aj.corrupted_beacon_core.bone.13] run data modify entity @s {} merge value {transformation:[0.14055581524908012f,-0.8551197139204292f,0.4990133642141358f,0f,-0.7298382624453706f,-0.43006416796842584f,-0.5313952597646576f,1.5f,0.6690143297945036f,-0.28950835271934566f,-0.6845471059286878f,0f,0f,0f,0f,1f],start_interpolation:0}
execute if entity @s[tag=aj.corrupted_beacon_core.bone.14] run data modify entity @s {} merge value {transformation:[0.14055581524908012f,-0.8551197139204292f,0.4990133642141358f,0f,-0.7298382624453706f,-0.43006416796842584f,-0.5313952597646576f,1.5f,0.6690143297945036f,-0.28950835271934566f,-0.6845471059286878f,0f,0f,0f,0f,1f],start_interpolation:0}
execute if entity @s[tag=aj.corrupted_beacon_core.bone.15] run data modify entity @s {} merge value {transformation:[-0.8521772785172258f,0.15741520992161095f,0.4990133642141358f,0f,-0.15741520992161084f,0.832369827411462f,-0.5313952597646576f,1.5f,-0.4990133642141359f,-0.5313952597646576f,-0.6845471059286878f,0f,0f,0f,0f,1f],start_interpolation:0}
execute if entity @s[tag=aj.corrupted_beacon_core.bone.16] run data modify entity @s {} merge value {transformation:[-0.8521772785172258f,0.15741520992161095f,0.4990133642141358f,0f,-0.15741520992161084f,0.832369827411462f,-0.5313952597646576f,1.5f,-0.4990133642141359f,-0.5313952597646576f,-0.6845471059286878f,0f,0f,0f,0f,1f],start_interpolation:0}
execute if entity @s[tag=aj.corrupted_beacon_core.bone.17] run data modify entity @s {} merge value {transformation:[-0.8521772785172258f,0.15741520992161095f,0.4990133642141358f,0f,-0.15741520992161084f,0.832369827411462f,-0.5313952597646576f,1.5f,-0.4990133642141359f,-0.5313952597646576f,-0.6845471059286878f,0f,0f,0f,0f,1f],start_interpolation:0}
execute if entity @s[tag=aj.corrupted_beacon_core.bone.18] run data modify entity @s {} merge value {transformation:[-0.8521772785172258f,0.15741520992161095f,0.4990133642141358f,0f,-0.15741520992161084f,0.832369827411462f,-0.5313952597646576f,1.5f,-0.4990133642141359f,-0.5313952597646576f,-0.6845471059286878f,0f,0f,0f,0f,1f],start_interpolation:0}
execute if entity @s[tag=aj.corrupted_beacon_core.bone.19] run data modify entity @s {} merge value {transformation:[-0.8521772785172258f,0.15741520992161095f,0.4990133642141358f,0f,-0.15741520992161084f,0.832369827411462f,-0.5313952597646576f,1.5f,-0.4990133642141359f,-0.5313952597646576f,-0.6845471059286878f,0f,0f,0f,0f,1f],start_interpolation:0}
execute if entity @s[tag=aj.corrupted_beacon_core.bone.20] run data modify entity @s {} merge value {transformation:[-0.8521772785172258f,0.15741520992161095f,0.4990133642141358f,0f,-0.15741520992161084f,0.832369827411462f,-0.5313952597646576f,1.5f,-0.4990133642141359f,-0.5313952597646576f,-0.6845471059286878f,0f,0f,0f,0f,1f],start_interpolation:0}
execute if entity @s[tag=aj.corrupted_beacon_core.bone.21] run data modify entity @s {} merge value {transformation:[-0.3269552897688375f,-0.8025496251496637f,0.4990133642141358f,0f,-0.846997326542587f,0.01464946174308307f,-0.5313952597646576f,1.5f,0.419160789342092f,-0.5964054765365356f,-0.6845471059286878f,0f,0f,0f,0f,1f],start_interpolation:0}
execute if entity @s[tag=aj.corrupted_beacon_core.bone.22] run data modify entity @s {} merge value {transformation:[-0.3269552897688375f,-0.8025496251496637f,0.4990133642141358f,0f,-0.846997326542587f,0.01464946174308307f,-0.5313952597646576f,1.5f,0.419160789342092f,-0.5964054765365356f,-0.6845471059286878f,0f,0f,0f,0f,1f],start_interpolation:0}
execute if entity @s[tag=aj.corrupted_beacon_core.bone.23] run data modify entity @s {} merge value {transformation:[-0.3269552897688375f,-0.8025496251496637f,0.4990133642141358f,0f,-0.846997326542587f,0.01464946174308307f,-0.5313952597646576f,1.5f,0.419160789342092f,-0.5964054765365356f,-0.6845471059286878f,0f,0f,0f,0f,1f],start_interpolation:0}
execute if entity @s[tag=aj.corrupted_beacon_core.bone.24] run data modify entity @s {} merge value {transformation:[-0.3269552897688375f,-0.8025496251496637f,0.4990133642141358f,0f,-0.846997326542587f,0.01464946174308307f,-0.5313952597646576f,1.5f,0.419160789342092f,-0.5964054765365356f,-0.6845471059286878f,0f,0f,0f,0f,1f],start_interpolation:0}
execute if entity @s[tag=aj.corrupted_beacon_core.bone.25] run data modify entity @s {} merge value {transformation:[-0.3269552897688375f,-0.8025496251496637f,0.4990133642141358f,0f,-0.846997326542587f,0.01464946174308307f,-0.5313952597646576f,1.5f,0.419160789342092f,-0.5964054765365356f,-0.6845471059286878f,0f,0f,0f,0f,1f],start_interpolation:0}
execute if entity @s[tag=aj.corrupted_beacon_core.bone.26] run data modify entity @s {} merge value {transformation:[-0.3269552897688375f,-0.8025496251496637f,0.4990133642141358f,0f,-0.846997326542587f,0.01464946174308307f,-0.5313952597646576f,1.5f,0.419160789342092f,-0.5964054765365356f,-0.6845471059286878f,0f,0f,0f,0f,1f],start_interpolation:0}
execute if entity @s[tag=aj.corrupted_beacon_core.bone.27] run data modify entity @s {} merge value {transformation:[-0.8535975739814212f,0.15767756860481363f,0.4998450531544927f,0f,-0.15767756860481352f,0.8337571104571478f,-0.5322809185309321f,1.5f,-0.4998450531544928f,-0.5322809185309321f,-0.6856880177719024f,0f,0f,0f,0f,1f],start_interpolation:0}