execute if entity @s[tag=aj.corrupted_beacon_core.bone.exterior] run data modify entity @s {} merge value {transformation:[-4.426159686198814f,-1.8847977097455506f,-1.7524405911774423f,0f,-1.752440591177443f,4.760455607747848f,-0.6938403138011862f,1.5025f,1.8847977097455502f,-2.3082114822801504e-16f,-4.760455607747848f,0f,0f,0f,0f,1f],start_interpolation:0}
execute if entity @s[tag=aj.corrupted_beacon_core.bone.1] run data modify entity @s {} merge value {transformation:[-0.9408583617194123f,0.02407571109613105f,0.3428440088859517f,0f,-0.024075711096130995f,0.9921344183119863f,-0.13574154576644298f,1.5f,-0.3428440088859516f,-0.13574154576644296f,-0.9313261133647319f,0f,0f,0f,0f,1f],start_interpolation:0}
execute if entity @s[tag=aj.corrupted_beacon_core.bone.2] run data modify entity @s {} merge value {transformation:[-0.9408583617194123f,0.02407571109613105f,0.3428440088859517f,0f,-0.024075711096130995f,0.9921344183119863f,-0.13574154576644298f,1.5f,-0.3428440088859516f,-0.13574154576644296f,-0.9313261133647319f,0f,0f,0f,0f,1f],start_interpolation:0}
execute if entity @s[tag=aj.corrupted_beacon_core.bone.3] run data modify entity @s {} merge value {transformation:[0.7814925776282958f,-0.5244649156940842f,0.3428440088859517f,0f,-0.5112844103476805f,-0.8505872063459881f,-0.13574154576644298f,1.5f,0.3622067282069979f,-0.06909462871769237f,-0.9313261133647319f,0f,0f,0f,0f,1f],start_interpolation:0}
execute if entity @s[tag=aj.corrupted_beacon_core.bone.4] run data modify entity @s {} merge value {transformation:[-0.11251145573111532f,-0.9344170744434126f,0.3428440088859517f,0f,-0.9899970152082157f,0.06939923445450642f,-0.13574154576644298f,1.5f,0.10287464857388409f,-0.35409686295822174f,-0.9313261133647319f,0f,0f,0f,0f,1f],start_interpolation:0}
execute if entity @s[tag=aj.corrupted_beacon_core.bone.5] run data modify entity @s {} merge value {transformation:[-0.11251145573111532f,-0.9344170744434126f,0.3428440088859517f,0f,-0.9899970152082157f,0.06939923445450642f,-0.13574154576644298f,1.5f,0.10287464857388409f,-0.35409686295822174f,-0.9313261133647319f,0f,0f,0f,0f,1f],start_interpolation:0}
execute if entity @s[tag=aj.corrupted_beacon_core.bone.6] run data modify entity @s {} merge value {transformation:[-0.11251145573111532f,-0.9344170744434126f,0.3428440088859517f,0f,-0.9899970152082157f,0.06939923445450642f,-0.13574154576644298f,1.5f,0.10287464857388409f,-0.35409686295822174f,-0.9313261133647319f,0f,0f,0f,0f,1f],start_interpolation:0}
execute if entity @s[tag=aj.corrupted_beacon_core.bone.7] run data modify entity @s {} merge value {transformation:[0.7814925776282958f,-0.5244649156940842f,0.3428440088859517f,0f,-0.5112844103476805f,-0.8505872063459881f,-0.13574154576644298f,1.5f,0.3622067282069979f,-0.06909462871769237f,-0.9313261133647319f,0f,0f,0f,0f,1f],start_interpolation:0}
execute if entity @s[tag=aj.corrupted_beacon_core.bone.8] run data modify entity @s {} merge value {transformation:[0.7814925776282958f,-0.5244649156940842f,0.3428440088859517f,0f,-0.5112844103476805f,-0.8505872063459881f,-0.13574154576644298f,1.5f,0.3622067282069979f,-0.06909462871769237f,-0.9313261133647319f,0f,0f,0f,0f,1f],start_interpolation:0}
execute if entity @s[tag=aj.corrupted_beacon_core.bone.9] run data modify entity @s {} merge value {transformation:[-0.8644843137107059f,0.36812455268467786f,0.3422735529643444f,0f,0.3422735529643443f,0.9297764858882515f,-0.13551568628929417f,1.5f,-0.368124552684678f,4.508225551328419e-17f,-0.9297764858882515f,0f,0f,0f,0f,1f],start_interpolation:0}
execute if entity @s[tag=aj.corrupted_beacon_core.bone.10] run data modify entity @s {} merge value {transformation:[0.7801922571996297f,-0.5235922619242105f,0.3422735529643444f,0f,-0.5104336875351219f,-0.8491719198129664f,-0.13551568628929417f,1.5f,0.36160405478236063f,-0.06897966261333681f,-0.9297764858882515f,0f,0f,0f,0f,1f],start_interpolation:0}
execute if entity @s[tag=aj.corrupted_beacon_core.bone.11] run data modify entity @s {} merge value {transformation:[0.7801922571996297f,-0.5235922619242105f,0.3422735529643444f,0f,-0.5104336875351219f,-0.8491719198129664f,-0.13551568628929417f,1.5f,0.36160405478236063f,-0.06897966261333681f,-0.9297764858882515f,0f,0f,0f,0f,1f],start_interpolation:0}
execute if entity @s[tag=aj.corrupted_beacon_core.bone.12] run data modify entity @s {} merge value {transformation:[0.7801922571996297f,-0.5235922619242105f,0.3422735529643444f,0f,-0.5104336875351219f,-0.8491719198129664f,-0.13551568628929417f,1.5f,0.36160405478236063f,-0.06897966261333681f,-0.9297764858882515f,0f,0f,0f,0f,1f],start_interpolation:0}
execute if entity @s[tag=aj.corrupted_beacon_core.bone.13] run data modify entity @s {} merge value {transformation:[0.7801922571996297f,-0.5235922619242105f,0.3422735529643444f,0f,-0.5104336875351219f,-0.8491719198129664f,-0.13551568628929417f,1.5f,0.36160405478236063f,-0.06897966261333681f,-0.9297764858882515f,0f,0f,0f,0f,1f],start_interpolation:0}
execute if entity @s[tag=aj.corrupted_beacon_core.bone.14] run data modify entity @s {} merge value {transformation:[0.7801922571996297f,-0.5235922619242105f,0.3422735529643444f,0f,-0.5104336875351219f,-0.8491719198129664f,-0.13551568628929417f,1.5f,0.36160405478236063f,-0.06897966261333681f,-0.9297764858882515f,0f,0f,0f,0f,1f],start_interpolation:0}
execute if entity @s[tag=aj.corrupted_beacon_core.bone.15] run data modify entity @s {} merge value {transformation:[-0.939292873596751f,0.024035651676669934f,0.3422735529643444f,0f,-0.024035651676669878f,0.9904836122915005f,-0.13551568628929417f,1.5f,-0.34227355296434436f,-0.13551568628929414f,-0.9297764858882515f,0f,0f,0f,0f,1f],start_interpolation:0}
execute if entity @s[tag=aj.corrupted_beacon_core.bone.16] run data modify entity @s {} merge value {transformation:[-0.939292873596751f,0.024035651676669934f,0.3422735529643444f,0f,-0.024035651676669878f,0.9904836122915005f,-0.13551568628929417f,1.5f,-0.34227355296434436f,-0.13551568628929414f,-0.9297764858882515f,0f,0f,0f,0f,1f],start_interpolation:0}
execute if entity @s[tag=aj.corrupted_beacon_core.bone.17] run data modify entity @s {} merge value {transformation:[-0.939292873596751f,0.024035651676669934f,0.3422735529643444f,0f,-0.024035651676669878f,0.9904836122915005f,-0.13551568628929417f,1.5f,-0.34227355296434436f,-0.13551568628929414f,-0.9297764858882515f,0f,0f,0f,0f,1f],start_interpolation:0}
execute if entity @s[tag=aj.corrupted_beacon_core.bone.18] run data modify entity @s {} merge value {transformation:[-0.939292873596751f,0.024035651676669934f,0.3422735529643444f,0f,-0.024035651676669878f,0.9904836122915005f,-0.13551568628929417f,1.5f,-0.34227355296434436f,-0.13551568628929414f,-0.9297764858882515f,0f,0f,0f,0f,1f],start_interpolation:0}
execute if entity @s[tag=aj.corrupted_beacon_core.bone.19] run data modify entity @s {} merge value {transformation:[-0.939292873596751f,0.024035651676669934f,0.3422735529643444f,0f,-0.024035651676669878f,0.9904836122915005f,-0.13551568628929417f,1.5f,-0.34227355296434436f,-0.13551568628929414f,-0.9297764858882515f,0f,0f,0f,0f,1f],start_interpolation:0}
execute if entity @s[tag=aj.corrupted_beacon_core.bone.20] run data modify entity @s {} merge value {transformation:[-0.939292873596751f,0.024035651676669934f,0.3422735529643444f,0f,-0.024035651676669878f,0.9904836122915005f,-0.13551568628929417f,1.5f,-0.34227355296434436f,-0.13551568628929414f,-0.9297764858882515f,0f,0f,0f,0f,1f],start_interpolation:0}
execute if entity @s[tag=aj.corrupted_beacon_core.bone.21] run data modify entity @s {} merge value {transformation:[-0.11232424865003193f,-0.9328623039368511f,0.3422735529643444f,0f,-0.9883497655988842f,0.06928376151864202f,-0.13551568628929417f,1.5f,0.1027034761136946f,-0.35350768348574546f,-0.9297764858882515f,0f,0f,0f,0f,1f],start_interpolation:0}
execute if entity @s[tag=aj.corrupted_beacon_core.bone.22] run data modify entity @s {} merge value {transformation:[-0.11232424865003193f,-0.9328623039368511f,0.3422735529643444f,0f,-0.9883497655988842f,0.06928376151864202f,-0.13551568628929417f,1.5f,0.1027034761136946f,-0.35350768348574546f,-0.9297764858882515f,0f,0f,0f,0f,1f],start_interpolation:0}
execute if entity @s[tag=aj.corrupted_beacon_core.bone.23] run data modify entity @s {} merge value {transformation:[-0.11232424865003193f,-0.9328623039368511f,0.3422735529643444f,0f,-0.9883497655988842f,0.06928376151864202f,-0.13551568628929417f,1.5f,0.1027034761136946f,-0.35350768348574546f,-0.9297764858882515f,0f,0f,0f,0f,1f],start_interpolation:0}
execute if entity @s[tag=aj.corrupted_beacon_core.bone.24] run data modify entity @s {} merge value {transformation:[-0.11232424865003193f,-0.9328623039368511f,0.3422735529643444f,0f,-0.9883497655988842f,0.06928376151864202f,-0.13551568628929417f,1.5f,0.1027034761136946f,-0.35350768348574546f,-0.9297764858882515f,0f,0f,0f,0f,1f],start_interpolation:0}
execute if entity @s[tag=aj.corrupted_beacon_core.bone.25] run data modify entity @s {} merge value {transformation:[-0.11232424865003193f,-0.9328623039368511f,0.3422735529643444f,0f,-0.9883497655988842f,0.06928376151864202f,-0.13551568628929417f,1.5f,0.1027034761136946f,-0.35350768348574546f,-0.9297764858882515f,0f,0f,0f,0f,1f],start_interpolation:0}
execute if entity @s[tag=aj.corrupted_beacon_core.bone.26] run data modify entity @s {} merge value {transformation:[-0.11232424865003193f,-0.9328623039368511f,0.3422735529643444f,0f,-0.9883497655988842f,0.06928376151864202f,-0.13551568628929417f,1.5f,0.1027034761136946f,-0.35350768348574546f,-0.9297764858882515f,0f,0f,0f,0f,1f],start_interpolation:0}
execute if entity @s[tag=aj.corrupted_beacon_core.bone.27] run data modify entity @s {} merge value {transformation:[-0.9408583617194123f,0.02407571109613105f,0.3428440088859517f,0f,-0.024075711096130995f,0.9921344183119863f,-0.13574154576644298f,1.5f,-0.3428440088859516f,-0.13574154576644296f,-0.9313261133647319f,0f,0f,0f,0f,1f],start_interpolation:0}