execute if entity @s[tag=aj.corrupted_beacon_core.bone.exterior] run data modify entity @s {} merge value {transformation:[-0.9281945862433554f,4.6327145086260195f,-1.9725139015060205f,0f,-1.9725139015060202f,-2.179989972813172f,-4.1918054137566445f,1.5025f,-4.6327145086260195f,2.8312680513119567e-16f,2.1799899728131718f,0f,0f,0f,0f,1f],start_interpolation:0}
execute if entity @s[tag=aj.corrupted_beacon_core.bone.1] run data modify entity @s {} merge value {transformation:[-0.7427591886768355f,0.5502063975677081f,0.38589871575687434f,0f,-0.5502063975677077f,-0.1675814457278503f,-0.8200765148658019f,1.5f,-0.38589871575687457f,-0.8200765148658017f,0.4264889237176812f,0f,0f,0f,0f,1f],start_interpolation:0}
execute if entity @s[tag=aj.corrupted_beacon_core.bone.2] run data modify entity @s {} merge value {transformation:[-0.7427591886768355f,0.5502063975677081f,0.38589871575687434f,0f,-0.5502063975677077f,-0.1675814457278503f,-0.8200765148658019f,1.5f,-0.38589871575687457f,-0.8200765148658017f,0.4264889237176812f,0f,0f,0f,0f,1f],start_interpolation:0}
execute if entity @s[tag=aj.corrupted_beacon_core.bone.3] run data modify entity @s {} merge value {transformation:[0.6679431636877748f,-0.6389602666606685f,0.38589871575687434f,0f,0.5668713802626537f,0.09730086903920675f,-0.8200765148658019f,1.5f,0.48563863049904826f,0.7652440327269816f,0.4264889237176812f,0f,0f,0f,0f,1f],start_interpolation:0}
execute if entity @s[tag=aj.corrupted_beacon_core.bone.4] run data modify entity @s {} merge value {transformation:[-0.9159487922439841f,0.1243225734735778f,0.38589871575687434f,0f,-0.4014165644007831f,-0.4119166938852358f,-0.8200765148658019f,1.5f,0.05690925164303256f,-0.9045466522710008f,0.4264889237176812f,0f,0f,0f,0f,1f],start_interpolation:0}
execute if entity @s[tag=aj.corrupted_beacon_core.bone.5] run data modify entity @s {} merge value {transformation:[-0.9159487922439841f,0.1243225734735778f,0.38589871575687434f,0f,-0.4014165644007831f,-0.4119166938852358f,-0.8200765148658019f,1.5f,0.05690925164303256f,-0.9045466522710008f,0.4264889237176812f,0f,0f,0f,0f,1f],start_interpolation:0}
execute if entity @s[tag=aj.corrupted_beacon_core.bone.6] run data modify entity @s {} merge value {transformation:[-0.9159487922439841f,0.1243225734735778f,0.38589871575687434f,0f,-0.4014165644007831f,-0.4119166938852358f,-0.8200765148658019f,1.5f,0.05690925164303256f,-0.9045466522710008f,0.4264889237176812f,0f,0f,0f,0f,1f],start_interpolation:0}
execute if entity @s[tag=aj.corrupted_beacon_core.bone.7] run data modify entity @s {} merge value {transformation:[0.6679431636877748f,-0.6389602666606685f,0.38589871575687434f,0f,0.5668713802626537f,0.09730086903920675f,-0.8200765148658019f,1.5f,0.48563863049904826f,0.7652440327269816f,0.4264889237176812f,0f,0f,0f,0f,1f],start_interpolation:0}
execute if entity @s[tag=aj.corrupted_beacon_core.bone.8] run data modify entity @s {} merge value {transformation:[0.6679431636877748f,-0.6389602666606685f,0.38589871575687434f,0f,0.5668713802626537f,0.09730086903920675f,-0.8200765148658019f,1.5f,0.48563863049904826f,0.7652440327269816f,0.4264889237176812f,0f,0f,0f,0f,1f],start_interpolation:0}
execute if entity @s[tag=aj.corrupted_beacon_core.bone.9] run data modify entity @s {} merge value {transformation:[-0.18128800512565557f,-0.9048270524660194f,0.3852566213878945f,0f,0.38525662138789457f,-0.42577929156507266f,-0.8187119948743447f,1.5f,0.9048270524660194f,-1.663205065897023e-16f,0.4257792915650727f,0f,0f,0f,0f,1f],start_interpolation:0}
execute if entity @s[tag=aj.corrupted_beacon_core.bone.10] run data modify entity @s {} merge value {transformation:[0.6668317773921213f,-0.637897104819303f,0.3852566213878945f,0f,0.5659281666515678f,0.09713897075461572f,-0.8187119948743447f,1.5f,0.48483057953315967f,0.763970748146737f,0.4257792915650727f,0f,0f,0f,0f,1f],start_interpolation:0}
execute if entity @s[tag=aj.corrupted_beacon_core.bone.11] run data modify entity @s {} merge value {transformation:[0.6668317773921213f,-0.637897104819303f,0.3852566213878945f,0f,0.5659281666515678f,0.09713897075461572f,-0.8187119948743447f,1.5f,0.48483057953315967f,0.763970748146737f,0.4257792915650727f,0f,0f,0f,0f,1f],start_interpolation:0}
execute if entity @s[tag=aj.corrupted_beacon_core.bone.12] run data modify entity @s {} merge value {transformation:[0.6668317773921213f,-0.637897104819303f,0.3852566213878945f,0f,0.5659281666515678f,0.09713897075461572f,-0.8187119948743447f,1.5f,0.48483057953315967f,0.763970748146737f,0.4257792915650727f,0f,0f,0f,0f,1f],start_interpolation:0}
execute if entity @s[tag=aj.corrupted_beacon_core.bone.13] run data modify entity @s {} merge value {transformation:[0.6668317773921213f,-0.637897104819303f,0.3852566213878945f,0f,0.5659281666515678f,0.09713897075461572f,-0.8187119948743447f,1.5f,0.48483057953315967f,0.763970748146737f,0.4257792915650727f,0f,0f,0f,0f,1f],start_interpolation:0}
execute if entity @s[tag=aj.corrupted_beacon_core.bone.14] run data modify entity @s {} merge value {transformation:[0.6668317773921213f,-0.637897104819303f,0.3852566213878945f,0f,0.5659281666515678f,0.09713897075461572f,-0.8187119948743447f,1.5f,0.48483057953315967f,0.763970748146737f,0.4257792915650727f,0f,0f,0f,0f,1f],start_interpolation:0}
execute if entity @s[tag=aj.corrupted_beacon_core.bone.15] run data modify entity @s {} merge value {transformation:[-0.7415233164826976f,0.5492909127131861f,0.3852566213878945f,0f,-0.5492909127131858f,-0.16730260804777067f,-0.8187119948743447f,1.5f,-0.38525662138789474f,-0.8187119948743444f,0.4257792915650727f,0f,0f,0f,0f,1f],start_interpolation:0}
execute if entity @s[tag=aj.corrupted_beacon_core.bone.16] run data modify entity @s {} merge value {transformation:[-0.7415233164826976f,0.5492909127131861f,0.3852566213878945f,0f,-0.5492909127131858f,-0.16730260804777067f,-0.8187119948743447f,1.5f,-0.38525662138789474f,-0.8187119948743444f,0.4257792915650727f,0f,0f,0f,0f,1f],start_interpolation:0}
execute if entity @s[tag=aj.corrupted_beacon_core.bone.17] run data modify entity @s {} merge value {transformation:[-0.7415233164826976f,0.5492909127131861f,0.3852566213878945f,0f,-0.5492909127131858f,-0.16730260804777067f,-0.8187119948743447f,1.5f,-0.38525662138789474f,-0.8187119948743444f,0.4257792915650727f,0f,0f,0f,0f,1f],start_interpolation:0}
execute if entity @s[tag=aj.corrupted_beacon_core.bone.18] run data modify entity @s {} merge value {transformation:[-0.7415233164826976f,0.5492909127131861f,0.3852566213878945f,0f,-0.5492909127131858f,-0.16730260804777067f,-0.8187119948743447f,1.5f,-0.38525662138789474f,-0.8187119948743444f,0.4257792915650727f,0f,0f,0f,0f,1f],start_interpolation:0}
execute if entity @s[tag=aj.corrupted_beacon_core.bone.19] run data modify entity @s {} merge value {transformation:[-0.7415233164826976f,0.5492909127131861f,0.3852566213878945f,0f,-0.5492909127131858f,-0.16730260804777067f,-0.8187119948743447f,1.5f,-0.38525662138789474f,-0.8187119948743444f,0.4257792915650727f,0f,0f,0f,0f,1f],start_interpolation:0}
execute if entity @s[tag=aj.corrupted_beacon_core.bone.20] run data modify entity @s {} merge value {transformation:[-0.7415233164826976f,0.5492909127131861f,0.3852566213878945f,0f,-0.5492909127131858f,-0.16730260804777067f,-0.8187119948743447f,1.5f,-0.38525662138789474f,-0.8187119948743444f,0.4257792915650727f,0f,0f,0f,0f,1f],start_interpolation:0}
execute if entity @s[tag=aj.corrupted_beacon_core.bone.21] run data modify entity @s {} merge value {transformation:[-0.9144247509923301f,0.12411571395032725f,0.3852566213878945f,0f,-0.40074864998414284f,-0.41123130837128363f,-0.8187119948743447f,1.5f,0.05681456070851836f,-0.9030415829660574f,0.4257792915650727f,0f,0f,0f,0f,1f],start_interpolation:0}
execute if entity @s[tag=aj.corrupted_beacon_core.bone.22] run data modify entity @s {} merge value {transformation:[-0.9144247509923301f,0.12411571395032725f,0.3852566213878945f,0f,-0.40074864998414284f,-0.41123130837128363f,-0.8187119948743447f,1.5f,0.05681456070851836f,-0.9030415829660574f,0.4257792915650727f,0f,0f,0f,0f,1f],start_interpolation:0}
execute if entity @s[tag=aj.corrupted_beacon_core.bone.23] run data modify entity @s {} merge value {transformation:[-0.9144247509923301f,0.12411571395032725f,0.3852566213878945f,0f,-0.40074864998414284f,-0.41123130837128363f,-0.8187119948743447f,1.5f,0.05681456070851836f,-0.9030415829660574f,0.4257792915650727f,0f,0f,0f,0f,1f],start_interpolation:0}
execute if entity @s[tag=aj.corrupted_beacon_core.bone.24] run data modify entity @s {} merge value {transformation:[-0.9144247509923301f,0.12411571395032725f,0.3852566213878945f,0f,-0.40074864998414284f,-0.41123130837128363f,-0.8187119948743447f,1.5f,0.05681456070851836f,-0.9030415829660574f,0.4257792915650727f,0f,0f,0f,0f,1f],start_interpolation:0}
execute if entity @s[tag=aj.corrupted_beacon_core.bone.25] run data modify entity @s {} merge value {transformation:[-0.9144247509923301f,0.12411571395032725f,0.3852566213878945f,0f,-0.40074864998414284f,-0.41123130837128363f,-0.8187119948743447f,1.5f,0.05681456070851836f,-0.9030415829660574f,0.4257792915650727f,0f,0f,0f,0f,1f],start_interpolation:0}
execute if entity @s[tag=aj.corrupted_beacon_core.bone.26] run data modify entity @s {} merge value {transformation:[-0.9144247509923301f,0.12411571395032725f,0.3852566213878945f,0f,-0.40074864998414284f,-0.41123130837128363f,-0.8187119948743447f,1.5f,0.05681456070851836f,-0.9030415829660574f,0.4257792915650727f,0f,0f,0f,0f,1f],start_interpolation:0}
execute if entity @s[tag=aj.corrupted_beacon_core.bone.27] run data modify entity @s {} merge value {transformation:[-0.7427591886768355f,0.5502063975677081f,0.38589871575687434f,0f,-0.5502063975677077f,-0.1675814457278503f,-0.8200765148658019f,1.5f,-0.38589871575687457f,-0.8200765148658017f,0.4264889237176812f,0f,0f,0f,0f,1f],start_interpolation:0}