execute if entity @s[tag=aj.corrupted_beacon_core.bone.exterior] run data modify entity @s {} merge value {transformation:[-0.1797721961260766f,-5.0293107237308865f,0.9423988548727747f,0f,0.942398854872775f,-0.9593923306789099f,-4.940227803873925f,1.5025f,5.0293107237308865f,-9.001300222774889e-16f,0.9593923306789102f,0f,0f,0f,0f,1f],start_interpolation:0}
execute if entity @s[tag=aj.corrupted_beacon_core.bone.1] run data modify entity @s {} merge value {transformation:[-0.9599061373424975f,-0.21891636116175553f,-0.18436904680290944f,0f,0.2189163611617557f,-0.14593308745253142f,-0.9664963900156994f,1.5f,0.18436904680290947f,-0.9664963900156993f,0.1876936167767008f,0f,0f,0f,0f,1f],start_interpolation:0}
execute if entity @s[tag=aj.corrupted_beacon_core.bone.2] run data modify entity @s {} merge value {transformation:[-0.9599061373424975f,-0.21891636116175553f,-0.18436904680290944f,0f,0.2189163611617557f,-0.14593308745253142f,-0.9664963900156994f,1.5f,0.18436904680290947f,-0.9664963900156993f,0.1876936167767008f,0f,0f,0f,0f,1f],start_interpolation:0}
execute if entity @s[tag=aj.corrupted_beacon_core.bone.3] run data modify entity @s {} merge value {transformation:[-0.7357083990576792f,-0.6542761781144756f,-0.18436904680290944f,0f,0.2621416707102055f,-0.022418378063424713f,-0.9664963900156994f,1.5f,0.6271770142028171f,-0.7581267771211039f,0.1876936167767008f,0f,0f,0f,0f,1f],start_interpolation:0}
execute if entity @s[tag=aj.corrupted_beacon_core.bone.4] run data modify entity @s {} merge value {transformation:[-0.21062670932007585f,-0.9617590940631102f,-0.18436904680290944f,0f,0.22525425854439576f,0.13594615921513545f,-0.9664963900156994f,1.5f,0.9530126019312244f,-0.24469204705643824f,0.1876936167767008f,0f,0f,0f,0f,1f],start_interpolation:0}
execute if entity @s[tag=aj.corrupted_beacon_core.bone.5] run data modify entity @s {} merge value {transformation:[-0.21062670932007585f,-0.9617590940631102f,-0.18436904680290944f,0f,0.22525425854439576f,0.13594615921513545f,-0.9664963900156994f,1.5f,0.9530126019312244f,-0.24469204705643824f,0.1876936167767008f,0f,0f,0f,0f,1f],start_interpolation:0}
execute if entity @s[tag=aj.corrupted_beacon_core.bone.6] run data modify entity @s {} merge value {transformation:[-0.21062670932007585f,-0.9617590940631102f,-0.18436904680290944f,0f,0.22525425854439576f,0.13594615921513545f,-0.9664963900156994f,1.5f,0.9530126019312244f,-0.24469204705643824f,0.1876936167767008f,0f,0f,0f,0f,1f],start_interpolation:0}
execute if entity @s[tag=aj.corrupted_beacon_core.bone.7] run data modify entity @s {} merge value {transformation:[-0.7357083990576792f,-0.6542761781144756f,-0.18436904680290944f,0f,0.2621416707102055f,-0.022418378063424713f,-0.9664963900156994f,1.5f,0.6271770142028171f,-0.7581267771211039f,0.1876936167767008f,0f,0f,0f,0f,1f],start_interpolation:0}
execute if entity @s[tag=aj.corrupted_beacon_core.bone.8] run data modify entity @s {} merge value {transformation:[-0.7357083990576792f,-0.6542761781144756f,-0.18436904680290944f,0f,0.2621416707102055f,-0.022418378063424713f,-0.9664963900156994f,1.5f,0.6271770142028171f,-0.7581267771211039f,0.1876936167767008f,0f,0f,0f,0f,1f],start_interpolation:0}
execute if entity @s[tag=aj.corrupted_beacon_core.bone.9] run data modify entity @s {} merge value {transformation:[-0.0351117570558741f,0.9822872507286887f,-0.18406227634233888f,0f,-0.18406227634233885f,-0.1873813145857246f,-0.9648882429441259f,1.5f,-0.9822872507286887f,6.47843425135564e-17f,0.18738131458572457f,0f,0f,0f,0f,1f],start_interpolation:0}
execute if entity @s[tag=aj.corrupted_beacon_core.bone.10] run data modify entity @s {} merge value {transformation:[-0.7344842586266347f,-0.6531875322274299f,-0.18406227634233888f,0f,0.2617054948853965f,-0.022381076269641975f,-0.9648882429441259f,1.5f,0.6261334584387526f,-0.7568653348962767f,0.18738131458572457f,0f,0f,0f,0f,1f],start_interpolation:0}
execute if entity @s[tag=aj.corrupted_beacon_core.bone.11] run data modify entity @s {} merge value {transformation:[-0.7344842586266347f,-0.6531875322274299f,-0.18406227634233888f,0f,0.2617054948853965f,-0.022381076269641975f,-0.9648882429441259f,1.5f,0.6261334584387526f,-0.7568653348962767f,0.18738131458572457f,0f,0f,0f,0f,1f],start_interpolation:0}
execute if entity @s[tag=aj.corrupted_beacon_core.bone.12] run data modify entity @s {} merge value {transformation:[-0.7344842586266347f,-0.6531875322274299f,-0.18406227634233888f,0f,0.2617054948853965f,-0.022381076269641975f,-0.9648882429441259f,1.5f,0.6261334584387526f,-0.7568653348962767f,0.18738131458572457f,0f,0f,0f,0f,1f],start_interpolation:0}
execute if entity @s[tag=aj.corrupted_beacon_core.bone.13] run data modify entity @s {} merge value {transformation:[-0.7344842586266347f,-0.6531875322274299f,-0.18406227634233888f,0f,0.2617054948853965f,-0.022381076269641975f,-0.9648882429441259f,1.5f,0.6261334584387526f,-0.7568653348962767f,0.18738131458572457f,0f,0f,0f,0f,1f],start_interpolation:0}
execute if entity @s[tag=aj.corrupted_beacon_core.bone.14] run data modify entity @s {} merge value {transformation:[-0.7344842586266347f,-0.6531875322274299f,-0.18406227634233888f,0f,0.2617054948853965f,-0.022381076269641975f,-0.9648882429441259f,1.5f,0.6261334584387526f,-0.7568653348962767f,0.18738131458572457f,0f,0f,0f,0f,1f],start_interpolation:0}
execute if entity @s[tag=aj.corrupted_beacon_core.bone.15] run data modify entity @s {} merge value {transformation:[-0.9583089557495815f,-0.21855210764900718f,-0.18406227634233888f,0f,0.21855210764900734f,-0.1456902703353059f,-0.9648882429441259f,1.5f,0.1840622763423389f,-0.9648882429441258f,0.18738131458572457f,0f,0f,0f,0f,1f],start_interpolation:0}
execute if entity @s[tag=aj.corrupted_beacon_core.bone.16] run data modify entity @s {} merge value {transformation:[-0.9583089557495815f,-0.21855210764900718f,-0.18406227634233888f,0f,0.21855210764900734f,-0.1456902703353059f,-0.9648882429441259f,1.5f,0.1840622763423389f,-0.9648882429441258f,0.18738131458572457f,0f,0f,0f,0f,1f],start_interpolation:0}
execute if entity @s[tag=aj.corrupted_beacon_core.bone.17] run data modify entity @s {} merge value {transformation:[-0.9583089557495815f,-0.21855210764900718f,-0.18406227634233888f,0f,0.21855210764900734f,-0.1456902703353059f,-0.9648882429441259f,1.5f,0.1840622763423389f,-0.9648882429441258f,0.18738131458572457f,0f,0f,0f,0f,1f],start_interpolation:0}
execute if entity @s[tag=aj.corrupted_beacon_core.bone.18] run data modify entity @s {} merge value {transformation:[-0.9583089557495815f,-0.21855210764900718f,-0.18406227634233888f,0f,0.21855210764900734f,-0.1456902703353059f,-0.9648882429441259f,1.5f,0.1840622763423389f,-0.9648882429441258f,0.18738131458572457f,0f,0f,0f,0f,1f],start_interpolation:0}
execute if entity @s[tag=aj.corrupted_beacon_core.bone.19] run data modify entity @s {} merge value {transformation:[-0.9583089557495815f,-0.21855210764900718f,-0.18406227634233888f,0f,0.21855210764900734f,-0.1456902703353059f,-0.9648882429441259f,1.5f,0.1840622763423389f,-0.9648882429441258f,0.18738131458572457f,0f,0f,0f,0f,1f],start_interpolation:0}
execute if entity @s[tag=aj.corrupted_beacon_core.bone.20] run data modify entity @s {} merge value {transformation:[-0.9583089557495815f,-0.21855210764900718f,-0.18406227634233888f,0f,0.21855210764900734f,-0.1456902703353059f,-0.9648882429441259f,1.5f,0.1840622763423389f,-0.9648882429441258f,0.18738131458572457f,0f,0f,0f,0f,1f],start_interpolation:0}
execute if entity @s[tag=aj.corrupted_beacon_core.bone.21] run data modify entity @s {} merge value {transformation:[-0.21027624890523378f,-0.9601588293475309f,-0.18406227634233888f,0f,0.22487945944532023f,0.13571995928299713f,-0.9648882429441259f,1.5f,0.9514268904471458f,-0.2442849055471929f,0.18738131458572457f,0f,0f,0f,0f,1f],start_interpolation:0}
execute if entity @s[tag=aj.corrupted_beacon_core.bone.22] run data modify entity @s {} merge value {transformation:[-0.21027624890523378f,-0.9601588293475309f,-0.18406227634233888f,0f,0.22487945944532023f,0.13571995928299713f,-0.9648882429441259f,1.5f,0.9514268904471458f,-0.2442849055471929f,0.18738131458572457f,0f,0f,0f,0f,1f],start_interpolation:0}
execute if entity @s[tag=aj.corrupted_beacon_core.bone.23] run data modify entity @s {} merge value {transformation:[-0.21027624890523378f,-0.9601588293475309f,-0.18406227634233888f,0f,0.22487945944532023f,0.13571995928299713f,-0.9648882429441259f,1.5f,0.9514268904471458f,-0.2442849055471929f,0.18738131458572457f,0f,0f,0f,0f,1f],start_interpolation:0}
execute if entity @s[tag=aj.corrupted_beacon_core.bone.24] run data modify entity @s {} merge value {transformation:[-0.21027624890523378f,-0.9601588293475309f,-0.18406227634233888f,0f,0.22487945944532023f,0.13571995928299713f,-0.9648882429441259f,1.5f,0.9514268904471458f,-0.2442849055471929f,0.18738131458572457f,0f,0f,0f,0f,1f],start_interpolation:0}
execute if entity @s[tag=aj.corrupted_beacon_core.bone.25] run data modify entity @s {} merge value {transformation:[-0.21027624890523378f,-0.9601588293475309f,-0.18406227634233888f,0f,0.22487945944532023f,0.13571995928299713f,-0.9648882429441259f,1.5f,0.9514268904471458f,-0.2442849055471929f,0.18738131458572457f,0f,0f,0f,0f,1f],start_interpolation:0}
execute if entity @s[tag=aj.corrupted_beacon_core.bone.26] run data modify entity @s {} merge value {transformation:[-0.21027624890523378f,-0.9601588293475309f,-0.18406227634233888f,0f,0.22487945944532023f,0.13571995928299713f,-0.9648882429441259f,1.5f,0.9514268904471458f,-0.2442849055471929f,0.18738131458572457f,0f,0f,0f,0f,1f],start_interpolation:0}
execute if entity @s[tag=aj.corrupted_beacon_core.bone.27] run data modify entity @s {} merge value {transformation:[-0.9599061373424975f,-0.21891636116175553f,-0.18436904680290944f,0f,0.2189163611617557f,-0.14593308745253142f,-0.9664963900156994f,1.5f,0.18436904680290947f,-0.9664963900156993f,0.1876936167767008f,0f,0f,0f,0f,1f],start_interpolation:0}