execute if entity @s[tag=aj.corrupted_beacon_core.bone.exterior] run data modify entity @s {} merge value {transformation:[-4.426159686198816f,1.8847977097455475f,-1.752440591177441f,0f,-1.7524405911774403f,-4.760455607747847f,-0.6938403138011842f,1.5025f,-1.8847977097455482f,1.5976687465200466e-16f,4.760455607747847f,0f,0f,0f,0f,1f],start_interpolation:0}
execute if entity @s[tag=aj.corrupted_beacon_core.bone.1] run data modify entity @s {} merge value {transformation:[0.6693752701865271f,0.6616123066757711f,0.34284400888595096f,0f,-0.661612306675771f,0.7397158234884614f,-0.1357415457664426f,1.5f,-0.3428440088859509f,-0.13574154576644246f,0.9313261133647318f,0f,0f,0f,0f,1f],start_interpolation:0}
execute if entity @s[tag=aj.corrupted_beacon_core.bone.2] run data modify entity @s {} merge value {transformation:[0.6693752701865271f,0.6616123066757711f,0.34284400888595096f,0f,-0.661612306675771f,0.7397158234884614f,-0.1357415457664426f,1.5f,-0.3428440088859509f,-0.13574154576644246f,0.9313261133647318f,0f,0f,0f,0f,1f],start_interpolation:0}
execute if entity @s[tag=aj.corrupted_beacon_core.bone.3] run data modify entity @s {} merge value {transformation:[0.19994854071991106f,-0.9196818350636807f,0.34284400888595096f,0f,0.9790723285117668f,0.16225818748708634f,-0.1357415457664426f,1.5f,0.06909462871769213f,0.3622067282069971f,0.9313261133647318f,0f,0f,0f,0f,1f],start_interpolation:0}
execute if entity @s[tag=aj.corrupted_beacon_core.bone.4] run data modify entity @s {} merge value {transformation:[0.09403495387723684f,0.9364568992385216f,0.34284400888595096f,0f,-0.981293655365371f,0.1482332817005535f,-0.1357415457664426f,1.5f,-0.1776409313758652f,-0.3231276546134179f,0.9313261133647318f,0f,0f,0f,0f,1f],start_interpolation:0}
execute if entity @s[tag=aj.corrupted_beacon_core.bone.5] run data modify entity @s {} merge value {transformation:[0.09403495387723684f,0.9364568992385216f,0.34284400888595096f,0f,-0.981293655365371f,0.1482332817005535f,-0.1357415457664426f,1.5f,-0.1776409313758652f,-0.3231276546134179f,0.9313261133647318f,0f,0f,0f,0f,1f],start_interpolation:0}
execute if entity @s[tag=aj.corrupted_beacon_core.bone.6] run data modify entity @s {} merge value {transformation:[0.09403495387723684f,0.9364568992385216f,0.34284400888595096f,0f,-0.981293655365371f,0.1482332817005535f,-0.1357415457664426f,1.5f,-0.1776409313758652f,-0.3231276546134179f,0.9313261133647318f,0f,0f,0f,0f,1f],start_interpolation:0}
execute if entity @s[tag=aj.corrupted_beacon_core.bone.7] run data modify entity @s {} merge value {transformation:[0.19994854071991106f,-0.9196818350636807f,0.34284400888595096f,0f,0.9790723285117668f,0.16225818748708634f,-0.1357415457664426f,1.5f,0.06909462871769213f,0.3622067282069971f,0.9313261133647318f,0f,0f,0f,0f,1f],start_interpolation:0}
execute if entity @s[tag=aj.corrupted_beacon_core.bone.8] run data modify entity @s {} merge value {transformation:[0.19994854071991106f,-0.9196818350636807f,0.34284400888595096f,0f,0.9790723285117668f,0.16225818748708634f,-0.1357415457664426f,1.5f,0.06909462871769213f,0.3622067282069971f,0.9313261133647318f,0f,0f,0f,0f,1f],start_interpolation:0}
execute if entity @s[tag=aj.corrupted_beacon_core.bone.9] run data modify entity @s {} merge value {transformation:[-0.8644843137107062f,-0.36812455268467725f,0.3422735529643437f,0f,0.3422735529643438f,-0.9297764858882513f,-0.13551568628929378f,1.5f,0.36812455268467714f,-5.896004332109857e-17f,0.9297764858882513f,0f,0f,0f,0f,1f],start_interpolation:0}
execute if entity @s[tag=aj.corrupted_beacon_core.bone.10] run data modify entity @s {} merge value {transformation:[0.19961584764051019f,-0.9181515824263036f,0.3422735529643437f,0f,0.9774432564177372f,0.16198820714184992f,-0.13551568628929378f,1.5f,0.06897966261333657f,0.36160405478235985f,0.9297764858882513f,0f,0f,0f,0f,1f],start_interpolation:0}
execute if entity @s[tag=aj.corrupted_beacon_core.bone.11] run data modify entity @s {} merge value {transformation:[0.19961584764051019f,-0.9181515824263036f,0.3422735529643437f,0f,0.9774432564177372f,0.16198820714184992f,-0.13551568628929378f,1.5f,0.06897966261333657f,0.36160405478235985f,0.9297764858882513f,0f,0f,0f,0f,1f],start_interpolation:0}
execute if entity @s[tag=aj.corrupted_beacon_core.bone.12] run data modify entity @s {} merge value {transformation:[0.19961584764051019f,-0.9181515824263036f,0.3422735529643437f,0f,0.9774432564177372f,0.16198820714184992f,-0.13551568628929378f,1.5f,0.06897966261333657f,0.36160405478235985f,0.9297764858882513f,0f,0f,0f,0f,1f],start_interpolation:0}
execute if entity @s[tag=aj.corrupted_beacon_core.bone.13] run data modify entity @s {} merge value {transformation:[0.19961584764051019f,-0.9181515824263036f,0.3422735529643437f,0f,0.9774432564177372f,0.16198820714184992f,-0.13551568628929378f,1.5f,0.06897966261333657f,0.36160405478235985f,0.9297764858882513f,0f,0f,0f,0f,1f],start_interpolation:0}
execute if entity @s[tag=aj.corrupted_beacon_core.bone.14] run data modify entity @s {} merge value {transformation:[0.19961584764051019f,-0.9181515824263036f,0.3422735529643437f,0f,0.9774432564177372f,0.16198820714184992f,-0.13551568628929378f,1.5f,0.06897966261333657f,0.36160405478235985f,0.9297764858882513f,0f,0f,0f,0f,1f],start_interpolation:0}
execute if entity @s[tag=aj.corrupted_beacon_core.bone.15] run data modify entity @s {} merge value {transformation:[0.6682615010181635f,0.6605114542520177f,0.3422735529643437f,0f,-0.6605114542520176f,0.7384850151299116f,-0.13551568628929378f,1.5f,-0.34227355296434364f,-0.13551568628929364f,0.9297764858882513f,0f,0f,0f,0f,1f],start_interpolation:0}
execute if entity @s[tag=aj.corrupted_beacon_core.bone.16] run data modify entity @s {} merge value {transformation:[0.6682615010181635f,0.6605114542520177f,0.3422735529643437f,0f,-0.6605114542520176f,0.7384850151299116f,-0.13551568628929378f,1.5f,-0.34227355296434364f,-0.13551568628929364f,0.9297764858882513f,0f,0f,0f,0f,1f],start_interpolation:0}
execute if entity @s[tag=aj.corrupted_beacon_core.bone.17] run data modify entity @s {} merge value {transformation:[0.6682615010181635f,0.6605114542520177f,0.3422735529643437f,0f,-0.6605114542520176f,0.7384850151299116f,-0.13551568628929378f,1.5f,-0.34227355296434364f,-0.13551568628929364f,0.9297764858882513f,0f,0f,0f,0f,1f],start_interpolation:0}
execute if entity @s[tag=aj.corrupted_beacon_core.bone.18] run data modify entity @s {} merge value {transformation:[0.6682615010181635f,0.6605114542520177f,0.3422735529643437f,0f,-0.6605114542520176f,0.7384850151299116f,-0.13551568628929378f,1.5f,-0.34227355296434364f,-0.13551568628929364f,0.9297764858882513f,0f,0f,0f,0f,1f],start_interpolation:0}
execute if entity @s[tag=aj.corrupted_beacon_core.bone.19] run data modify entity @s {} merge value {transformation:[0.6682615010181635f,0.6605114542520177f,0.3422735529643437f,0f,-0.6605114542520176f,0.7384850151299116f,-0.13551568628929378f,1.5f,-0.34227355296434364f,-0.13551568628929364f,0.9297764858882513f,0f,0f,0f,0f,1f],start_interpolation:0}
execute if entity @s[tag=aj.corrupted_beacon_core.bone.20] run data modify entity @s {} merge value {transformation:[0.6682615010181635f,0.6605114542520177f,0.3422735529643437f,0f,-0.6605114542520176f,0.7384850151299116f,-0.13551568628929378f,1.5f,-0.34227355296434364f,-0.13551568628929364f,0.9297764858882513f,0f,0f,0f,0f,1f],start_interpolation:0}
execute if entity @s[tag=aj.corrupted_beacon_core.bone.21] run data modify entity @s {} merge value {transformation:[0.0938784897276907f,0.9348987346807204f,0.3422735529643437f,0f,-0.9796608872200043f,0.14798663730504508f,-0.13551568628929378f,1.5f,-0.1773453557828937f,-0.32259000460574166f,0.9297764858882513f,0f,0f,0f,0f,1f],start_interpolation:0}
execute if entity @s[tag=aj.corrupted_beacon_core.bone.22] run data modify entity @s {} merge value {transformation:[0.0938784897276907f,0.9348987346807204f,0.3422735529643437f,0f,-0.9796608872200043f,0.14798663730504508f,-0.13551568628929378f,1.5f,-0.1773453557828937f,-0.32259000460574166f,0.9297764858882513f,0f,0f,0f,0f,1f],start_interpolation:0}
execute if entity @s[tag=aj.corrupted_beacon_core.bone.23] run data modify entity @s {} merge value {transformation:[0.0938784897276907f,0.9348987346807204f,0.3422735529643437f,0f,-0.9796608872200043f,0.14798663730504508f,-0.13551568628929378f,1.5f,-0.1773453557828937f,-0.32259000460574166f,0.9297764858882513f,0f,0f,0f,0f,1f],start_interpolation:0}
execute if entity @s[tag=aj.corrupted_beacon_core.bone.24] run data modify entity @s {} merge value {transformation:[0.0938784897276907f,0.9348987346807204f,0.3422735529643437f,0f,-0.9796608872200043f,0.14798663730504508f,-0.13551568628929378f,1.5f,-0.1773453557828937f,-0.32259000460574166f,0.9297764858882513f,0f,0f,0f,0f,1f],start_interpolation:0}
execute if entity @s[tag=aj.corrupted_beacon_core.bone.25] run data modify entity @s {} merge value {transformation:[0.0938784897276907f,0.9348987346807204f,0.3422735529643437f,0f,-0.9796608872200043f,0.14798663730504508f,-0.13551568628929378f,1.5f,-0.1773453557828937f,-0.32259000460574166f,0.9297764858882513f,0f,0f,0f,0f,1f],start_interpolation:0}
execute if entity @s[tag=aj.corrupted_beacon_core.bone.26] run data modify entity @s {} merge value {transformation:[0.0938784897276907f,0.9348987346807204f,0.3422735529643437f,0f,-0.9796608872200043f,0.14798663730504508f,-0.13551568628929378f,1.5f,-0.1773453557828937f,-0.32259000460574166f,0.9297764858882513f,0f,0f,0f,0f,1f],start_interpolation:0}
execute if entity @s[tag=aj.corrupted_beacon_core.bone.27] run data modify entity @s {} merge value {transformation:[0.6693752701865271f,0.6616123066757711f,0.34284400888595096f,0f,-0.661612306675771f,0.7397158234884614f,-0.1357415457664426f,1.5f,-0.3428440088859509f,-0.13574154576644246f,0.9313261133647318f,0f,0f,0f,0f,1f],start_interpolation:0}