execute if entity @s[tag=aj.corrupted_beacon_core.bone.exterior] run data modify entity @s {} merge value {transformation:[-5.099813635365063f,0.32148745999008455f,0.32085307792461953f,0f,0.3208530779246189f,5.109896849552751f,-0.020186364634936754f,1.5025f,-0.3214874599900852f,3.9370858884286983e-17f,-5.109896849552751f,0f,0f,0f,0f,1f],start_interpolation:0}
execute if entity @s[tag=aj.corrupted_beacon_core.bone.1] run data modify entity @s {} merge value {transformation:[-0.9996978991933806f,-0.00012386435048161276f,-0.0627710611434556f,0f,0.00012386435048159885f,1.0016588737822716f,-0.00394922042499902f,1.5f,0.0627710611434556f,-0.003949220424999021f,-0.9996901063089854f,0f,0f,0f,0f,1f],start_interpolation:0}
execute if entity @s[tag=aj.corrupted_beacon_core.bone.2] run data modify entity @s {} merge value {transformation:[-0.9996978991933806f,-0.00012386435048161276f,-0.0627710611434556f,0f,0.00012386435048159885f,1.0016588737822716f,-0.00394922042499902f,1.5f,0.0627710611434556f,-0.003949220424999021f,-0.9996901063089854f,0f,0f,0f,0f,1f],start_interpolation:0}
execute if entity @s[tag=aj.corrupted_beacon_core.bone.3] run data modify entity @s {} merge value {transformation:[-0.9952495478654296f,-0.09420319775726098f,-0.0627710611434556f,0f,-0.09414111249606244f,0.997225132909891f,-0.00394922042499902f,1.5f,0.06286413542531841f,0.0019755850444613038f,-0.9996901063089854f,0f,0f,0f,0f,1f],start_interpolation:0}
execute if entity @s[tag=aj.corrupted_beacon_core.bone.4] run data modify entity @s {} merge value {transformation:[-0.9995726233678113f,-0.01582642118823504f,-0.0627710611434556f,0f,-0.015609524699055008f,1.001537247189447f,-0.00394922042499902f,1.5f,0.06282534889176858f,-0.0029627682440958587f,-0.9996901063089854f,0f,0f,0f,0f,1f],start_interpolation:0}
execute if entity @s[tag=aj.corrupted_beacon_core.bone.5] run data modify entity @s {} merge value {transformation:[-0.9995726233678113f,-0.01582642118823504f,-0.0627710611434556f,0f,-0.015609524699055008f,1.001537247189447f,-0.00394922042499902f,1.5f,0.06282534889176858f,-0.0029627682440958587f,-0.9996901063089854f,0f,0f,0f,0f,1f],start_interpolation:0}
execute if entity @s[tag=aj.corrupted_beacon_core.bone.6] run data modify entity @s {} merge value {transformation:[-0.9995726233678113f,-0.01582642118823504f,-0.0627710611434556f,0f,-0.015609524699055008f,1.001537247189447f,-0.00394922042499902f,1.5f,0.06282534889176858f,-0.0029627682440958587f,-0.9996901063089854f,0f,0f,0f,0f,1f],start_interpolation:0}
execute if entity @s[tag=aj.corrupted_beacon_core.bone.7] run data modify entity @s {} merge value {transformation:[-0.9952495478654296f,-0.09420319775726098f,-0.0627710611434556f,0f,-0.09414111249606244f,0.997225132909891f,-0.00394922042499902f,1.5f,0.06286413542531841f,0.0019755850444613038f,-0.9996901063089854f,0f,0f,0f,0f,1f],start_interpolation:0}
execute if entity @s[tag=aj.corrupted_beacon_core.bone.8] run data modify entity @s {} merge value {transformation:[-0.9952495478654296f,-0.09420319775726098f,-0.0627710611434556f,0f,-0.09414111249606244f,0.997225132909891f,-0.00394922042499902f,1.5f,0.06286413542531841f,0.0019755850444613038f,-0.9996901063089854f,0f,0f,0f,0f,1f],start_interpolation:0}
execute if entity @s[tag=aj.corrupted_beacon_core.bone.9] run data modify entity @s {} merge value {transformation:[-0.9960573506572389f,-0.06279051952931339f,-0.062666616782152f,0f,-0.06266661678215213f,0.9980267284282716f,-0.003942649342761085f,1.5f,0.06279051952931326f,-7.689620875837301e-18f,-0.9980267284282716f,0f,0f,0f,0f,1f],start_interpolation:0}
execute if entity @s[tag=aj.corrupted_beacon_core.bone.10] run data modify entity @s {} merge value {transformation:[-0.9935935586010944f,-0.09404645366781461f,-0.062666616782152f,0f,-0.09398447170987931f,0.9955658564824202f,-0.003942649342761085f,1.5f,0.0627595361983212f,0.0019722978813257607f,-0.9980267284282716f,0f,0f,0f,0f,1f],start_interpolation:0}
execute if entity @s[tag=aj.corrupted_beacon_core.bone.11] run data modify entity @s {} merge value {transformation:[-0.9935935586010944f,-0.09404645366781461f,-0.062666616782152f,0f,-0.09398447170987931f,0.9955658564824202f,-0.003942649342761085f,1.5f,0.0627595361983212f,0.0019722978813257607f,-0.9980267284282716f,0f,0f,0f,0f,1f],start_interpolation:0}
execute if entity @s[tag=aj.corrupted_beacon_core.bone.12] run data modify entity @s {} merge value {transformation:[-0.9935935586010944f,-0.09404645366781461f,-0.062666616782152f,0f,-0.09398447170987931f,0.9955658564824202f,-0.003942649342761085f,1.5f,0.0627595361983212f,0.0019722978813257607f,-0.9980267284282716f,0f,0f,0f,0f,1f],start_interpolation:0}
execute if entity @s[tag=aj.corrupted_beacon_core.bone.13] run data modify entity @s {} merge value {transformation:[-0.9935935586010944f,-0.09404645366781461f,-0.062666616782152f,0f,-0.09398447170987931f,0.9955658564824202f,-0.003942649342761085f,1.5f,0.0627595361983212f,0.0019722978813257607f,-0.9980267284282716f,0f,0f,0f,0f,1f],start_interpolation:0}
execute if entity @s[tag=aj.corrupted_beacon_core.bone.14] run data modify entity @s {} merge value {transformation:[-0.9935935586010944f,-0.09404645366781461f,-0.062666616782152f,0f,-0.09398447170987931f,0.9955658564824202f,-0.003942649342761085f,1.5f,0.0627595361983212f,0.0019722978813257607f,-0.9980267284282716f,0f,0f,0f,0f,1f],start_interpolation:0}
execute if entity @s[tag=aj.corrupted_beacon_core.bone.15] run data modify entity @s {} merge value {transformation:[-0.9980345083461369f,-0.00012365825339262504f,-0.062666616782152f,0f,0.00012365825339261116f,0.9999922200821346f,-0.003942649342761085f,1.5f,0.062666616782152f,-0.0039426493427610855f,-0.9980267284282716f,0f,0f,0f,0f,1f],start_interpolation:0}
execute if entity @s[tag=aj.corrupted_beacon_core.bone.16] run data modify entity @s {} merge value {transformation:[-0.9980345083461369f,-0.00012365825339262504f,-0.062666616782152f,0f,0.00012365825339261116f,0.9999922200821346f,-0.003942649342761085f,1.5f,0.062666616782152f,-0.0039426493427610855f,-0.9980267284282716f,0f,0f,0f,0f,1f],start_interpolation:0}
execute if entity @s[tag=aj.corrupted_beacon_core.bone.17] run data modify entity @s {} merge value {transformation:[-0.9980345083461369f,-0.00012365825339262504f,-0.062666616782152f,0f,0.00012365825339261116f,0.9999922200821346f,-0.003942649342761085f,1.5f,0.062666616782152f,-0.0039426493427610855f,-0.9980267284282716f,0f,0f,0f,0f,1f],start_interpolation:0}
execute if entity @s[tag=aj.corrupted_beacon_core.bone.18] run data modify entity @s {} merge value {transformation:[-0.9980345083461369f,-0.00012365825339262504f,-0.062666616782152f,0f,0.00012365825339261116f,0.9999922200821346f,-0.003942649342761085f,1.5f,0.062666616782152f,-0.0039426493427610855f,-0.9980267284282716f,0f,0f,0f,0f,1f],start_interpolation:0}
execute if entity @s[tag=aj.corrupted_beacon_core.bone.19] run data modify entity @s {} merge value {transformation:[-0.9980345083461369f,-0.00012365825339262504f,-0.062666616782152f,0f,0.00012365825339261116f,0.9999922200821346f,-0.003942649342761085f,1.5f,0.062666616782152f,-0.0039426493427610855f,-0.9980267284282716f,0f,0f,0f,0f,1f],start_interpolation:0}
execute if entity @s[tag=aj.corrupted_beacon_core.bone.20] run data modify entity @s {} merge value {transformation:[-0.9980345083461369f,-0.00012365825339262504f,-0.062666616782152f,0f,0.00012365825339261116f,0.9999922200821346f,-0.003942649342761085f,1.5f,0.062666616782152f,-0.0039426493427610855f,-0.9980267284282716f,0f,0f,0f,0f,1f],start_interpolation:0}
execute if entity @s[tag=aj.corrupted_beacon_core.bone.21] run data modify entity @s {} merge value {transformation:[-0.9979094409662009f,-0.015800087708720503f,-0.062666616782152f,0f,-0.015583552112201339f,0.9998707958630088f,-0.003942649342761085f,1.5f,0.06272081420143286f,-0.002957838513240458f,-0.9980267284282716f,0f,0f,0f,0f,1f],start_interpolation:0}
execute if entity @s[tag=aj.corrupted_beacon_core.bone.22] run data modify entity @s {} merge value {transformation:[-0.9979094409662009f,-0.015800087708720503f,-0.062666616782152f,0f,-0.015583552112201339f,0.9998707958630088f,-0.003942649342761085f,1.5f,0.06272081420143286f,-0.002957838513240458f,-0.9980267284282716f,0f,0f,0f,0f,1f],start_interpolation:0}
execute if entity @s[tag=aj.corrupted_beacon_core.bone.23] run data modify entity @s {} merge value {transformation:[-0.9979094409662009f,-0.015800087708720503f,-0.062666616782152f,0f,-0.015583552112201339f,0.9998707958630088f,-0.003942649342761085f,1.5f,0.06272081420143286f,-0.002957838513240458f,-0.9980267284282716f,0f,0f,0f,0f,1f],start_interpolation:0}
execute if entity @s[tag=aj.corrupted_beacon_core.bone.24] run data modify entity @s {} merge value {transformation:[-0.9979094409662009f,-0.015800087708720503f,-0.062666616782152f,0f,-0.015583552112201339f,0.9998707958630088f,-0.003942649342761085f,1.5f,0.06272081420143286f,-0.002957838513240458f,-0.9980267284282716f,0f,0f,0f,0f,1f],start_interpolation:0}
execute if entity @s[tag=aj.corrupted_beacon_core.bone.25] run data modify entity @s {} merge value {transformation:[-0.9979094409662009f,-0.015800087708720503f,-0.062666616782152f,0f,-0.015583552112201339f,0.9998707958630088f,-0.003942649342761085f,1.5f,0.06272081420143286f,-0.002957838513240458f,-0.9980267284282716f,0f,0f,0f,0f,1f],start_interpolation:0}
execute if entity @s[tag=aj.corrupted_beacon_core.bone.26] run data modify entity @s {} merge value {transformation:[-0.9979094409662009f,-0.015800087708720503f,-0.062666616782152f,0f,-0.015583552112201339f,0.9998707958630088f,-0.003942649342761085f,1.5f,0.06272081420143286f,-0.002957838513240458f,-0.9980267284282716f,0f,0f,0f,0f,1f],start_interpolation:0}
execute if entity @s[tag=aj.corrupted_beacon_core.bone.27] run data modify entity @s {} merge value {transformation:[-0.9996978991933806f,-0.00012386435048161276f,-0.0627710611434556f,0f,0.00012386435048159885f,1.0016588737822716f,-0.00394922042499902f,1.5f,0.0627710611434556f,-0.003949220424999021f,-0.9996901063089854f,0f,0f,0f,0f,1f],start_interpolation:0}