execute if entity @s[tag=aj.corrupted_beacon_core.bone.exterior] run data modify entity @s {} merge value {transformation:[-0.9281945862433532f,4.632714508626021f,1.972513901506021f,0f,1.9725139015060205f,2.1799899728131713f,-4.191805413756646f,1.5025f,-4.632714508626021f,5.67343899435236e-16f,-2.1799899728131713f,0f,0f,0f,0f,1f],start_interpolation:0}
execute if entity @s[tag=aj.corrupted_beacon_core.bone.1] run data modify entity @s {} merge value {transformation:[-0.8973938410547685f,-0.22159103394604107f,-0.3858987157568744f,0f,0.2215910339460411f,0.5307617493295796f,-0.8200765148658022f,1.5f,0.3858987157568743f,-0.8200765148658024f,-0.4264889237176811f,0f,0f,0f,0f,1f],start_interpolation:0}
execute if entity @s[tag=aj.corrupted_beacon_core.bone.2] run data modify entity @s {} merge value {transformation:[-0.8973938410547685f,-0.22159103394604107f,-0.3858987157568744f,0f,0.2215910339460411f,0.5307617493295796f,-0.8200765148658022f,1.5f,0.3858987157568743f,-0.8200765148658024f,-0.4264889237176811f,0f,0f,0f,0f,1f],start_interpolation:0}
execute if entity @s[tag=aj.corrupted_beacon_core.bone.3] run data modify entity @s {} merge value {transformation:[0.3323169943374284f,-0.8625449017661887f,-0.3858987157568744f,0f,-0.5543492552185804f,0.15332163616161992f,-0.8200765148658022f,1.5f,0.765244032726982f,0.48563863049904826f,-0.4264889237176811f,0f,0f,0f,0f,1f],start_interpolation:0}
execute if entity @s[tag=aj.corrupted_beacon_core.bone.4] run data modify entity @s {} merge value {transformation:[-0.79993971148129f,-0.4631573709696706f,-0.3858987157568744f,0f,0.06471466321223279f,0.5715090841290261f,-0.8200765148658022f,1.5f,0.5993701539713745f,-0.6798519894694552f,-0.4264889237176811f,0f,0f,0f,0f,1f],start_interpolation:0}
execute if entity @s[tag=aj.corrupted_beacon_core.bone.5] run data modify entity @s {} merge value {transformation:[-0.79993971148129f,-0.4631573709696706f,-0.3858987157568744f,0f,0.06471466321223279f,0.5715090841290261f,-0.8200765148658022f,1.5f,0.5993701539713745f,-0.6798519894694552f,-0.4264889237176811f,0f,0f,0f,0f,1f],start_interpolation:0}
execute if entity @s[tag=aj.corrupted_beacon_core.bone.6] run data modify entity @s {} merge value {transformation:[-0.79993971148129f,-0.4631573709696706f,-0.3858987157568744f,0f,0.06471466321223279f,0.5715090841290261f,-0.8200765148658022f,1.5f,0.5993701539713745f,-0.6798519894694552f,-0.4264889237176811f,0f,0f,0f,0f,1f],start_interpolation:0}
execute if entity @s[tag=aj.corrupted_beacon_core.bone.7] run data modify entity @s {} merge value {transformation:[0.3323169943374284f,-0.8625449017661887f,-0.3858987157568744f,0f,-0.5543492552185804f,0.15332163616161992f,-0.8200765148658022f,1.5f,0.765244032726982f,0.48563863049904826f,-0.4264889237176811f,0f,0f,0f,0f,1f],start_interpolation:0}
execute if entity @s[tag=aj.corrupted_beacon_core.bone.8] run data modify entity @s {} merge value {transformation:[0.3323169943374284f,-0.8625449017661887f,-0.3858987157568744f,0f,-0.5543492552185804f,0.15332163616161992f,-0.8200765148658022f,1.5f,0.765244032726982f,0.48563863049904826f,-0.4264889237176811f,0f,0f,0f,0f,1f],start_interpolation:0}
execute if entity @s[tag=aj.corrupted_beacon_core.bone.9] run data modify entity @s {} merge value {transformation:[-0.18128800512565513f,-0.9048270524660197f,-0.38525662138789457f,0f,-0.3852566213878946f,0.42577929156507255f,-0.818711994874345f,1.5f,0.9048270524660197f,-1.1080935535844453e-16f,-0.4257792915650726f,0f,0f,0f,0f,1f],start_interpolation:0}
execute if entity @s[tag=aj.corrupted_beacon_core.bone.10] run data modify entity @s {} merge value {transformation:[0.3317640542470167f,-0.8611097189013531f,-0.38525662138789457f,0f,-0.5534268770900969f,0.153066525286143f,-0.818711994874345f,1.5f,0.7639707481467375f,0.48483057953315967f,-0.4257792915650726f,0f,0f,0f,0f,1f],start_interpolation:0}
execute if entity @s[tag=aj.corrupted_beacon_core.bone.11] run data modify entity @s {} merge value {transformation:[0.3317640542470167f,-0.8611097189013531f,-0.38525662138789457f,0f,-0.5534268770900969f,0.153066525286143f,-0.818711994874345f,1.5f,0.7639707481467375f,0.48483057953315967f,-0.4257792915650726f,0f,0f,0f,0f,1f],start_interpolation:0}
execute if entity @s[tag=aj.corrupted_beacon_core.bone.12] run data modify entity @s {} merge value {transformation:[0.3317640542470167f,-0.8611097189013531f,-0.38525662138789457f,0f,-0.5534268770900969f,0.153066525286143f,-0.818711994874345f,1.5f,0.7639707481467375f,0.48483057953315967f,-0.4257792915650726f,0f,0f,0f,0f,1f],start_interpolation:0}
execute if entity @s[tag=aj.corrupted_beacon_core.bone.13] run data modify entity @s {} merge value {transformation:[0.3317640542470167f,-0.8611097189013531f,-0.38525662138789457f,0f,-0.5534268770900969f,0.153066525286143f,-0.818711994874345f,1.5f,0.7639707481467375f,0.48483057953315967f,-0.4257792915650726f,0f,0f,0f,0f,1f],start_interpolation:0}
execute if entity @s[tag=aj.corrupted_beacon_core.bone.14] run data modify entity @s {} merge value {transformation:[0.3317640542470167f,-0.8611097189013531f,-0.38525662138789457f,0f,-0.5534268770900969f,0.153066525286143f,-0.818711994874345f,1.5f,0.7639707481467375f,0.48483057953315967f,-0.4257792915650726f,0f,0f,0f,0f,1f],start_interpolation:0}
execute if entity @s[tag=aj.corrupted_beacon_core.bone.15] run data modify entity @s {} merge value {transformation:[-0.8959006732659918f,-0.2212223300626034f,-0.38525662138789457f,0f,0.22122233006260342f,0.5298786182990811f,-0.818711994874345f,1.5f,0.38525662138789446f,-0.8187119948743451f,-0.4257792915650726f,0f,0f,0f,0f,1f],start_interpolation:0}
execute if entity @s[tag=aj.corrupted_beacon_core.bone.16] run data modify entity @s {} merge value {transformation:[-0.8959006732659918f,-0.2212223300626034f,-0.38525662138789457f,0f,0.22122233006260342f,0.5298786182990811f,-0.818711994874345f,1.5f,0.38525662138789446f,-0.8187119948743451f,-0.4257792915650726f,0f,0f,0f,0f,1f],start_interpolation:0}
execute if entity @s[tag=aj.corrupted_beacon_core.bone.17] run data modify entity @s {} merge value {transformation:[-0.8959006732659918f,-0.2212223300626034f,-0.38525662138789457f,0f,0.22122233006260342f,0.5298786182990811f,-0.818711994874345f,1.5f,0.38525662138789446f,-0.8187119948743451f,-0.4257792915650726f,0f,0f,0f,0f,1f],start_interpolation:0}
execute if entity @s[tag=aj.corrupted_beacon_core.bone.18] run data modify entity @s {} merge value {transformation:[-0.8959006732659918f,-0.2212223300626034f,-0.38525662138789457f,0f,0.22122233006260342f,0.5298786182990811f,-0.818711994874345f,1.5f,0.38525662138789446f,-0.8187119948743451f,-0.4257792915650726f,0f,0f,0f,0f,1f],start_interpolation:0}
execute if entity @s[tag=aj.corrupted_beacon_core.bone.19] run data modify entity @s {} merge value {transformation:[-0.8959006732659918f,-0.2212223300626034f,-0.38525662138789457f,0f,0.22122233006260342f,0.5298786182990811f,-0.818711994874345f,1.5f,0.38525662138789446f,-0.8187119948743451f,-0.4257792915650726f,0f,0f,0f,0f,1f],start_interpolation:0}
execute if entity @s[tag=aj.corrupted_beacon_core.bone.20] run data modify entity @s {} merge value {transformation:[-0.8959006732659918f,-0.2212223300626034f,-0.38525662138789457f,0f,0.22122233006260342f,0.5298786182990811f,-0.818711994874345f,1.5f,0.38525662138789446f,-0.8187119948743451f,-0.4257792915650726f,0f,0f,0f,0f,1f],start_interpolation:0}
execute if entity @s[tag=aj.corrupted_beacon_core.bone.21] run data modify entity @s {} merge value {transformation:[-0.7986086969863128f,-0.46238672642562784f,-0.38525662138789457f,0f,0.06460698490405936f,0.5705581538725718f,-0.818711994874345f,1.5f,0.5983728658616051f,-0.6787207881558621f,-0.4257792915650726f,0f,0f,0f,0f,1f],start_interpolation:0}
execute if entity @s[tag=aj.corrupted_beacon_core.bone.22] run data modify entity @s {} merge value {transformation:[-0.7986086969863128f,-0.46238672642562784f,-0.38525662138789457f,0f,0.06460698490405936f,0.5705581538725718f,-0.818711994874345f,1.5f,0.5983728658616051f,-0.6787207881558621f,-0.4257792915650726f,0f,0f,0f,0f,1f],start_interpolation:0}
execute if entity @s[tag=aj.corrupted_beacon_core.bone.23] run data modify entity @s {} merge value {transformation:[-0.7986086969863128f,-0.46238672642562784f,-0.38525662138789457f,0f,0.06460698490405936f,0.5705581538725718f,-0.818711994874345f,1.5f,0.5983728658616051f,-0.6787207881558621f,-0.4257792915650726f,0f,0f,0f,0f,1f],start_interpolation:0}
execute if entity @s[tag=aj.corrupted_beacon_core.bone.24] run data modify entity @s {} merge value {transformation:[-0.7986086969863128f,-0.46238672642562784f,-0.38525662138789457f,0f,0.06460698490405936f,0.5705581538725718f,-0.818711994874345f,1.5f,0.5983728658616051f,-0.6787207881558621f,-0.4257792915650726f,0f,0f,0f,0f,1f],start_interpolation:0}
execute if entity @s[tag=aj.corrupted_beacon_core.bone.25] run data modify entity @s {} merge value {transformation:[-0.7986086969863128f,-0.46238672642562784f,-0.38525662138789457f,0f,0.06460698490405936f,0.5705581538725718f,-0.818711994874345f,1.5f,0.5983728658616051f,-0.6787207881558621f,-0.4257792915650726f,0f,0f,0f,0f,1f],start_interpolation:0}
execute if entity @s[tag=aj.corrupted_beacon_core.bone.26] run data modify entity @s {} merge value {transformation:[-0.7986086969863128f,-0.46238672642562784f,-0.38525662138789457f,0f,0.06460698490405936f,0.5705581538725718f,-0.818711994874345f,1.5f,0.5983728658616051f,-0.6787207881558621f,-0.4257792915650726f,0f,0f,0f,0f,1f],start_interpolation:0}
execute if entity @s[tag=aj.corrupted_beacon_core.bone.27] run data modify entity @s {} merge value {transformation:[-0.8973938410547685f,-0.22159103394604107f,-0.3858987157568744f,0f,0.2215910339460411f,0.5307617493295796f,-0.8200765148658022f,1.5f,0.3858987157568743f,-0.8200765148658024f,-0.4264889237176811f,0f,0f,0f,0f,1f],start_interpolation:0}