execute if entity @s[tag=aj.corrupted_beacon_core.bone.exterior] run data modify entity @s {} merge value {transformation:[-5.099813635365063f,0.3214874599900856f,-0.3208530779246206f,0f,-0.32085307792462f,-5.109896849552753f,-0.020186364634936886f,1.5025f,-0.32148745999008627f,3.937085888428712e-17f,5.109896849552753f,0f,0f,0f,0f,1f],start_interpolation:0}
execute if entity @s[tag=aj.corrupted_beacon_core.bone.1] run data modify entity @s {} merge value {transformation:[0.9917994583433827f,0.12541825793643022f,0.0627710611434558f,0f,-0.12541825793643027f,0.9937760187010645f,-0.003949220424999046f,1.5f,-0.06277106114345582f,-0.0039492204249990314f,0.9996901063089858f,0f,0f,0f,0f,1f],start_interpolation:0}
execute if entity @s[tag=aj.corrupted_beacon_core.bone.2] run data modify entity @s {} merge value {transformation:[0.9917994583433827f,0.12541825793643022f,0.0627710611434558f,0f,-0.12541825793643027f,0.9937760187010645f,-0.003949220424999046f,1.5f,-0.06277106114345582f,-0.0039492204249990314f,0.9996901063089858f,0f,0f,0f,0f,1f],start_interpolation:0}
execute if entity @s[tag=aj.corrupted_beacon_core.bone.3] run data modify entity @s {} merge value {transformation:[0.03152507309337628f,-0.9992007179543522f,0.0627710611434558f,0f,1.0011685062672024f,0.03133906233194265f,-0.003949220424999046f,1.5f,0.001975585044461326f,0.0628641354253186f,0.9996901063089858f,0f,0f,0f,0f,1f],start_interpolation:0}
execute if entity @s[tag=aj.corrupted_beacon_core.bone.4] run data modify entity @s {} merge value {transformation:[0.6249571025193922f,0.780272083958283f,0.0627710611434558f,0f,-0.7816475976044308f,0.6263765224913597f,-0.003949220424999046f,1.5f,-0.042329236715296134f,-0.04651922374826479f,0.9996901063089858f,0f,0f,0f,0f,1f],start_interpolation:0}
execute if entity @s[tag=aj.corrupted_beacon_core.bone.5] run data modify entity @s {} merge value {transformation:[0.6249571025193922f,0.780272083958283f,0.0627710611434558f,0f,-0.7816475976044308f,0.6263765224913597f,-0.003949220424999046f,1.5f,-0.042329236715296134f,-0.04651922374826479f,0.9996901063089858f,0f,0f,0f,0f,1f],start_interpolation:0}
execute if entity @s[tag=aj.corrupted_beacon_core.bone.6] run data modify entity @s {} merge value {transformation:[0.6249571025193922f,0.780272083958283f,0.0627710611434558f,0f,-0.7816475976044308f,0.6263765224913597f,-0.003949220424999046f,1.5f,-0.042329236715296134f,-0.04651922374826479f,0.9996901063089858f,0f,0f,0f,0f,1f],start_interpolation:0}
execute if entity @s[tag=aj.corrupted_beacon_core.bone.7] run data modify entity @s {} merge value {transformation:[0.03152507309337628f,-0.9992007179543522f,0.0627710611434558f,0f,1.0011685062672024f,0.03133906233194265f,-0.003949220424999046f,1.5f,0.001975585044461326f,0.0628641354253186f,0.9996901063089858f,0f,0f,0f,0f,1f],start_interpolation:0}
execute if entity @s[tag=aj.corrupted_beacon_core.bone.8] run data modify entity @s {} merge value {transformation:[0.03152507309337628f,-0.9992007179543522f,0.0627710611434558f,0f,1.0011685062672024f,0.03133906233194265f,-0.003949220424999046f,1.5f,0.001975585044461326f,0.0628641354253186f,0.9996901063089858f,0f,0f,0f,0f,1f],start_interpolation:0}
execute if entity @s[tag=aj.corrupted_beacon_core.bone.9] run data modify entity @s {} merge value {transformation:[-0.9960573506572389f,-0.0627905195293136f,0.06266661678215221f,0f,0.06266661678215234f,-0.998026728428272f,-0.003942649342761111f,1.5f,0.06279051952931347f,-7.689620875837327e-18f,0.998026728428272f,0f,0f,0f,0f,1f],start_interpolation:0}
execute if entity @s[tag=aj.corrupted_beacon_core.bone.10] run data modify entity @s {} merge value {transformation:[0.031472618728828235f,-0.9975381543637459f,0.06266661678215221f,0f,0.9995026684863917f,0.03128691746949349f,-0.003942649342761111f,1.5f,0.0019722978813257828f,0.06275953619832139f,0.998026728428272f,0f,0f,0f,0f,1f],start_interpolation:0}
execute if entity @s[tag=aj.corrupted_beacon_core.bone.11] run data modify entity @s {} merge value {transformation:[0.031472618728828235f,-0.9975381543637459f,0.06266661678215221f,0f,0.9995026684863917f,0.03128691746949349f,-0.003942649342761111f,1.5f,0.0019722978813257828f,0.06275953619832139f,0.998026728428272f,0f,0f,0f,0f,1f],start_interpolation:0}
execute if entity @s[tag=aj.corrupted_beacon_core.bone.12] run data modify entity @s {} merge value {transformation:[0.031472618728828235f,-0.9975381543637459f,0.06266661678215221f,0f,0.9995026684863917f,0.03128691746949349f,-0.003942649342761111f,1.5f,0.0019722978813257828f,0.06275953619832139f,0.998026728428272f,0f,0f,0f,0f,1f],start_interpolation:0}
execute if entity @s[tag=aj.corrupted_beacon_core.bone.13] run data modify entity @s {} merge value {transformation:[0.031472618728828235f,-0.9975381543637459f,0.06266661678215221f,0f,0.9995026684863917f,0.03128691746949349f,-0.003942649342761111f,1.5f,0.0019722978813257828f,0.06275953619832139f,0.998026728428272f,0f,0f,0f,0f,1f],start_interpolation:0}
execute if entity @s[tag=aj.corrupted_beacon_core.bone.14] run data modify entity @s {} merge value {transformation:[0.031472618728828235f,-0.9975381543637459f,0.06266661678215221f,0f,0.9995026684863917f,0.03128691746949349f,-0.003942649342761111f,1.5f,0.0019722978813257828f,0.06275953619832139f,0.998026728428272f,0f,0f,0f,0f,1f],start_interpolation:0}
execute if entity @s[tag=aj.corrupted_beacon_core.bone.15] run data modify entity @s {} merge value {transformation:[0.9901492096606149f,0.12520957531091204f,0.06266661678215221f,0f,-0.1252095753109121f,0.9921224812323438f,-0.003942649342761111f,1.5f,-0.06266661678215223f,-0.003942649342761096f,0.998026728428272f,0f,0f,0f,0f,1f],start_interpolation:0}
execute if entity @s[tag=aj.corrupted_beacon_core.bone.16] run data modify entity @s {} merge value {transformation:[0.9901492096606149f,0.12520957531091204f,0.06266661678215221f,0f,-0.1252095753109121f,0.9921224812323438f,-0.003942649342761111f,1.5f,-0.06266661678215223f,-0.003942649342761096f,0.998026728428272f,0f,0f,0f,0f,1f],start_interpolation:0}
execute if entity @s[tag=aj.corrupted_beacon_core.bone.17] run data modify entity @s {} merge value {transformation:[0.9901492096606149f,0.12520957531091204f,0.06266661678215221f,0f,-0.1252095753109121f,0.9921224812323438f,-0.003942649342761111f,1.5f,-0.06266661678215223f,-0.003942649342761096f,0.998026728428272f,0f,0f,0f,0f,1f],start_interpolation:0}
execute if entity @s[tag=aj.corrupted_beacon_core.bone.18] run data modify entity @s {} merge value {transformation:[0.9901492096606149f,0.12520957531091204f,0.06266661678215221f,0f,-0.1252095753109121f,0.9921224812323438f,-0.003942649342761111f,1.5f,-0.06266661678215223f,-0.003942649342761096f,0.998026728428272f,0f,0f,0f,0f,1f],start_interpolation:0}
execute if entity @s[tag=aj.corrupted_beacon_core.bone.19] run data modify entity @s {} merge value {transformation:[0.9901492096606149f,0.12520957531091204f,0.06266661678215221f,0f,-0.1252095753109121f,0.9921224812323438f,-0.003942649342761111f,1.5f,-0.06266661678215223f,-0.003942649342761096f,0.998026728428272f,0f,0f,0f,0f,1f],start_interpolation:0}
execute if entity @s[tag=aj.corrupted_beacon_core.bone.20] run data modify entity @s {} merge value {transformation:[0.9901492096606149f,0.12520957531091204f,0.06266661678215221f,0f,-0.1252095753109121f,0.9921224812323438f,-0.003942649342761111f,1.5f,-0.06266661678215223f,-0.003942649342761096f,0.998026728428272f,0f,0f,0f,0f,1f],start_interpolation:0}
execute if entity @s[tag=aj.corrupted_beacon_core.bone.21] run data modify entity @s {} merge value {transformation:[0.6239172404519722f,0.7789737943011144f,0.06266661678215221f,0f,-0.7803470192390324f,0.6253342986602592f,-0.003942649342761111f,1.5f,-0.04225880537300779f,-0.04644182071374189f,0.998026728428272f,0f,0f,0f,0f,1f],start_interpolation:0}
execute if entity @s[tag=aj.corrupted_beacon_core.bone.22] run data modify entity @s {} merge value {transformation:[0.6239172404519722f,0.7789737943011144f,0.06266661678215221f,0f,-0.7803470192390324f,0.6253342986602592f,-0.003942649342761111f,1.5f,-0.04225880537300779f,-0.04644182071374189f,0.998026728428272f,0f,0f,0f,0f,1f],start_interpolation:0}
execute if entity @s[tag=aj.corrupted_beacon_core.bone.23] run data modify entity @s {} merge value {transformation:[0.6239172404519722f,0.7789737943011144f,0.06266661678215221f,0f,-0.7803470192390324f,0.6253342986602592f,-0.003942649342761111f,1.5f,-0.04225880537300779f,-0.04644182071374189f,0.998026728428272f,0f,0f,0f,0f,1f],start_interpolation:0}
execute if entity @s[tag=aj.corrupted_beacon_core.bone.24] run data modify entity @s {} merge value {transformation:[0.6239172404519722f,0.7789737943011144f,0.06266661678215221f,0f,-0.7803470192390324f,0.6253342986602592f,-0.003942649342761111f,1.5f,-0.04225880537300779f,-0.04644182071374189f,0.998026728428272f,0f,0f,0f,0f,1f],start_interpolation:0}
execute if entity @s[tag=aj.corrupted_beacon_core.bone.25] run data modify entity @s {} merge value {transformation:[0.6239172404519722f,0.7789737943011144f,0.06266661678215221f,0f,-0.7803470192390324f,0.6253342986602592f,-0.003942649342761111f,1.5f,-0.04225880537300779f,-0.04644182071374189f,0.998026728428272f,0f,0f,0f,0f,1f],start_interpolation:0}
execute if entity @s[tag=aj.corrupted_beacon_core.bone.26] run data modify entity @s {} merge value {transformation:[0.6239172404519722f,0.7789737943011144f,0.06266661678215221f,0f,-0.7803470192390324f,0.6253342986602592f,-0.003942649342761111f,1.5f,-0.04225880537300779f,-0.04644182071374189f,0.998026728428272f,0f,0f,0f,0f,1f],start_interpolation:0}
execute if entity @s[tag=aj.corrupted_beacon_core.bone.27] run data modify entity @s {} merge value {transformation:[0.9917994583433827f,0.12541825793643022f,0.0627710611434558f,0f,-0.12541825793643027f,0.9937760187010645f,-0.003949220424999046f,1.5f,-0.06277106114345582f,-0.0039492204249990314f,0.9996901063089858f,0f,0f,0f,0f,1f],start_interpolation:0}