execute if entity @s[tag=aj.corrupted_beacon_core.bone.exterior] run data modify entity @s {} merge value {transformation:[-0.08042710751070326f,5.079627270730127f,-0.6366461111420274f,0f,-0.6366461111420273f,-0.6417061558492366f,-5.039572892489296f,1.5025f,-5.079627270730127f,6.220749277961255e-16f,0.6417061558492365f,0f,0f,0f,0f,1f],start_interpolation:0}
execute if entity @s[tag=aj.corrupted_beacon_core.bone.1] run data modify entity @s {} merge value {transformation:[-0.983959998218194f,0.14016271326804883f,0.12455218515506457f,0f,-0.14016271326804874f,-0.10783545383843858f,-0.9859320665319229f,1.5f,-0.12455218515506469f,-0.9859320665319229f,0.12554212228691125f,0f,0f,0f,0f,1f],start_interpolation:0}
execute if entity @s[tag=aj.corrupted_beacon_core.bone.2] run data modify entity @s {} merge value {transformation:[-0.983959998218194f,0.14016271326804883f,0.12455218515506457f,0f,-0.14016271326804874f,-0.10783545383843858f,-0.9859320665319229f,1.5f,-0.12455218515506469f,-0.9859320665319229f,0.12554212228691125f,0f,0f,0f,0f,1f],start_interpolation:0}
execute if entity @s[tag=aj.corrupted_beacon_core.bone.3] run data modify entity @s {} merge value {transformation:[0.7350310690668761f,-0.6689934168514776f,0.12455218515506457f,0f,0.17653837352734555f,0.01040547776522928f,-0.9859320665319229f,1.5f,0.6571907191141974f,0.7454365468321054f,0.12554212228691125f,0f,0f,0f,0f,1f],start_interpolation:0}
execute if entity @s[tag=aj.corrupted_beacon_core.bone.4] run data modify entity @s {} merge value {transformation:[-0.954463335505122f,-0.2771689114252297f,0.12455218515506457f,0f,-0.0833689185133982f,-0.15596055501667605f,-0.9859320665319229f,1.5f,0.2922079323246627f,-0.9498367285641016f,0.12554212228691125f,0f,0f,0f,0f,1f],start_interpolation:0}
execute if entity @s[tag=aj.corrupted_beacon_core.bone.5] run data modify entity @s {} merge value {transformation:[-0.954463335505122f,-0.2771689114252297f,0.12455218515506457f,0f,-0.0833689185133982f,-0.15596055501667605f,-0.9859320665319229f,1.5f,0.2922079323246627f,-0.9498367285641016f,0.12554212228691125f,0f,0f,0f,0f,1f],start_interpolation:0}
execute if entity @s[tag=aj.corrupted_beacon_core.bone.6] run data modify entity @s {} merge value {transformation:[-0.954463335505122f,-0.2771689114252297f,0.12455218515506457f,0f,-0.0833689185133982f,-0.15596055501667605f,-0.9859320665319229f,1.5f,0.2922079323246627f,-0.9498367285641016f,0.12554212228691125f,0f,0f,0f,0f,1f],start_interpolation:0}
execute if entity @s[tag=aj.corrupted_beacon_core.bone.7] run data modify entity @s {} merge value {transformation:[0.7350310690668761f,-0.6689934168514776f,0.12455218515506457f,0f,0.17653837352734555f,0.01040547776522928f,-0.9859320665319229f,1.5f,0.6571907191141974f,0.7454365468321054f,0.12554212228691125f,0f,0f,0f,0f,1f],start_interpolation:0}
execute if entity @s[tag=aj.corrupted_beacon_core.bone.8] run data modify entity @s {} merge value {transformation:[0.7350310690668761f,-0.6689934168514776f,0.12455218515506457f,0f,0.17653837352734555f,0.01040547776522928f,-0.9859320665319229f,1.5f,0.6571907191141974f,0.7454365468321054f,0.12554212228691125f,0f,0f,0f,0f,1f],start_interpolation:0}
execute if entity @s[tag=aj.corrupted_beacon_core.bone.9] run data modify entity @s {} merge value {transformation:[-0.015708419435684472f,-0.9921147013144779f,0.12434494358242719f,0f,0.1243449435824272f,-0.12533323356430404f,-0.9842915805643156f,1.5f,0.9921147013144779f,-1.2149900933518077e-16f,0.12533323356430406f,0f,0f,0f,0f,1f],start_interpolation:0}
execute if entity @s[tag=aj.corrupted_beacon_core.bone.10] run data modify entity @s {} merge value {transformation:[0.7338080556408081f,-0.6678802830464002f,0.12434494358242719f,0f,0.1762446324732235f,0.010388164158298782f,-0.9842915805643156f,1.5f,0.6560972237412952f,0.7441962197991068f,0.12533323356430406f,0f,0f,0f,0f,1f],start_interpolation:0}
execute if entity @s[tag=aj.corrupted_beacon_core.bone.11] run data modify entity @s {} merge value {transformation:[0.7338080556408081f,-0.6678802830464002f,0.12434494358242719f,0f,0.1762446324732235f,0.010388164158298782f,-0.9842915805643156f,1.5f,0.6560972237412952f,0.7441962197991068f,0.12533323356430406f,0f,0f,0f,0f,1f],start_interpolation:0}
execute if entity @s[tag=aj.corrupted_beacon_core.bone.12] run data modify entity @s {} merge value {transformation:[0.7338080556408081f,-0.6678802830464002f,0.12434494358242719f,0f,0.1762446324732235f,0.010388164158298782f,-0.9842915805643156f,1.5f,0.6560972237412952f,0.7441962197991068f,0.12533323356430406f,0f,0f,0f,0f,1f],start_interpolation:0}
execute if entity @s[tag=aj.corrupted_beacon_core.bone.13] run data modify entity @s {} merge value {transformation:[0.7338080556408081f,-0.6678802830464002f,0.12434494358242719f,0f,0.1762446324732235f,0.010388164158298782f,-0.9842915805643156f,1.5f,0.6560972237412952f,0.7441962197991068f,0.12533323356430406f,0f,0f,0f,0f,1f],start_interpolation:0}
execute if entity @s[tag=aj.corrupted_beacon_core.bone.14] run data modify entity @s {} merge value {transformation:[0.7338080556408081f,-0.6678802830464002f,0.12434494358242719f,0f,0.1762446324732235f,0.010388164158298782f,-0.9842915805643156f,1.5f,0.6560972237412952f,0.7441962197991068f,0.12533323356430406f,0f,0f,0f,0f,1f],start_interpolation:0}
execute if entity @s[tag=aj.corrupted_beacon_core.bone.15] run data modify entity @s {} merge value {transformation:[-0.9823227935622569f,0.13992949743898384f,0.12434494358242719f,0f,-0.13992949743898375f,-0.10765602712656097f,-0.9842915805643156f,1.5f,-0.12434494358242731f,-0.9842915805643156f,0.12533323356430406f,0f,0f,0f,0f,1f],start_interpolation:0}
execute if entity @s[tag=aj.corrupted_beacon_core.bone.16] run data modify entity @s {} merge value {transformation:[-0.9823227935622569f,0.13992949743898384f,0.12434494358242719f,0f,-0.13992949743898375f,-0.10765602712656097f,-0.9842915805643156f,1.5f,-0.12434494358242731f,-0.9842915805643156f,0.12533323356430406f,0f,0f,0f,0f,1f],start_interpolation:0}
execute if entity @s[tag=aj.corrupted_beacon_core.bone.17] run data modify entity @s {} merge value {transformation:[-0.9823227935622569f,0.13992949743898384f,0.12434494358242719f,0f,-0.13992949743898375f,-0.10765602712656097f,-0.9842915805643156f,1.5f,-0.12434494358242731f,-0.9842915805643156f,0.12533323356430406f,0f,0f,0f,0f,1f],start_interpolation:0}
execute if entity @s[tag=aj.corrupted_beacon_core.bone.18] run data modify entity @s {} merge value {transformation:[-0.9823227935622569f,0.13992949743898384f,0.12434494358242719f,0f,-0.13992949743898375f,-0.10765602712656097f,-0.9842915805643156f,1.5f,-0.12434494358242731f,-0.9842915805643156f,0.12533323356430406f,0f,0f,0f,0f,1f],start_interpolation:0}
execute if entity @s[tag=aj.corrupted_beacon_core.bone.19] run data modify entity @s {} merge value {transformation:[-0.9823227935622569f,0.13992949743898384f,0.12434494358242719f,0f,-0.13992949743898375f,-0.10765602712656097f,-0.9842915805643156f,1.5f,-0.12434494358242731f,-0.9842915805643156f,0.12533323356430406f,0f,0f,0f,0f,1f],start_interpolation:0}
execute if entity @s[tag=aj.corrupted_beacon_core.bone.20] run data modify entity @s {} merge value {transformation:[-0.9823227935622569f,0.13992949743898384f,0.12434494358242719f,0f,-0.13992949743898375f,-0.10765602712656097f,-0.9842915805643156f,1.5f,-0.12434494358242731f,-0.9842915805643156f,0.12533323356430406f,0f,0f,0f,0f,1f],start_interpolation:0}
execute if entity @s[tag=aj.corrupted_beacon_core.bone.21] run data modify entity @s {} merge value {transformation:[-0.9528752101548639f,-0.2767077318721095f,0.12434494358242719f,0f,-0.08323020151088006f,-0.15570105326124065f,-0.9842915805643156f,1.5f,0.29172172944225894f,-0.9482563013951097f,0.12533323356430406f,0f,0f,0f,0f,1f],start_interpolation:0}
execute if entity @s[tag=aj.corrupted_beacon_core.bone.22] run data modify entity @s {} merge value {transformation:[-0.9528752101548639f,-0.2767077318721095f,0.12434494358242719f,0f,-0.08323020151088006f,-0.15570105326124065f,-0.9842915805643156f,1.5f,0.29172172944225894f,-0.9482563013951097f,0.12533323356430406f,0f,0f,0f,0f,1f],start_interpolation:0}
execute if entity @s[tag=aj.corrupted_beacon_core.bone.23] run data modify entity @s {} merge value {transformation:[-0.9528752101548639f,-0.2767077318721095f,0.12434494358242719f,0f,-0.08323020151088006f,-0.15570105326124065f,-0.9842915805643156f,1.5f,0.29172172944225894f,-0.9482563013951097f,0.12533323356430406f,0f,0f,0f,0f,1f],start_interpolation:0}
execute if entity @s[tag=aj.corrupted_beacon_core.bone.24] run data modify entity @s {} merge value {transformation:[-0.9528752101548639f,-0.2767077318721095f,0.12434494358242719f,0f,-0.08323020151088006f,-0.15570105326124065f,-0.9842915805643156f,1.5f,0.29172172944225894f,-0.9482563013951097f,0.12533323356430406f,0f,0f,0f,0f,1f],start_interpolation:0}
execute if entity @s[tag=aj.corrupted_beacon_core.bone.25] run data modify entity @s {} merge value {transformation:[-0.9528752101548639f,-0.2767077318721095f,0.12434494358242719f,0f,-0.08323020151088006f,-0.15570105326124065f,-0.9842915805643156f,1.5f,0.29172172944225894f,-0.9482563013951097f,0.12533323356430406f,0f,0f,0f,0f,1f],start_interpolation:0}
execute if entity @s[tag=aj.corrupted_beacon_core.bone.26] run data modify entity @s {} merge value {transformation:[-0.9528752101548639f,-0.2767077318721095f,0.12434494358242719f,0f,-0.08323020151088006f,-0.15570105326124065f,-0.9842915805643156f,1.5f,0.29172172944225894f,-0.9482563013951097f,0.12533323356430406f,0f,0f,0f,0f,1f],start_interpolation:0}
execute if entity @s[tag=aj.corrupted_beacon_core.bone.27] run data modify entity @s {} merge value {transformation:[-0.983959998218194f,0.14016271326804883f,0.12455218515506457f,0f,-0.14016271326804874f,-0.10783545383843858f,-0.9859320665319229f,1.5f,-0.12455218515506469f,-0.9859320665319229f,0.12554212228691125f,0f,0f,0f,0f,1f],start_interpolation:0}