execute if entity @s[tag=aj.corrupted_beacon_core.bone.exterior] run data modify entity @s {} merge value {transformation:[-4.803345100912289f,-1.2732922222840592f,-1.2332894057003931f,0f,-1.2332894057003936f,4.959145784978591f,-0.31665489908771066f,1.5025f,1.2732922222840588f,-1.5593332443993932e-16f,-4.959145784978591f,0f,0f,0f,0f,1f],start_interpolation:0}
execute if entity @s[tag=aj.corrupted_beacon_core.bone.1] run data modify entity @s {} merge value {transformation:[-0.9721437313260275f,0.0075802014254342485f,0.241278298445943f,0f,-0.007580201425434276f,0.999720401737818f,-0.0619497377446986f,1.5f,-0.24127829844594298f,-0.06194973774469859f,-0.9701974663971787f,0f,0f,0f,0f,1f],start_interpolation:0}
execute if entity @s[tag=aj.corrupted_beacon_core.bone.2] run data modify entity @s {} merge value {transformation:[-0.9721437313260275f,0.0075802014254342485f,0.241278298445943f,0f,-0.007580201425434276f,0.999720401737818f,-0.0619497377446986f,1.5f,-0.24127829844594298f,-0.06194973774469859f,-0.9701974663971787f,0f,0f,0f,0f,1f],start_interpolation:0}
execute if entity @s[tag=aj.corrupted_beacon_core.bone.3] run data modify entity @s {} merge value {transformation:[0.9010859240316081f,-0.36491786928327374f,0.241278298445943f,0f,-0.36097373265581617f,-0.9323069802575767f,-0.0619497377446986f,1.5f,0.2471401079463659f,-0.03122105622596859f,-0.9701974663971787f,0f,0f,0f,0f,1f],start_interpolation:0}
execute if entity @s[tag=aj.corrupted_beacon_core.bone.4] run data modify entity @s {} merge value {transformation:[-0.06860665357658055f,-0.9697494629517279f,0.241278298445943f,0f,-0.9982236466750316f,0.05520771977971859f,-0.0619497377446986f,1.5f,0.04667750437776132f,-0.244692047056439f,-0.9701974663971787f,0f,0f,0f,0f,1f],start_interpolation:0}
execute if entity @s[tag=aj.corrupted_beacon_core.bone.5] run data modify entity @s {} merge value {transformation:[-0.06860665357658055f,-0.9697494629517279f,0.241278298445943f,0f,-0.9982236466750316f,0.05520771977971859f,-0.0619497377446986f,1.5f,0.04667750437776132f,-0.244692047056439f,-0.9701974663971787f,0f,0f,0f,0f,1f],start_interpolation:0}
execute if entity @s[tag=aj.corrupted_beacon_core.bone.6] run data modify entity @s {} merge value {transformation:[-0.06860665357658055f,-0.9697494629517279f,0.241278298445943f,0f,-0.9982236466750316f,0.05520771977971859f,-0.0619497377446986f,1.5f,0.04667750437776132f,-0.244692047056439f,-0.9701974663971787f,0f,0f,0f,0f,1f],start_interpolation:0}
execute if entity @s[tag=aj.corrupted_beacon_core.bone.7] run data modify entity @s {} merge value {transformation:[0.9010859240316081f,-0.36491786928327374f,0.241278298445943f,0f,-0.36097373265581617f,-0.9323069802575767f,-0.0619497377446986f,1.5f,0.2471401079463659f,-0.03122105622596859f,-0.9701974663971787f,0f,0f,0f,0f,1f],start_interpolation:0}
execute if entity @s[tag=aj.corrupted_beacon_core.bone.8] run data modify entity @s {} merge value {transformation:[0.9010859240316081f,-0.36491786928327374f,0.241278298445943f,0f,-0.36097373265581617f,-0.9323069802575767f,-0.0619497377446986f,1.5f,0.2471401079463659f,-0.03122105622596859f,-0.9701974663971787f,0f,0f,0f,0f,1f],start_interpolation:0}
execute if entity @s[tag=aj.corrupted_beacon_core.bone.9] run data modify entity @s {} merge value {transformation:[-0.9381533400219315f,0.24868988716485532f,0.24087683705085824f,0f,0.24087683705085813f,0.968583161128631f,-0.061846659978068486f,1.5f,-0.24868988716485543f,3.045572742967565e-17f,-0.968583161128631f,0f,0f,0f,0f,1f],start_interpolation:0}
execute if entity @s[tag=aj.corrupted_beacon_core.bone.10] run data modify entity @s {} merge value {transformation:[0.8995866130099249f,-0.36431068480859274f,0.24087683705085824f,0f,-0.36037311080447537f,-0.9307557207230384f,-0.061846659978068486f,1.5f,0.24672889312449173f,-0.0311691077131134f,-0.968583161128631f,0f,0f,0f,0f,1f],start_interpolation:0}
execute if entity @s[tag=aj.corrupted_beacon_core.bone.11] run data modify entity @s {} merge value {transformation:[0.8995866130099249f,-0.36431068480859274f,0.24087683705085824f,0f,-0.36037311080447537f,-0.9307557207230384f,-0.061846659978068486f,1.5f,0.24672889312449173f,-0.0311691077131134f,-0.968583161128631f,0f,0f,0f,0f,1f],start_interpolation:0}
execute if entity @s[tag=aj.corrupted_beacon_core.bone.12] run data modify entity @s {} merge value {transformation:[0.8995866130099249f,-0.36431068480859274f,0.24087683705085824f,0f,-0.36037311080447537f,-0.9307557207230384f,-0.061846659978068486f,1.5f,0.24672889312449173f,-0.0311691077131134f,-0.968583161128631f,0f,0f,0f,0f,1f],start_interpolation:0}
execute if entity @s[tag=aj.corrupted_beacon_core.bone.13] run data modify entity @s {} merge value {transformation:[0.8995866130099249f,-0.36431068480859274f,0.24087683705085824f,0f,-0.36037311080447537f,-0.9307557207230384f,-0.061846659978068486f,1.5f,0.24672889312449173f,-0.0311691077131134f,-0.968583161128631f,0f,0f,0f,0f,1f],start_interpolation:0}
execute if entity @s[tag=aj.corrupted_beacon_core.bone.14] run data modify entity @s {} merge value {transformation:[0.8995866130099249f,-0.36431068480859274f,0.24087683705085824f,0f,-0.36037311080447537f,-0.9307557207230384f,-0.061846659978068486f,1.5f,0.24672889312449173f,-0.0311691077131134f,-0.968583161128631f,0f,0f,0f,0f,1f],start_interpolation:0}
execute if entity @s[tag=aj.corrupted_beacon_core.bone.15] run data modify entity @s {} merge value {transformation:[-0.9705261876798943f,0.007567588777471795f,0.24087683705085824f,0f,-0.007567588777471823f,0.9980569734487367f,-0.061846659978068486f,1.5f,-0.24087683705085822f,-0.06184665997806848f,-0.968583161128631f,0f,0f,0f,0f,1f],start_interpolation:0}
execute if entity @s[tag=aj.corrupted_beacon_core.bone.16] run data modify entity @s {} merge value {transformation:[-0.9705261876798943f,0.007567588777471795f,0.24087683705085824f,0f,-0.007567588777471823f,0.9980569734487367f,-0.061846659978068486f,1.5f,-0.24087683705085822f,-0.06184665997806848f,-0.968583161128631f,0f,0f,0f,0f,1f],start_interpolation:0}
execute if entity @s[tag=aj.corrupted_beacon_core.bone.17] run data modify entity @s {} merge value {transformation:[-0.9705261876798943f,0.007567588777471795f,0.24087683705085824f,0f,-0.007567588777471823f,0.9980569734487367f,-0.061846659978068486f,1.5f,-0.24087683705085822f,-0.06184665997806848f,-0.968583161128631f,0f,0f,0f,0f,1f],start_interpolation:0}
execute if entity @s[tag=aj.corrupted_beacon_core.bone.18] run data modify entity @s {} merge value {transformation:[-0.9705261876798943f,0.007567588777471795f,0.24087683705085824f,0f,-0.007567588777471823f,0.9980569734487367f,-0.061846659978068486f,1.5f,-0.24087683705085822f,-0.06184665997806848f,-0.968583161128631f,0f,0f,0f,0f,1f],start_interpolation:0}
execute if entity @s[tag=aj.corrupted_beacon_core.bone.19] run data modify entity @s {} merge value {transformation:[-0.9705261876798943f,0.007567588777471795f,0.24087683705085824f,0f,-0.007567588777471823f,0.9980569734487367f,-0.061846659978068486f,1.5f,-0.24087683705085822f,-0.06184665997806848f,-0.968583161128631f,0f,0f,0f,0f,1f],start_interpolation:0}
execute if entity @s[tag=aj.corrupted_beacon_core.bone.20] run data modify entity @s {} merge value {transformation:[-0.9705261876798943f,0.007567588777471795f,0.24087683705085824f,0f,-0.007567588777471823f,0.9980569734487367f,-0.061846659978068486f,1.5f,-0.24087683705085822f,-0.06184665997806848f,-0.968583161128631f,0f,0f,0f,0f,1f],start_interpolation:0}
execute if entity @s[tag=aj.corrupted_beacon_core.bone.21] run data modify entity @s {} merge value {transformation:[-0.06849249941089572f,-0.9681359031132059f,0.24087683705085824f,0f,-0.9965627088269866f,0.055115860013030205f,-0.061846659978068486f,1.5f,0.0465998379811261f,-0.24428490554719365f,-0.968583161128631f,0f,0f,0f,0f,1f],start_interpolation:0}
execute if entity @s[tag=aj.corrupted_beacon_core.bone.22] run data modify entity @s {} merge value {transformation:[-0.06849249941089572f,-0.9681359031132059f,0.24087683705085824f,0f,-0.9965627088269866f,0.055115860013030205f,-0.061846659978068486f,1.5f,0.0465998379811261f,-0.24428490554719365f,-0.968583161128631f,0f,0f,0f,0f,1f],start_interpolation:0}
execute if entity @s[tag=aj.corrupted_beacon_core.bone.23] run data modify entity @s {} merge value {transformation:[-0.06849249941089572f,-0.9681359031132059f,0.24087683705085824f,0f,-0.9965627088269866f,0.055115860013030205f,-0.061846659978068486f,1.5f,0.0465998379811261f,-0.24428490554719365f,-0.968583161128631f,0f,0f,0f,0f,1f],start_interpolation:0}
execute if entity @s[tag=aj.corrupted_beacon_core.bone.24] run data modify entity @s {} merge value {transformation:[-0.06849249941089572f,-0.9681359031132059f,0.24087683705085824f,0f,-0.9965627088269866f,0.055115860013030205f,-0.061846659978068486f,1.5f,0.0465998379811261f,-0.24428490554719365f,-0.968583161128631f,0f,0f,0f,0f,1f],start_interpolation:0}
execute if entity @s[tag=aj.corrupted_beacon_core.bone.25] run data modify entity @s {} merge value {transformation:[-0.06849249941089572f,-0.9681359031132059f,0.24087683705085824f,0f,-0.9965627088269866f,0.055115860013030205f,-0.061846659978068486f,1.5f,0.0465998379811261f,-0.24428490554719365f,-0.968583161128631f,0f,0f,0f,0f,1f],start_interpolation:0}
execute if entity @s[tag=aj.corrupted_beacon_core.bone.26] run data modify entity @s {} merge value {transformation:[-0.06849249941089572f,-0.9681359031132059f,0.24087683705085824f,0f,-0.9965627088269866f,0.055115860013030205f,-0.061846659978068486f,1.5f,0.0465998379811261f,-0.24428490554719365f,-0.968583161128631f,0f,0f,0f,0f,1f],start_interpolation:0}
execute if entity @s[tag=aj.corrupted_beacon_core.bone.27] run data modify entity @s {} merge value {transformation:[-0.9721437313260275f,0.0075802014254342485f,0.241278298445943f,0f,-0.007580201425434276f,0.999720401737818f,-0.0619497377446986f,1.5f,-0.24127829844594298f,-0.06194973774469859f,-0.9701974663971787f,0f,0f,0f,0f,1f],start_interpolation:0}