execute if entity @s[tag=aj.corrupted_beacon_core.bone.exterior] run data modify entity @s {} merge value {transformation:[-0.4889164944001334f,4.869409363431187f,1.504730245868732f,0f,1.5047302458687315f,1.5821670111997304f,-4.631083505599865f,1.5025f,-4.869409363431187f,8.805477533704555e-16f,-1.5821670111997301f,0f,0f,0f,0f,1f],start_interpolation:0}
execute if entity @s[tag=aj.corrupted_beacon_core.bone.1] run data modify entity @s {} merge value {transformation:[-0.9355736893655725f,-0.20341326816247582f,-0.29438244718981366f,0f,0.20341326816247568f,0.3756250000000001f,-0.9060160113494529f,1.5f,0.29438244718981366f,-0.906016011349453f,-0.3095320226989057f,0f,0f,0f,0f,1f],start_interpolation:0}
execute if entity @s[tag=aj.corrupted_beacon_core.bone.2] run data modify entity @s {} merge value {transformation:[-0.9355736893655725f,-0.20341326816247582f,-0.29438244718981366f,0f,0.20341326816247568f,0.3756250000000001f,-0.9060160113494529f,1.5f,0.29438244718981366f,-0.906016011349453f,-0.3095320226989057f,0f,0f,0f,0f,1f],start_interpolation:0}
execute if entity @s[tag=aj.corrupted_beacon_core.bone.3] run data modify entity @s {} merge value {transformation:[0.48256568369084585f,-0.826925297001872f,-0.29438244718981366f,0f,-0.4200987606769204f,0.07738300567472638f,-0.9060160113494529f,1.5f,0.7707032524343032f,0.5599486893655723f,-0.3095320226989057f,0f,0f,0f,0f,1f],start_interpolation:0}
execute if entity @s[tag=aj.corrupted_beacon_core.bone.4] run data modify entity @s {} merge value {transformation:[-0.8269252970018719f,-0.48256568369084596f,-0.29438244718981366f,0f,0.0773830056747263f,0.4200987606769204f,-0.9060160113494529f,1.5f,0.5599486893655724f,-0.770703252434303f,-0.3095320226989057f,0f,0f,0f,0f,1f],start_interpolation:0}
execute if entity @s[tag=aj.corrupted_beacon_core.bone.5] run data modify entity @s {} merge value {transformation:[-0.8269252970018719f,-0.48256568369084596f,-0.29438244718981366f,0f,0.0773830056747263f,0.4200987606769204f,-0.9060160113494529f,1.5f,0.5599486893655724f,-0.770703252434303f,-0.3095320226989057f,0f,0f,0f,0f,1f],start_interpolation:0}
execute if entity @s[tag=aj.corrupted_beacon_core.bone.6] run data modify entity @s {} merge value {transformation:[-0.8269252970018719f,-0.48256568369084596f,-0.29438244718981366f,0f,0.0773830056747263f,0.4200987606769204f,-0.9060160113494529f,1.5f,0.5599486893655724f,-0.770703252434303f,-0.3095320226989057f,0f,0f,0f,0f,1f],start_interpolation:0}
execute if entity @s[tag=aj.corrupted_beacon_core.bone.7] run data modify entity @s {} merge value {transformation:[0.48256568369084585f,-0.826925297001872f,-0.29438244718981366f,0f,-0.4200987606769204f,0.07738300567472638f,-0.9060160113494529f,1.5f,0.7707032524343032f,0.5599486893655723f,-0.3095320226989057f,0f,0f,0f,0f,1f],start_interpolation:0}
execute if entity @s[tag=aj.corrupted_beacon_core.bone.8] run data modify entity @s {} merge value {transformation:[0.48256568369084585f,-0.826925297001872f,-0.29438244718981366f,0f,-0.4200987606769204f,0.07738300567472638f,-0.9060160113494529f,1.5f,0.7707032524343032f,0.5599486893655723f,-0.3095320226989057f,0f,0f,0f,0f,1f],start_interpolation:0}
execute if entity @s[tag=aj.corrupted_beacon_core.bone.9] run data modify entity @s {} merge value {transformation:[-0.09549150281252627f,-0.9510565162951536f,-0.29389262614623657f,0f,-0.2938926261462366f,0.30901699437494734f,-0.9045084971874737f,1.5f,0.9510565162951536f,-6.095968061765143e-17f,-0.3090169943749474f,0f,0f,0f,0f,1f],start_interpolation:0}
execute if entity @s[tag=aj.corrupted_beacon_core.bone.10] run data modify entity @s {} merge value {transformation:[0.4817627457812105f,-0.8255493813662615f,-0.29389262614623657f,0f,-0.41939976107512855f,0.07725424859373681f,-0.9045084971874737f,1.5f,0.7694208842938134f,0.5590169943749473f,-0.3090169943749474f,0f,0f,0f,0f,1f],start_interpolation:0}
execute if entity @s[tag=aj.corrupted_beacon_core.bone.11] run data modify entity @s {} merge value {transformation:[0.4817627457812105f,-0.8255493813662615f,-0.29389262614623657f,0f,-0.41939976107512855f,0.07725424859373681f,-0.9045084971874737f,1.5f,0.7694208842938134f,0.5590169943749473f,-0.3090169943749474f,0f,0f,0f,0f,1f],start_interpolation:0}
execute if entity @s[tag=aj.corrupted_beacon_core.bone.12] run data modify entity @s {} merge value {transformation:[0.4817627457812105f,-0.8255493813662615f,-0.29389262614623657f,0f,-0.41939976107512855f,0.07725424859373681f,-0.9045084971874737f,1.5f,0.7694208842938134f,0.5590169943749473f,-0.3090169943749474f,0f,0f,0f,0f,1f],start_interpolation:0}
execute if entity @s[tag=aj.corrupted_beacon_core.bone.13] run data modify entity @s {} merge value {transformation:[0.4817627457812105f,-0.8255493813662615f,-0.29389262614623657f,0f,-0.41939976107512855f,0.07725424859373681f,-0.9045084971874737f,1.5f,0.7694208842938134f,0.5590169943749473f,-0.3090169943749474f,0f,0f,0f,0f,1f],start_interpolation:0}
execute if entity @s[tag=aj.corrupted_beacon_core.bone.14] run data modify entity @s {} merge value {transformation:[0.4817627457812105f,-0.8255493813662615f,-0.29389262614623657f,0f,-0.41939976107512855f,0.07725424859373681f,-0.9045084971874737f,1.5f,0.7694208842938134f,0.5590169943749473f,-0.3090169943749474f,0f,0f,0f,0f,1f],start_interpolation:0}
execute if entity @s[tag=aj.corrupted_beacon_core.bone.15] run data modify entity @s {} merge value {transformation:[-0.9340169943749476f,-0.20307481014556653f,-0.29389262614623657f,0f,0.2030748101455664f,0.37500000000000006f,-0.9045084971874737f,1.5f,0.29389262614623657f,-0.9045084971874738f,-0.3090169943749474f,0f,0f,0f,0f,1f],start_interpolation:0}
execute if entity @s[tag=aj.corrupted_beacon_core.bone.16] run data modify entity @s {} merge value {transformation:[-0.9340169943749476f,-0.20307481014556653f,-0.29389262614623657f,0f,0.2030748101455664f,0.37500000000000006f,-0.9045084971874737f,1.5f,0.29389262614623657f,-0.9045084971874738f,-0.3090169943749474f,0f,0f,0f,0f,1f],start_interpolation:0}
execute if entity @s[tag=aj.corrupted_beacon_core.bone.17] run data modify entity @s {} merge value {transformation:[-0.9340169943749476f,-0.20307481014556653f,-0.29389262614623657f,0f,0.2030748101455664f,0.37500000000000006f,-0.9045084971874737f,1.5f,0.29389262614623657f,-0.9045084971874738f,-0.3090169943749474f,0f,0f,0f,0f,1f],start_interpolation:0}
execute if entity @s[tag=aj.corrupted_beacon_core.bone.18] run data modify entity @s {} merge value {transformation:[-0.9340169943749476f,-0.20307481014556653f,-0.29389262614623657f,0f,0.2030748101455664f,0.37500000000000006f,-0.9045084971874737f,1.5f,0.29389262614623657f,-0.9045084971874738f,-0.3090169943749474f,0f,0f,0f,0f,1f],start_interpolation:0}
execute if entity @s[tag=aj.corrupted_beacon_core.bone.19] run data modify entity @s {} merge value {transformation:[-0.9340169943749476f,-0.20307481014556653f,-0.29389262614623657f,0f,0.2030748101455664f,0.37500000000000006f,-0.9045084971874737f,1.5f,0.29389262614623657f,-0.9045084971874738f,-0.3090169943749474f,0f,0f,0f,0f,1f],start_interpolation:0}
execute if entity @s[tag=aj.corrupted_beacon_core.bone.20] run data modify entity @s {} merge value {transformation:[-0.9340169943749476f,-0.20307481014556653f,-0.29389262614623657f,0f,0.2030748101455664f,0.37500000000000006f,-0.9045084971874737f,1.5f,0.29389262614623657f,-0.9045084971874738f,-0.3090169943749474f,0f,0f,0f,0f,1f],start_interpolation:0}
execute if entity @s[tag=aj.corrupted_beacon_core.bone.21] run data modify entity @s {} merge value {transformation:[-0.8255493813662614f,-0.4817627457812106f,-0.29389262614623657f,0f,0.07725424859373672f,0.41939976107512855f,-0.9045084971874737f,1.5f,0.5590169943749475f,-0.7694208842938133f,-0.3090169943749474f,0f,0f,0f,0f,1f],start_interpolation:0}
execute if entity @s[tag=aj.corrupted_beacon_core.bone.22] run data modify entity @s {} merge value {transformation:[-0.8255493813662614f,-0.4817627457812106f,-0.29389262614623657f,0f,0.07725424859373672f,0.41939976107512855f,-0.9045084971874737f,1.5f,0.5590169943749475f,-0.7694208842938133f,-0.3090169943749474f,0f,0f,0f,0f,1f],start_interpolation:0}
execute if entity @s[tag=aj.corrupted_beacon_core.bone.23] run data modify entity @s {} merge value {transformation:[-0.8255493813662614f,-0.4817627457812106f,-0.29389262614623657f,0f,0.07725424859373672f,0.41939976107512855f,-0.9045084971874737f,1.5f,0.5590169943749475f,-0.7694208842938133f,-0.3090169943749474f,0f,0f,0f,0f,1f],start_interpolation:0}
execute if entity @s[tag=aj.corrupted_beacon_core.bone.24] run data modify entity @s {} merge value {transformation:[-0.8255493813662614f,-0.4817627457812106f,-0.29389262614623657f,0f,0.07725424859373672f,0.41939976107512855f,-0.9045084971874737f,1.5f,0.5590169943749475f,-0.7694208842938133f,-0.3090169943749474f,0f,0f,0f,0f,1f],start_interpolation:0}
execute if entity @s[tag=aj.corrupted_beacon_core.bone.25] run data modify entity @s {} merge value {transformation:[-0.8255493813662614f,-0.4817627457812106f,-0.29389262614623657f,0f,0.07725424859373672f,0.41939976107512855f,-0.9045084971874737f,1.5f,0.5590169943749475f,-0.7694208842938133f,-0.3090169943749474f,0f,0f,0f,0f,1f],start_interpolation:0}
execute if entity @s[tag=aj.corrupted_beacon_core.bone.26] run data modify entity @s {} merge value {transformation:[-0.8255493813662614f,-0.4817627457812106f,-0.29389262614623657f,0f,0.07725424859373672f,0.41939976107512855f,-0.9045084971874737f,1.5f,0.5590169943749475f,-0.7694208842938133f,-0.3090169943749474f,0f,0f,0f,0f,1f],start_interpolation:0}
execute if entity @s[tag=aj.corrupted_beacon_core.bone.27] run data modify entity @s {} merge value {transformation:[-0.9355736893655725f,-0.20341326816247582f,-0.29438244718981366f,0f,0.20341326816247568f,0.3756250000000001f,-0.9060160113494529f,1.5f,0.29438244718981366f,-0.906016011349453f,-0.3095320226989057f,0f,0f,0f,0f,1f],start_interpolation:0}