execute if entity @s[tag=aj.corrupted_beacon_core.bone.exterior] run data modify entity @s {} merge value {transformation:[-2.080303834660545f,3.945027803012041f,2.514655361865444f,0f,2.5146553618654437f,3.263610827513292f,-3.0396961653394543f,1.5025f,-3.945027803012041f,4.831265671506011e-16f,-3.2636108275132916f,0f,0f,0f,0f,1f],start_interpolation:0}
execute if entity @s[tag=aj.corrupted_beacon_core.bone.1] run data modify entity @s {} merge value {transformation:[-0.8541031162260697f,-0.17837369097187647f,-0.491962198073285f,0f,0.17837369097187641f,0.7860499135055351f,-0.5946801417216836f,1.5f,0.491962198073285f,-0.5946801417216838f,-0.6384863630649378f,0f,0f,0f,0f,1f],start_interpolation:0}
execute if entity @s[tag=aj.corrupted_beacon_core.bone.2] run data modify entity @s {} merge value {transformation:[-0.8541031162260697f,-0.17837369097187647f,-0.491962198073285f,0f,0.17837369097187641f,0.7860499135055351f,-0.5946801417216836f,1.5f,0.491962198073285f,-0.5946801417216838f,-0.6384863630649378f,0f,0f,0f,0f,1f],start_interpolation:0}
execute if entity @s[tag=aj.corrupted_beacon_core.bone.3] run data modify entity @s {} merge value {transformation:[-0.039637054137690614f,-0.8716296293250358f,-0.491962198073285f,0f,-0.7169949769471036f,0.3682524177593572f,-0.5946801417216836f,1.5f,0.6983431950574301f,0.32861536362166655f,-0.6384863630649378f,0f,0f,0f,0f,1f],start_interpolation:0}
execute if entity @s[tag=aj.corrupted_beacon_core.bone.4] run data modify entity @s {} merge value {transformation:[-0.7946225324206692f,-0.36039469716877903f,-0.491962198073285f,0f,0.0026063988767671803f,0.8060303014390247f,-0.5946801417216836f,1.5f,0.6098396090492721f,-0.47304008976602685f,-0.6384863630649378f,0f,0f,0f,0f,1f],start_interpolation:0}
execute if entity @s[tag=aj.corrupted_beacon_core.bone.5] run data modify entity @s {} merge value {transformation:[-0.7946225324206692f,-0.36039469716877903f,-0.491962198073285f,0f,0.0026063988767671803f,0.8060303014390247f,-0.5946801417216836f,1.5f,0.6098396090492721f,-0.47304008976602685f,-0.6384863630649378f,0f,0f,0f,0f,1f],start_interpolation:0}
execute if entity @s[tag=aj.corrupted_beacon_core.bone.6] run data modify entity @s {} merge value {transformation:[-0.7946225324206692f,-0.36039469716877903f,-0.491962198073285f,0f,0.0026063988767671803f,0.8060303014390247f,-0.5946801417216836f,1.5f,0.6098396090492721f,-0.47304008976602685f,-0.6384863630649378f,0f,0f,0f,0f,1f],start_interpolation:0}
execute if entity @s[tag=aj.corrupted_beacon_core.bone.7] run data modify entity @s {} merge value {transformation:[-0.039637054137690614f,-0.8716296293250358f,-0.491962198073285f,0f,-0.7169949769471036f,0.3682524177593572f,-0.5946801417216836f,1.5f,0.6983431950574301f,0.32861536362166655f,-0.6384863630649378f,0f,0f,0f,0f,1f],start_interpolation:0}
execute if entity @s[tag=aj.corrupted_beacon_core.bone.8] run data modify entity @s {} merge value {transformation:[-0.039637054137690614f,-0.8716296293250358f,-0.491962198073285f,0f,-0.7169949769471036f,0.3682524177593572f,-0.5946801417216836f,1.5f,0.6983431950574301f,0.32861536362166655f,-0.6384863630649378f,0f,0f,0f,0f,1f],start_interpolation:0}
execute if entity @s[tag=aj.corrupted_beacon_core.bone.9] run data modify entity @s {} merge value {transformation:[-0.4063093427071379f,-0.7705132427757893f,-0.4911436253643444f,0f,-0.49114362536434447f,0.6374239897486899f,-0.5936906572928622f,1.5f,0.7705132427757893f,-9.436065764660177e-17f,-0.63742398974869f,0f,0f,0f,0f,1f],start_interpolation:0}
execute if entity @s[tag=aj.corrupted_beacon_core.bone.10] run data modify entity @s {} merge value {transformation:[-0.039571102300523076f,-0.8701793304409675f,-0.4911436253643444f,0f,-0.7158019736576741f,0.3676396849511053f,-0.5936906572928622f,1.5f,0.697181226346852f,0.32806858265058225f,-0.63742398974869f,0f,0f,0f,0f,1f],start_interpolation:0}
execute if entity @s[tag=aj.corrupted_beacon_core.bone.11] run data modify entity @s {} merge value {transformation:[-0.039571102300523076f,-0.8701793304409675f,-0.4911436253643444f,0f,-0.7158019736576741f,0.3676396849511053f,-0.5936906572928622f,1.5f,0.697181226346852f,0.32806858265058225f,-0.63742398974869f,0f,0f,0f,0f,1f],start_interpolation:0}
execute if entity @s[tag=aj.corrupted_beacon_core.bone.12] run data modify entity @s {} merge value {transformation:[-0.039571102300523076f,-0.8701793304409675f,-0.4911436253643444f,0f,-0.7158019736576741f,0.3676396849511053f,-0.5936906572928622f,1.5f,0.697181226346852f,0.32806858265058225f,-0.63742398974869f,0f,0f,0f,0f,1f],start_interpolation:0}
execute if entity @s[tag=aj.corrupted_beacon_core.bone.13] run data modify entity @s {} merge value {transformation:[-0.039571102300523076f,-0.8701793304409675f,-0.4911436253643444f,0f,-0.7158019736576741f,0.3676396849511053f,-0.5936906572928622f,1.5f,0.697181226346852f,0.32806858265058225f,-0.63742398974869f,0f,0f,0f,0f,1f],start_interpolation:0}
execute if entity @s[tag=aj.corrupted_beacon_core.bone.14] run data modify entity @s {} merge value {transformation:[-0.039571102300523076f,-0.8701793304409675f,-0.4911436253643444f,0f,-0.7158019736576741f,0.3676396849511053f,-0.5936906572928622f,1.5f,0.697181226346852f,0.32806858265058225f,-0.63742398974869f,0f,0f,0f,0f,1f],start_interpolation:0}
execute if entity @s[tag=aj.corrupted_beacon_core.bone.15] run data modify entity @s {} merge value {transformation:[-0.852681979593414f,-0.1780768961449682f,-0.4911436253643444f,0f,0.17807689614496813f,0.7847420101552762f,-0.5936906572928622f,1.5f,0.4911436253643444f,-0.5936906572928624f,-0.63742398974869f,0f,0f,0f,0f,1f],start_interpolation:0}
execute if entity @s[tag=aj.corrupted_beacon_core.bone.16] run data modify entity @s {} merge value {transformation:[-0.852681979593414f,-0.1780768961449682f,-0.4911436253643444f,0f,0.17807689614496813f,0.7847420101552762f,-0.5936906572928622f,1.5f,0.4911436253643444f,-0.5936906572928624f,-0.63742398974869f,0f,0f,0f,0f,1f],start_interpolation:0}
execute if entity @s[tag=aj.corrupted_beacon_core.bone.17] run data modify entity @s {} merge value {transformation:[-0.852681979593414f,-0.1780768961449682f,-0.4911436253643444f,0f,0.17807689614496813f,0.7847420101552762f,-0.5936906572928622f,1.5f,0.4911436253643444f,-0.5936906572928624f,-0.63742398974869f,0f,0f,0f,0f,1f],start_interpolation:0}
execute if entity @s[tag=aj.corrupted_beacon_core.bone.18] run data modify entity @s {} merge value {transformation:[-0.852681979593414f,-0.1780768961449682f,-0.4911436253643444f,0f,0.17807689614496813f,0.7847420101552762f,-0.5936906572928622f,1.5f,0.4911436253643444f,-0.5936906572928624f,-0.63742398974869f,0f,0f,0f,0f,1f],start_interpolation:0}
execute if entity @s[tag=aj.corrupted_beacon_core.bone.19] run data modify entity @s {} merge value {transformation:[-0.852681979593414f,-0.1780768961449682f,-0.4911436253643444f,0f,0.17807689614496813f,0.7847420101552762f,-0.5936906572928622f,1.5f,0.4911436253643444f,-0.5936906572928624f,-0.63742398974869f,0f,0f,0f,0f,1f],start_interpolation:0}
execute if entity @s[tag=aj.corrupted_beacon_core.bone.20] run data modify entity @s {} merge value {transformation:[-0.852681979593414f,-0.1780768961449682f,-0.4911436253643444f,0f,0.17807689614496813f,0.7847420101552762f,-0.5936906572928622f,1.5f,0.4911436253643444f,-0.5936906572928624f,-0.63742398974869f,0f,0f,0f,0f,1f],start_interpolation:0}
execute if entity @s[tag=aj.corrupted_beacon_core.bone.21] run data modify entity @s {} merge value {transformation:[-0.7933003651454268f,-0.35979503877082764f,-0.4911436253643444f,0f,0.002602062106589531f,0.8046891528509397f,-0.5936906572928622f,1.5f,0.6088249008811369f,-0.4722530014303096f,-0.63742398974869f,0f,0f,0f,0f,1f],start_interpolation:0}
execute if entity @s[tag=aj.corrupted_beacon_core.bone.22] run data modify entity @s {} merge value {transformation:[-0.7933003651454268f,-0.35979503877082764f,-0.4911436253643444f,0f,0.002602062106589531f,0.8046891528509397f,-0.5936906572928622f,1.5f,0.6088249008811369f,-0.4722530014303096f,-0.63742398974869f,0f,0f,0f,0f,1f],start_interpolation:0}
execute if entity @s[tag=aj.corrupted_beacon_core.bone.23] run data modify entity @s {} merge value {transformation:[-0.7933003651454268f,-0.35979503877082764f,-0.4911436253643444f,0f,0.002602062106589531f,0.8046891528509397f,-0.5936906572928622f,1.5f,0.6088249008811369f,-0.4722530014303096f,-0.63742398974869f,0f,0f,0f,0f,1f],start_interpolation:0}
execute if entity @s[tag=aj.corrupted_beacon_core.bone.24] run data modify entity @s {} merge value {transformation:[-0.7933003651454268f,-0.35979503877082764f,-0.4911436253643444f,0f,0.002602062106589531f,0.8046891528509397f,-0.5936906572928622f,1.5f,0.6088249008811369f,-0.4722530014303096f,-0.63742398974869f,0f,0f,0f,0f,1f],start_interpolation:0}
execute if entity @s[tag=aj.corrupted_beacon_core.bone.25] run data modify entity @s {} merge value {transformation:[-0.7933003651454268f,-0.35979503877082764f,-0.4911436253643444f,0f,0.002602062106589531f,0.8046891528509397f,-0.5936906572928622f,1.5f,0.6088249008811369f,-0.4722530014303096f,-0.63742398974869f,0f,0f,0f,0f,1f],start_interpolation:0}
execute if entity @s[tag=aj.corrupted_beacon_core.bone.26] run data modify entity @s {} merge value {transformation:[-0.7933003651454268f,-0.35979503877082764f,-0.4911436253643444f,0f,0.002602062106589531f,0.8046891528509397f,-0.5936906572928622f,1.5f,0.6088249008811369f,-0.4722530014303096f,-0.63742398974869f,0f,0f,0f,0f,1f],start_interpolation:0}
execute if entity @s[tag=aj.corrupted_beacon_core.bone.27] run data modify entity @s {} merge value {transformation:[-0.8541031162260697f,-0.17837369097187647f,-0.491962198073285f,0f,0.17837369097187641f,0.7860499135055351f,-0.5946801417216836f,1.5f,0.491962198073285f,-0.5946801417216838f,-0.6384863630649378f,0f,0f,0f,0f,1f],start_interpolation:0}