execute if entity @s[tag=aj.corrupted_beacon_core.bone.exterior] run data modify entity @s {} merge value {transformation:[-0.6938403138011865f,-4.760455607747847f,1.7524405911774414f,0f,1.7524405911774417f,-1.88479770974555f,-4.426159686198814f,1.5025f,4.760455607747847f,-8.67204766555187e-16f,1.8847977097455502f,0f,0f,0f,0f,1f],start_interpolation:0}
execute if entity @s[tag=aj.corrupted_beacon_core.bone.1] run data modify entity @s {} merge value {transformation:[-0.8159553250842252f,-0.4690533062977138f,-0.3428440088859514f,0f,0.4690533062977139f,-0.1830267520233774f,-0.8659251209002238f,1.5f,0.3428440088859513f,-0.8659251209002237f,0.3687380936058188f,0f,0f,0f,0f,1f],start_interpolation:0}
execute if entity @s[tag=aj.corrupted_beacon_core.bone.2] run data modify entity @s {} merge value {transformation:[-0.8159553250842252f,-0.4690533062977138f,-0.3428440088859514f,0f,0.4690533062977139f,-0.1830267520233774f,-0.8659251209002238f,1.5f,0.3428440088859513f,-0.8659251209002237f,0.3687380936058188f,0f,0f,0f,0f,1f],start_interpolation:0}
execute if entity @s[tag=aj.corrupted_beacon_core.bone.3] run data modify entity @s {} merge value {transformation:[-0.6939836701193264f,-0.6357521233073712f,-0.3428440088859514f,0f,0.49768303280738924f,-0.0762980665592718f,-0.8659251209002238f,1.5f,0.5234829276819449f,-0.7702817366785981f,0.3687380936058188f,0f,0f,0f,0f,1f],start_interpolation:0}
execute if entity @s[tag=aj.corrupted_beacon_core.bone.4] run data modify entity @s {} merge value {transformation:[0.0327233670737968f,-0.9405972984914819f,-0.3428440088859514f,0f,0.38123677931922423f,0.328889516706369f,-0.8659251209002238f,1.5f,0.9257017934803677f,-0.10219842945117975f,0.3687380936058188f,0f,0f,0f,0f,1f],start_interpolation:0}
execute if entity @s[tag=aj.corrupted_beacon_core.bone.5] run data modify entity @s {} merge value {transformation:[0.0327233670737968f,-0.9405972984914819f,-0.3428440088859514f,0f,0.38123677931922423f,0.328889516706369f,-0.8659251209002238f,1.5f,0.9257017934803677f,-0.10219842945117975f,0.3687380936058188f,0f,0f,0f,0f,1f],start_interpolation:0}
execute if entity @s[tag=aj.corrupted_beacon_core.bone.6] run data modify entity @s {} merge value {transformation:[0.0327233670737968f,-0.9405972984914819f,-0.3428440088859514f,0f,0.38123677931922423f,0.328889516706369f,-0.8659251209002238f,1.5f,0.9257017934803677f,-0.10219842945117975f,0.3687380936058188f,0f,0f,0f,0f,1f],start_interpolation:0}
execute if entity @s[tag=aj.corrupted_beacon_core.bone.7] run data modify entity @s {} merge value {transformation:[-0.6939836701193264f,-0.6357521233073712f,-0.3428440088859514f,0f,0.49768303280738924f,-0.0762980665592718f,-0.8659251209002238f,1.5f,0.5234829276819449f,-0.7702817366785981f,0.3687380936058188f,0f,0f,0f,0f,1f],start_interpolation:0}
execute if entity @s[tag=aj.corrupted_beacon_core.bone.8] run data modify entity @s {} merge value {transformation:[-0.6939836701193264f,-0.6357521233073712f,-0.3428440088859514f,0f,0.49768303280738924f,-0.0762980665592718f,-0.8659251209002238f,1.5f,0.5234829276819449f,-0.7702817366785981f,0.3687380936058188f,0f,0f,0f,0f,1f],start_interpolation:0}
execute if entity @s[tag=aj.corrupted_beacon_core.bone.9] run data modify entity @s {} merge value {transformation:[-0.135515686289294f,0.9297764858882513f,-0.34227355296434414f,0f,-0.3422735529643441f,-0.3681245526846777f,-0.8644843137107059f,1.5f,-0.9297764858882513f,5.83536285052943e-17f,0.36812455268467764f,0f,0f,0f,0f,1f],start_interpolation:0}
execute if entity @s[tag=aj.corrupted_beacon_core.bone.10] run data modify entity @s {} merge value {transformation:[-0.692828955194003f,-0.634694299474913f,-0.34227355296434414f,0f,0.49685494123865814f,-0.07617111470143606f,-0.8644843137107059f,1.5f,0.5226119078355523f,-0.769000069895439f,0.36812455268467764f,0f,0f,0f,0f,1f],start_interpolation:0}
execute if entity @s[tag=aj.corrupted_beacon_core.bone.11] run data modify entity @s {} merge value {transformation:[-0.692828955194003f,-0.634694299474913f,-0.34227355296434414f,0f,0.49685494123865814f,-0.07617111470143606f,-0.8644843137107059f,1.5f,0.5226119078355523f,-0.769000069895439f,0.36812455268467764f,0f,0f,0f,0f,1f],start_interpolation:0}
execute if entity @s[tag=aj.corrupted_beacon_core.bone.12] run data modify entity @s {} merge value {transformation:[-0.692828955194003f,-0.634694299474913f,-0.34227355296434414f,0f,0.49685494123865814f,-0.07617111470143606f,-0.8644843137107059f,1.5f,0.5226119078355523f,-0.769000069895439f,0.36812455268467764f,0f,0f,0f,0f,1f],start_interpolation:0}
execute if entity @s[tag=aj.corrupted_beacon_core.bone.13] run data modify entity @s {} merge value {transformation:[-0.692828955194003f,-0.634694299474913f,-0.34227355296434414f,0f,0.49685494123865814f,-0.07617111470143606f,-0.8644843137107059f,1.5f,0.5226119078355523f,-0.769000069895439f,0.36812455268467764f,0f,0f,0f,0f,1f],start_interpolation:0}
execute if entity @s[tag=aj.corrupted_beacon_core.bone.14] run data modify entity @s {} merge value {transformation:[-0.692828955194003f,-0.634694299474913f,-0.34227355296434414f,0f,0.49685494123865814f,-0.07617111470143606f,-0.8644843137107059f,1.5f,0.5226119078355523f,-0.769000069895439f,0.36812455268467764f,0f,0f,0f,0f,1f],start_interpolation:0}
execute if entity @s[tag=aj.corrupted_beacon_core.bone.15] run data modify entity @s {} merge value {transformation:[-0.8145976623137023f,-0.46827285154513854f,-0.34227355296434414f,0f,0.46827285154513865f,-0.1827222149983801f,-0.8644843137107059f,1.5f,0.34227355296434403f,-0.8644843137107058f,0.36812455268467764f,0f,0f,0f,0f,1f],start_interpolation:0}
execute if entity @s[tag=aj.corrupted_beacon_core.bone.16] run data modify entity @s {} merge value {transformation:[-0.8145976623137023f,-0.46827285154513854f,-0.34227355296434414f,0f,0.46827285154513865f,-0.1827222149983801f,-0.8644843137107059f,1.5f,0.34227355296434403f,-0.8644843137107058f,0.36812455268467764f,0f,0f,0f,0f,1f],start_interpolation:0}
execute if entity @s[tag=aj.corrupted_beacon_core.bone.17] run data modify entity @s {} merge value {transformation:[-0.8145976623137023f,-0.46827285154513854f,-0.34227355296434414f,0f,0.46827285154513865f,-0.1827222149983801f,-0.8644843137107059f,1.5f,0.34227355296434403f,-0.8644843137107058f,0.36812455268467764f,0f,0f,0f,0f,1f],start_interpolation:0}
execute if entity @s[tag=aj.corrupted_beacon_core.bone.18] run data modify entity @s {} merge value {transformation:[-0.8145976623137023f,-0.46827285154513854f,-0.34227355296434414f,0f,0.46827285154513865f,-0.1827222149983801f,-0.8644843137107059f,1.5f,0.34227355296434403f,-0.8644843137107058f,0.36812455268467764f,0f,0f,0f,0f,1f],start_interpolation:0}
execute if entity @s[tag=aj.corrupted_beacon_core.bone.19] run data modify entity @s {} merge value {transformation:[-0.8145976623137023f,-0.46827285154513854f,-0.34227355296434414f,0f,0.46827285154513865f,-0.1827222149983801f,-0.8644843137107059f,1.5f,0.34227355296434403f,-0.8644843137107058f,0.36812455268467764f,0f,0f,0f,0f,1f],start_interpolation:0}
execute if entity @s[tag=aj.corrupted_beacon_core.bone.20] run data modify entity @s {} merge value {transformation:[-0.8145976623137023f,-0.46827285154513854f,-0.34227355296434414f,0f,0.46827285154513865f,-0.1827222149983801f,-0.8644843137107059f,1.5f,0.34227355296434403f,-0.8644843137107058f,0.36812455268467764f,0f,0f,0f,0f,1f],start_interpolation:0}
execute if entity @s[tag=aj.corrupted_beacon_core.bone.21] run data modify entity @s {} merge value {transformation:[0.03266891887567068f,-0.9390322447502315f,-0.34227355296434414f,0f,0.3806024419160308f,0.32834227957374607f,-0.8644843137107059f,1.5f,0.9241615242732456f,-0.10202838214760042f,0.36812455268467764f,0f,0f,0f,0f,1f],start_interpolation:0}
execute if entity @s[tag=aj.corrupted_beacon_core.bone.22] run data modify entity @s {} merge value {transformation:[0.03266891887567068f,-0.9390322447502315f,-0.34227355296434414f,0f,0.3806024419160308f,0.32834227957374607f,-0.8644843137107059f,1.5f,0.9241615242732456f,-0.10202838214760042f,0.36812455268467764f,0f,0f,0f,0f,1f],start_interpolation:0}
execute if entity @s[tag=aj.corrupted_beacon_core.bone.23] run data modify entity @s {} merge value {transformation:[0.03266891887567068f,-0.9390322447502315f,-0.34227355296434414f,0f,0.3806024419160308f,0.32834227957374607f,-0.8644843137107059f,1.5f,0.9241615242732456f,-0.10202838214760042f,0.36812455268467764f,0f,0f,0f,0f,1f],start_interpolation:0}
execute if entity @s[tag=aj.corrupted_beacon_core.bone.24] run data modify entity @s {} merge value {transformation:[0.03266891887567068f,-0.9390322447502315f,-0.34227355296434414f,0f,0.3806024419160308f,0.32834227957374607f,-0.8644843137107059f,1.5f,0.9241615242732456f,-0.10202838214760042f,0.36812455268467764f,0f,0f,0f,0f,1f],start_interpolation:0}
execute if entity @s[tag=aj.corrupted_beacon_core.bone.25] run data modify entity @s {} merge value {transformation:[0.03266891887567068f,-0.9390322447502315f,-0.34227355296434414f,0f,0.3806024419160308f,0.32834227957374607f,-0.8644843137107059f,1.5f,0.9241615242732456f,-0.10202838214760042f,0.36812455268467764f,0f,0f,0f,0f,1f],start_interpolation:0}
execute if entity @s[tag=aj.corrupted_beacon_core.bone.26] run data modify entity @s {} merge value {transformation:[0.03266891887567068f,-0.9390322447502315f,-0.34227355296434414f,0f,0.3806024419160308f,0.32834227957374607f,-0.8644843137107059f,1.5f,0.9241615242732456f,-0.10202838214760042f,0.36812455268467764f,0f,0f,0f,0f,1f],start_interpolation:0}
execute if entity @s[tag=aj.corrupted_beacon_core.bone.27] run data modify entity @s {} merge value {transformation:[-0.8159553250842252f,-0.4690533062977138f,-0.3428440088859514f,0f,0.4690533062977139f,-0.1830267520233774f,-0.8659251209002238f,1.5f,0.3428440088859513f,-0.8659251209002237f,0.3687380936058188f,0f,0f,0f,0f,1f],start_interpolation:0}