execute if entity @s[tag=aj.corrupted_beacon_core.bone.exterior] run data modify entity @s {} merge value {transformation:[-0.9281945862433543f,-4.632714508626021f,-1.9725139015060202f,0f,-1.9725139015060205f,2.1799899728131713f,-4.191805413756646f,1.5025f,4.632714508626021f,-5.67343899435236e-16f,-2.1799899728131718f,0f,0f,0f,0f,1f],start_interpolation:0}
execute if entity @s[tag=aj.corrupted_beacon_core.bone.1] run data modify entity @s {} merge value {transformation:[-0.8973938410547684f,0.22159103394604127f,0.3858987157568745f,0f,-0.2215910339460411f,0.5307617493295796f,-0.8200765148658022f,1.5f,-0.3858987157568745f,-0.8200765148658024f,-0.426488923717681f,0f,0f,0f,0f,1f],start_interpolation:0}
execute if entity @s[tag=aj.corrupted_beacon_core.bone.2] run data modify entity @s {} merge value {transformation:[-0.8973938410547684f,0.22159103394604127f,0.3858987157568745f,0f,-0.2215910339460411f,0.5307617493295796f,-0.8200765148658022f,1.5f,-0.3858987157568745f,-0.8200765148658024f,-0.426488923717681f,0f,0f,0f,0f,1f],start_interpolation:0}
execute if entity @s[tag=aj.corrupted_beacon_core.bone.3] run data modify entity @s {} merge value {transformation:[-0.3323169943374287f,-0.8625449017661886f,0.3858987157568745f,0f,-0.5543492552185804f,-0.15332163616161992f,-0.8200765148658022f,1.5f,0.7652440327269818f,-0.4856386304990485f,-0.426488923717681f,0f,0f,0f,0f,1f],start_interpolation:0}
execute if entity @s[tag=aj.corrupted_beacon_core.bone.4] run data modify entity @s {} merge value {transformation:[-0.46315737096967025f,-0.7999397114812903f,0.3858987157568745f,0f,-0.5715090841290262f,-0.06471466321223324f,-0.8200765148658022f,1.5f,0.6798519894694556f,-0.5993701539713744f,-0.426488923717681f,0f,0f,0f,0f,1f],start_interpolation:0}
execute if entity @s[tag=aj.corrupted_beacon_core.bone.5] run data modify entity @s {} merge value {transformation:[-0.46315737096967025f,-0.7999397114812903f,0.3858987157568745f,0f,-0.5715090841290262f,-0.06471466321223324f,-0.8200765148658022f,1.5f,0.6798519894694556f,-0.5993701539713744f,-0.426488923717681f,0f,0f,0f,0f,1f],start_interpolation:0}
execute if entity @s[tag=aj.corrupted_beacon_core.bone.6] run data modify entity @s {} merge value {transformation:[-0.46315737096967025f,-0.7999397114812903f,0.3858987157568745f,0f,-0.5715090841290262f,-0.06471466321223324f,-0.8200765148658022f,1.5f,0.6798519894694556f,-0.5993701539713744f,-0.426488923717681f,0f,0f,0f,0f,1f],start_interpolation:0}
execute if entity @s[tag=aj.corrupted_beacon_core.bone.7] run data modify entity @s {} merge value {transformation:[-0.3323169943374287f,-0.8625449017661886f,0.3858987157568745f,0f,-0.5543492552185804f,-0.15332163616161992f,-0.8200765148658022f,1.5f,0.7652440327269818f,-0.4856386304990485f,-0.426488923717681f,0f,0f,0f,0f,1f],start_interpolation:0}
execute if entity @s[tag=aj.corrupted_beacon_core.bone.8] run data modify entity @s {} merge value {transformation:[-0.3323169943374287f,-0.8625449017661886f,0.3858987157568745f,0f,-0.5543492552185804f,-0.15332163616161992f,-0.8200765148658022f,1.5f,0.7652440327269818f,-0.4856386304990485f,-0.426488923717681f,0f,0f,0f,0f,1f],start_interpolation:0}
execute if entity @s[tag=aj.corrupted_beacon_core.bone.9] run data modify entity @s {} merge value {transformation:[-0.1812880051256549f,0.9048270524660197f,0.3852566213878947f,0f,0.3852566213878946f,0.42577929156507255f,-0.818711994874345f,1.5f,-0.9048270524660197f,1.1080935535844453e-16f,-0.4257792915650725f,0f,0f,0f,0f,1f],start_interpolation:0}
execute if entity @s[tag=aj.corrupted_beacon_core.bone.10] run data modify entity @s {} merge value {transformation:[-0.33176405424701694f,-0.861109718901353f,0.3852566213878947f,0f,-0.5534268770900969f,-0.153066525286143f,-0.818711994874345f,1.5f,0.7639707481467373f,-0.4848305795331599f,-0.4257792915650725f,0f,0f,0f,0f,1f],start_interpolation:0}
execute if entity @s[tag=aj.corrupted_beacon_core.bone.11] run data modify entity @s {} merge value {transformation:[-0.33176405424701694f,-0.861109718901353f,0.3852566213878947f,0f,-0.5534268770900969f,-0.153066525286143f,-0.818711994874345f,1.5f,0.7639707481467373f,-0.4848305795331599f,-0.4257792915650725f,0f,0f,0f,0f,1f],start_interpolation:0}
execute if entity @s[tag=aj.corrupted_beacon_core.bone.12] run data modify entity @s {} merge value {transformation:[-0.33176405424701694f,-0.861109718901353f,0.3852566213878947f,0f,-0.5534268770900969f,-0.153066525286143f,-0.818711994874345f,1.5f,0.7639707481467373f,-0.4848305795331599f,-0.4257792915650725f,0f,0f,0f,0f,1f],start_interpolation:0}
execute if entity @s[tag=aj.corrupted_beacon_core.bone.13] run data modify entity @s {} merge value {transformation:[-0.33176405424701694f,-0.861109718901353f,0.3852566213878947f,0f,-0.5534268770900969f,-0.153066525286143f,-0.818711994874345f,1.5f,0.7639707481467373f,-0.4848305795331599f,-0.4257792915650725f,0f,0f,0f,0f,1f],start_interpolation:0}
execute if entity @s[tag=aj.corrupted_beacon_core.bone.14] run data modify entity @s {} merge value {transformation:[-0.33176405424701694f,-0.861109718901353f,0.3852566213878947f,0f,-0.5534268770900969f,-0.153066525286143f,-0.818711994874345f,1.5f,0.7639707481467373f,-0.4848305795331599f,-0.4257792915650725f,0f,0f,0f,0f,1f],start_interpolation:0}
execute if entity @s[tag=aj.corrupted_beacon_core.bone.15] run data modify entity @s {} merge value {transformation:[-0.8959006732659917f,0.22122233006260358f,0.3852566213878947f,0f,-0.22122233006260342f,0.5298786182990811f,-0.818711994874345f,1.5f,-0.3852566213878947f,-0.8187119948743451f,-0.4257792915650725f,0f,0f,0f,0f,1f],start_interpolation:0}
execute if entity @s[tag=aj.corrupted_beacon_core.bone.16] run data modify entity @s {} merge value {transformation:[-0.8959006732659917f,0.22122233006260358f,0.3852566213878947f,0f,-0.22122233006260342f,0.5298786182990811f,-0.818711994874345f,1.5f,-0.3852566213878947f,-0.8187119948743451f,-0.4257792915650725f,0f,0f,0f,0f,1f],start_interpolation:0}
execute if entity @s[tag=aj.corrupted_beacon_core.bone.17] run data modify entity @s {} merge value {transformation:[-0.8959006732659917f,0.22122233006260358f,0.3852566213878947f,0f,-0.22122233006260342f,0.5298786182990811f,-0.818711994874345f,1.5f,-0.3852566213878947f,-0.8187119948743451f,-0.4257792915650725f,0f,0f,0f,0f,1f],start_interpolation:0}
execute if entity @s[tag=aj.corrupted_beacon_core.bone.18] run data modify entity @s {} merge value {transformation:[-0.8959006732659917f,0.22122233006260358f,0.3852566213878947f,0f,-0.22122233006260342f,0.5298786182990811f,-0.818711994874345f,1.5f,-0.3852566213878947f,-0.8187119948743451f,-0.4257792915650725f,0f,0f,0f,0f,1f],start_interpolation:0}
execute if entity @s[tag=aj.corrupted_beacon_core.bone.19] run data modify entity @s {} merge value {transformation:[-0.8959006732659917f,0.22122233006260358f,0.3852566213878947f,0f,-0.22122233006260342f,0.5298786182990811f,-0.818711994874345f,1.5f,-0.3852566213878947f,-0.8187119948743451f,-0.4257792915650725f,0f,0f,0f,0f,1f],start_interpolation:0}
execute if entity @s[tag=aj.corrupted_beacon_core.bone.20] run data modify entity @s {} merge value {transformation:[-0.8959006732659917f,0.22122233006260358f,0.3852566213878947f,0f,-0.22122233006260342f,0.5298786182990811f,-0.818711994874345f,1.5f,-0.3852566213878947f,-0.8187119948743451f,-0.4257792915650725f,0f,0f,0f,0f,1f],start_interpolation:0}
execute if entity @s[tag=aj.corrupted_beacon_core.bone.21] run data modify entity @s {} merge value {transformation:[-0.4623867264256275f,-0.7986086969863131f,0.3852566213878947f,0f,-0.5705581538725719f,-0.0646069849040598f,-0.818711994874345f,1.5f,0.6787207881558625f,-0.598372865861605f,-0.4257792915650725f,0f,0f,0f,0f,1f],start_interpolation:0}
execute if entity @s[tag=aj.corrupted_beacon_core.bone.22] run data modify entity @s {} merge value {transformation:[-0.4623867264256275f,-0.7986086969863131f,0.3852566213878947f,0f,-0.5705581538725719f,-0.0646069849040598f,-0.818711994874345f,1.5f,0.6787207881558625f,-0.598372865861605f,-0.4257792915650725f,0f,0f,0f,0f,1f],start_interpolation:0}
execute if entity @s[tag=aj.corrupted_beacon_core.bone.23] run data modify entity @s {} merge value {transformation:[-0.4623867264256275f,-0.7986086969863131f,0.3852566213878947f,0f,-0.5705581538725719f,-0.0646069849040598f,-0.818711994874345f,1.5f,0.6787207881558625f,-0.598372865861605f,-0.4257792915650725f,0f,0f,0f,0f,1f],start_interpolation:0}
execute if entity @s[tag=aj.corrupted_beacon_core.bone.24] run data modify entity @s {} merge value {transformation:[-0.4623867264256275f,-0.7986086969863131f,0.3852566213878947f,0f,-0.5705581538725719f,-0.0646069849040598f,-0.818711994874345f,1.5f,0.6787207881558625f,-0.598372865861605f,-0.4257792915650725f,0f,0f,0f,0f,1f],start_interpolation:0}
execute if entity @s[tag=aj.corrupted_beacon_core.bone.25] run data modify entity @s {} merge value {transformation:[-0.4623867264256275f,-0.7986086969863131f,0.3852566213878947f,0f,-0.5705581538725719f,-0.0646069849040598f,-0.818711994874345f,1.5f,0.6787207881558625f,-0.598372865861605f,-0.4257792915650725f,0f,0f,0f,0f,1f],start_interpolation:0}
execute if entity @s[tag=aj.corrupted_beacon_core.bone.26] run data modify entity @s {} merge value {transformation:[-0.4623867264256275f,-0.7986086969863131f,0.3852566213878947f,0f,-0.5705581538725719f,-0.0646069849040598f,-0.818711994874345f,1.5f,0.6787207881558625f,-0.598372865861605f,-0.4257792915650725f,0f,0f,0f,0f,1f],start_interpolation:0}
execute if entity @s[tag=aj.corrupted_beacon_core.bone.27] run data modify entity @s {} merge value {transformation:[-0.8973938410547684f,0.22159103394604127f,0.3858987157568745f,0f,-0.2215910339460411f,0.5307617493295796f,-0.8200765148658022f,1.5f,-0.3858987157568745f,-0.8200765148658024f,-0.426488923717681f,0f,0f,0f,0f,1f],start_interpolation:0}