execute if entity @s[tag=aj.corrupted_beacon_core.bone.exterior] run data modify entity @s {} merge value {transformation:[-3.931716595146233f,2.46657881140078f,-2.1614794892851577f,0f,-2.161479489285157f,-4.486690201824583f,-1.1882834048537665f,1.5025f,-2.4665788114007805f,2.310145110466548e-16f,4.486690201824583f,0f,0f,0f,0f,1f],start_interpolation:0}
execute if entity @s[tag=aj.corrupted_beacon_core.bone.1] run data modify entity @s {} merge value {transformation:[0.4415757724670667f,0.7934292451558098f,0.42286756935559217f,0f,-0.7934292451558098f,0.5654752479564631f,-0.23247341351468545f,1.5f,-0.4228675693555923f,-0.2324734135146853f,0.8777671911772704f,0f,0f,0f,0f,1f],start_interpolation:0}
execute if entity @s[tag=aj.corrupted_beacon_core.bone.2] run data modify entity @s {} merge value {transformation:[0.4415757724670667f,0.7934292451558098f,0.42286756935559217f,0f,-0.7934292451558098f,0.5654752479564631f,-0.23247341351468545f,1.5f,-0.4228675693555923f,-0.2324734135146853f,0.8777671911772704f,0f,0f,0f,0f,1f],start_interpolation:0}
execute if entity @s[tag=aj.corrupted_beacon_core.bone.3] run data modify entity @s {} merge value {transformation:[0.2761056107066824f,-0.8650345782884605f,0.42286756935559217f,0f,0.9553534088741986f,0.1912905833343336f,-0.23247341351468545f,1.5f,0.12000694563169895f,0.46739619404101584f,0.8777671911772704f,0f,0f,0f,0f,1f],start_interpolation:0}
execute if entity @s[tag=aj.corrupted_beacon_core.bone.4] run data modify entity @s {} merge value {transformation:[-0.13738507097203276f,0.8975770006926505f,0.42286756935559217f,0f,-0.9735158631640054f,-0.039485279383367204f,-0.23247341351468545f,1.5f,-0.19164633456751007f,-0.4428685489518469f,0.8777671911772704f,0f,0f,0f,0f,1f],start_interpolation:0}
execute if entity @s[tag=aj.corrupted_beacon_core.bone.5] run data modify entity @s {} merge value {transformation:[-0.13738507097203276f,0.8975770006926505f,0.42286756935559217f,0f,-0.9735158631640054f,-0.039485279383367204f,-0.23247341351468545f,1.5f,-0.19164633456751007f,-0.4428685489518469f,0.8777671911772704f,0f,0f,0f,0f,1f],start_interpolation:0}
execute if entity @s[tag=aj.corrupted_beacon_core.bone.6] run data modify entity @s {} merge value {transformation:[-0.13738507097203276f,0.8975770006926505f,0.42286756935559217f,0f,-0.9735158631640054f,-0.039485279383367204f,-0.23247341351468545f,1.5f,-0.19164633456751007f,-0.4428685489518469f,0.8777671911772704f,0f,0f,0f,0f,1f],start_interpolation:0}
execute if entity @s[tag=aj.corrupted_beacon_core.bone.7] run data modify entity @s {} merge value {transformation:[0.2761056107066824f,-0.8650345782884605f,0.42286756935559217f,0f,0.9553534088741986f,0.1912905833343336f,-0.23247341351468545f,1.5f,0.12000694563169895f,0.46739619404101584f,0.8777671911772704f,0f,0f,0f,0f,1f],start_interpolation:0}
execute if entity @s[tag=aj.corrupted_beacon_core.bone.8] run data modify entity @s {} merge value {transformation:[0.2761056107066824f,-0.8650345782884605f,0.42286756935559217f,0f,0.9553534088741986f,0.1912905833343336f,-0.23247341351468545f,1.5f,0.12000694563169895f,0.46739619404101584f,0.8777671911772704f,0f,0f,0f,0f,1f],start_interpolation:0}
execute if entity @s[tag=aj.corrupted_beacon_core.bone.9] run data modify entity @s {} merge value {transformation:[-0.7679133974894988f,-0.4817536741017148f,0.42216396275100715f,0f,0.42216396275100726f,-0.8763066800438639f,-0.23208660251050128f,1.5f,0.4817536741017147f,-7.287559730442868e-17f,0.8763066800438639f,0f,0f,0f,0f,1f],start_interpolation:0}
execute if entity @s[tag=aj.corrupted_beacon_core.bone.10] run data modify entity @s {} merge value {transformation:[0.2756462003727278f,-0.8635952528670154f,0.42216396275100715f,0f,0.9537638025366375f,0.19097229617404352f,-0.23208660251050128f,1.5f,0.1198072668536096f,0.46661849654677123f,0.8763066800438639f,0f,0f,0f,0f,1f],start_interpolation:0}
execute if entity @s[tag=aj.corrupted_beacon_core.bone.11] run data modify entity @s {} merge value {transformation:[0.2756462003727278f,-0.8635952528670154f,0.42216396275100715f,0f,0.9537638025366375f,0.19097229617404352f,-0.23208660251050128f,1.5f,0.1198072668536096f,0.46661849654677123f,0.8763066800438639f,0f,0f,0f,0f,1f],start_interpolation:0}
execute if entity @s[tag=aj.corrupted_beacon_core.bone.12] run data modify entity @s {} merge value {transformation:[0.2756462003727278f,-0.8635952528670154f,0.42216396275100715f,0f,0.9537638025366375f,0.19097229617404352f,-0.23208660251050128f,1.5f,0.1198072668536096f,0.46661849654677123f,0.8763066800438639f,0f,0f,0f,0f,1f],start_interpolation:0}
execute if entity @s[tag=aj.corrupted_beacon_core.bone.13] run data modify entity @s {} merge value {transformation:[0.2756462003727278f,-0.8635952528670154f,0.42216396275100715f,0f,0.9537638025366375f,0.19097229617404352f,-0.23208660251050128f,1.5f,0.1198072668536096f,0.46661849654677123f,0.8763066800438639f,0f,0f,0f,0f,1f],start_interpolation:0}
execute if entity @s[tag=aj.corrupted_beacon_core.bone.14] run data modify entity @s {} merge value {transformation:[0.2756462003727278f,-0.8635952528670154f,0.42216396275100715f,0f,0.9537638025366375f,0.19097229617404352f,-0.23208660251050128f,1.5f,0.1198072668536096f,0.46661849654677123f,0.8763066800438639f,0f,0f,0f,0f,1f],start_interpolation:0}
execute if entity @s[tag=aj.corrupted_beacon_core.bone.15] run data modify entity @s {} merge value {transformation:[0.44084103740472547f,0.792109063383504f,0.42216396275100715f,0f,-0.792109063383504f,0.5645343573608617f,-0.23208660251050128f,1.5f,-0.42216396275100726f,-0.23208660251050114f,0.8763066800438639f,0f,0f,0f,0f,1f],start_interpolation:0}
execute if entity @s[tag=aj.corrupted_beacon_core.bone.16] run data modify entity @s {} merge value {transformation:[0.44084103740472547f,0.792109063383504f,0.42216396275100715f,0f,-0.792109063383504f,0.5645343573608617f,-0.23208660251050128f,1.5f,-0.42216396275100726f,-0.23208660251050114f,0.8763066800438639f,0f,0f,0f,0f,1f],start_interpolation:0}
execute if entity @s[tag=aj.corrupted_beacon_core.bone.17] run data modify entity @s {} merge value {transformation:[0.44084103740472547f,0.792109063383504f,0.42216396275100715f,0f,-0.792109063383504f,0.5645343573608617f,-0.23208660251050128f,1.5f,-0.42216396275100726f,-0.23208660251050114f,0.8763066800438639f,0f,0f,0f,0f,1f],start_interpolation:0}
execute if entity @s[tag=aj.corrupted_beacon_core.bone.18] run data modify entity @s {} merge value {transformation:[0.44084103740472547f,0.792109063383504f,0.42216396275100715f,0f,-0.792109063383504f,0.5645343573608617f,-0.23208660251050128f,1.5f,-0.42216396275100726f,-0.23208660251050114f,0.8763066800438639f,0f,0f,0f,0f,1f],start_interpolation:0}
execute if entity @s[tag=aj.corrupted_beacon_core.bone.19] run data modify entity @s {} merge value {transformation:[0.44084103740472547f,0.792109063383504f,0.42216396275100715f,0f,-0.792109063383504f,0.5645343573608617f,-0.23208660251050128f,1.5f,-0.42216396275100726f,-0.23208660251050114f,0.8763066800438639f,0f,0f,0f,0f,1f],start_interpolation:0}
execute if entity @s[tag=aj.corrupted_beacon_core.bone.20] run data modify entity @s {} merge value {transformation:[0.44084103740472547f,0.792109063383504f,0.42216396275100715f,0f,-0.792109063383504f,0.5645343573608617f,-0.23208660251050128f,1.5f,-0.42216396275100726f,-0.23208660251050114f,0.8763066800438639f,0f,0f,0f,0f,1f],start_interpolation:0}
execute if entity @s[tag=aj.corrupted_beacon_core.bone.21] run data modify entity @s {} merge value {transformation:[-0.13715647684395949f,0.8960835281457409f,0.42216396275100715f,0f,-0.971896036436611f,-0.03941958008322849f,-0.23208660251050128f,1.5f,-0.19132745547505164f,-0.4421316628471017f,0.8763066800438639f,0f,0f,0f,0f,1f],start_interpolation:0}
execute if entity @s[tag=aj.corrupted_beacon_core.bone.22] run data modify entity @s {} merge value {transformation:[-0.13715647684395949f,0.8960835281457409f,0.42216396275100715f,0f,-0.971896036436611f,-0.03941958008322849f,-0.23208660251050128f,1.5f,-0.19132745547505164f,-0.4421316628471017f,0.8763066800438639f,0f,0f,0f,0f,1f],start_interpolation:0}
execute if entity @s[tag=aj.corrupted_beacon_core.bone.23] run data modify entity @s {} merge value {transformation:[-0.13715647684395949f,0.8960835281457409f,0.42216396275100715f,0f,-0.971896036436611f,-0.03941958008322849f,-0.23208660251050128f,1.5f,-0.19132745547505164f,-0.4421316628471017f,0.8763066800438639f,0f,0f,0f,0f,1f],start_interpolation:0}
execute if entity @s[tag=aj.corrupted_beacon_core.bone.24] run data modify entity @s {} merge value {transformation:[-0.13715647684395949f,0.8960835281457409f,0.42216396275100715f,0f,-0.971896036436611f,-0.03941958008322849f,-0.23208660251050128f,1.5f,-0.19132745547505164f,-0.4421316628471017f,0.8763066800438639f,0f,0f,0f,0f,1f],start_interpolation:0}
execute if entity @s[tag=aj.corrupted_beacon_core.bone.25] run data modify entity @s {} merge value {transformation:[-0.13715647684395949f,0.8960835281457409f,0.42216396275100715f,0f,-0.971896036436611f,-0.03941958008322849f,-0.23208660251050128f,1.5f,-0.19132745547505164f,-0.4421316628471017f,0.8763066800438639f,0f,0f,0f,0f,1f],start_interpolation:0}
execute if entity @s[tag=aj.corrupted_beacon_core.bone.26] run data modify entity @s {} merge value {transformation:[-0.13715647684395949f,0.8960835281457409f,0.42216396275100715f,0f,-0.971896036436611f,-0.03941958008322849f,-0.23208660251050128f,1.5f,-0.19132745547505164f,-0.4421316628471017f,0.8763066800438639f,0f,0f,0f,0f,1f],start_interpolation:0}
execute if entity @s[tag=aj.corrupted_beacon_core.bone.27] run data modify entity @s {} merge value {transformation:[0.4415757724670667f,0.7934292451558098f,0.42286756935559217f,0f,-0.7934292451558098f,0.5654752479564631f,-0.23247341351468545f,1.5f,-0.4228675693555923f,-0.2324734135146853f,0.8777671911772704f,0f,0f,0f,0f,1f],start_interpolation:0}