execute if entity @s[tag=aj.corrupted_beacon_core.bone.exterior] run data modify entity @s {} merge value {transformation:[-0.17977219612607773f,-5.029310723730886f,-0.9423988548727779f,0f,-0.9423988548727781f,0.9593923306789123f,-4.940227803873922f,1.5025f,5.029310723730886f,-3.3169583366940865e-16f,-0.9593923306789124f,0f,0f,0f,0f,1f],start_interpolation:0}
execute if entity @s[tag=aj.corrupted_beacon_core.bone.1] run data modify entity @s {} merge value {transformation:[-0.9730866426889011f,0.14982173244406385f,0.18436904680291005f,0f,-0.14982173244406358f,0.21627364075446698f,-0.966496390015699f,1.5f,-0.18436904680291022f,-0.9664963900156991f,-0.18769361677670124f,0f,0f,0f,0f,1f],start_interpolation:0}
execute if entity @s[tag=aj.corrupted_beacon_core.bone.2] run data modify entity @s {} merge value {transformation:[-0.9730866426889011f,0.14982173244406385f,0.18436904680291005f,0f,-0.14982173244406358f,0.21627364075446698f,-0.966496390015699f,1.5f,-0.18436904680291022f,-0.9664963900156991f,-0.18769361677670124f,0f,0f,0f,0f,1f],start_interpolation:0}
execute if entity @s[tag=aj.corrupted_beacon_core.bone.3] run data modify entity @s {} merge value {transformation:[-0.6000778502911581f,-0.7805451551845288f,0.18436904680291005f,0f,-0.26169920617575804f,-0.02709916391165864f,-0.966496390015699f,1.5f,0.7581267771211039f,-0.6271770142028167f,-0.18769361677670124f,0f,0f,0f,0f,1f],start_interpolation:0}
execute if entity @s[tag=aj.corrupted_beacon_core.bone.4] run data modify entity @s {} merge value {transformation:[-0.47058573239093543f,-0.8648082065765709f,0.18436904680291005f,0f,-0.2542380114732414f,-0.06770430355497963f,-0.966496390015699f,1.5f,0.8469050791578301f,-0.5008582676057788f,-0.18769361677670124f,0f,0f,0f,0f,1f],start_interpolation:0}
execute if entity @s[tag=aj.corrupted_beacon_core.bone.5] run data modify entity @s {} merge value {transformation:[-0.47058573239093543f,-0.8648082065765709f,0.18436904680291005f,0f,-0.2542380114732414f,-0.06770430355497963f,-0.966496390015699f,1.5f,0.8469050791578301f,-0.5008582676057788f,-0.18769361677670124f,0f,0f,0f,0f,1f],start_interpolation:0}
execute if entity @s[tag=aj.corrupted_beacon_core.bone.6] run data modify entity @s {} merge value {transformation:[-0.47058573239093543f,-0.8648082065765709f,0.18436904680291005f,0f,-0.2542380114732414f,-0.06770430355497963f,-0.966496390015699f,1.5f,0.8469050791578301f,-0.5008582676057788f,-0.18769361677670124f,0f,0f,0f,0f,1f],start_interpolation:0}
execute if entity @s[tag=aj.corrupted_beacon_core.bone.7] run data modify entity @s {} merge value {transformation:[-0.6000778502911581f,-0.7805451551845288f,0.18436904680291005f,0f,-0.26169920617575804f,-0.02709916391165864f,-0.966496390015699f,1.5f,0.7581267771211039f,-0.6271770142028167f,-0.18769361677670124f,0f,0f,0f,0f,1f],start_interpolation:0}
execute if entity @s[tag=aj.corrupted_beacon_core.bone.8] run data modify entity @s {} merge value {transformation:[-0.6000778502911581f,-0.7805451551845288f,0.18436904680291005f,0f,-0.26169920617575804f,-0.02709916391165864f,-0.966496390015699f,1.5f,0.7581267771211039f,-0.6271770142028167f,-0.18769361677670124f,0f,0f,0f,0f,1f],start_interpolation:0}
execute if entity @s[tag=aj.corrupted_beacon_core.bone.9] run data modify entity @s {} merge value {transformation:[-0.03511175705587432f,0.9822872507286886f,0.1840622763423395f,0f,0.18406227634233946f,0.18738131458572505f,-0.9648882429441255f,1.5f,-0.9822872507286886f,1.7580664497607203e-16f,-0.18738131458572502f,0f,0f,0f,0f,1f],start_interpolation:0}
execute if entity @s[tag=aj.corrupted_beacon_core.bone.10] run data modify entity @s {} merge value {transformation:[-0.5990793846500746f,-0.779246411165919f,0.1840622763423395f,0f,-0.26126376656481665f,-0.02705407378867751f,-0.9648882429441255f,1.5f,0.7568653348962767f,-0.6261334584387521f,-0.18738131458572502f,0f,0f,0f,0f,1f],start_interpolation:0}
execute if entity @s[tag=aj.corrupted_beacon_core.bone.11] run data modify entity @s {} merge value {transformation:[-0.5990793846500746f,-0.779246411165919f,0.1840622763423395f,0f,-0.26126376656481665f,-0.02705407378867751f,-0.9648882429441255f,1.5f,0.7568653348962767f,-0.6261334584387521f,-0.18738131458572502f,0f,0f,0f,0f,1f],start_interpolation:0}
execute if entity @s[tag=aj.corrupted_beacon_core.bone.12] run data modify entity @s {} merge value {transformation:[-0.5990793846500746f,-0.779246411165919f,0.1840622763423395f,0f,-0.26126376656481665f,-0.02705407378867751f,-0.9648882429441255f,1.5f,0.7568653348962767f,-0.6261334584387521f,-0.18738131458572502f,0f,0f,0f,0f,1f],start_interpolation:0}
execute if entity @s[tag=aj.corrupted_beacon_core.bone.13] run data modify entity @s {} merge value {transformation:[-0.5990793846500746f,-0.779246411165919f,0.1840622763423395f,0f,-0.26126376656481665f,-0.02705407378867751f,-0.9648882429441255f,1.5f,0.7568653348962767f,-0.6261334584387521f,-0.18738131458572502f,0f,0f,0f,0f,1f],start_interpolation:0}
execute if entity @s[tag=aj.corrupted_beacon_core.bone.14] run data modify entity @s {} merge value {transformation:[-0.5990793846500746f,-0.779246411165919f,0.1840622763423395f,0f,-0.26126376656481665f,-0.02705407378867751f,-0.9648882429441255f,1.5f,0.7568653348962767f,-0.6261334584387521f,-0.18738131458572502f,0f,0f,0f,0f,1f],start_interpolation:0}
execute if entity @s[tag=aj.corrupted_beacon_core.bone.15] run data modify entity @s {} merge value {transformation:[-0.9714675301386699f,0.14957244503567108f,0.1840622763423395f,0f,-0.1495724450356708f,0.21591378444705522f,-0.9648882429441255f,1.5f,-0.18406227634233965f,-0.9648882429441256f,-0.18738131458572502f,0f,0f,0f,0f,1f],start_interpolation:0}
execute if entity @s[tag=aj.corrupted_beacon_core.bone.16] run data modify entity @s {} merge value {transformation:[-0.9714675301386699f,0.14957244503567108f,0.1840622763423395f,0f,-0.1495724450356708f,0.21591378444705522f,-0.9648882429441255f,1.5f,-0.18406227634233965f,-0.9648882429441256f,-0.18738131458572502f,0f,0f,0f,0f,1f],start_interpolation:0}
execute if entity @s[tag=aj.corrupted_beacon_core.bone.17] run data modify entity @s {} merge value {transformation:[-0.9714675301386699f,0.14957244503567108f,0.1840622763423395f,0f,-0.1495724450356708f,0.21591378444705522f,-0.9648882429441255f,1.5f,-0.18406227634233965f,-0.9648882429441256f,-0.18738131458572502f,0f,0f,0f,0f,1f],start_interpolation:0}
execute if entity @s[tag=aj.corrupted_beacon_core.bone.18] run data modify entity @s {} merge value {transformation:[-0.9714675301386699f,0.14957244503567108f,0.1840622763423395f,0f,-0.1495724450356708f,0.21591378444705522f,-0.9648882429441255f,1.5f,-0.18406227634233965f,-0.9648882429441256f,-0.18738131458572502f,0f,0f,0f,0f,1f],start_interpolation:0}
execute if entity @s[tag=aj.corrupted_beacon_core.bone.19] run data modify entity @s {} merge value {transformation:[-0.9714675301386699f,0.14957244503567108f,0.1840622763423395f,0f,-0.1495724450356708f,0.21591378444705522f,-0.9648882429441255f,1.5f,-0.18406227634233965f,-0.9648882429441256f,-0.18738131458572502f,0f,0f,0f,0f,1f],start_interpolation:0}
execute if entity @s[tag=aj.corrupted_beacon_core.bone.20] run data modify entity @s {} merge value {transformation:[-0.9714675301386699f,0.14957244503567108f,0.1840622763423395f,0f,-0.1495724450356708f,0.21591378444705522f,-0.9648882429441255f,1.5f,-0.18406227634233965f,-0.9648882429441256f,-0.18738131458572502f,0f,0f,0f,0f,1f],start_interpolation:0}
execute if entity @s[tag=aj.corrupted_beacon_core.bone.21] run data modify entity @s {} merge value {transformation:[-0.46980272784452787f,-0.8633692578135482f,0.1840622763423395f,0f,-0.25381498649574846f,-0.06759165080364023f,-0.9648882429441255f,1.5f,0.8454959192923428f,-0.5000248927844713f,-0.18738131458572502f,0f,0f,0f,0f,1f],start_interpolation:0}
execute if entity @s[tag=aj.corrupted_beacon_core.bone.22] run data modify entity @s {} merge value {transformation:[-0.46980272784452787f,-0.8633692578135482f,0.1840622763423395f,0f,-0.25381498649574846f,-0.06759165080364023f,-0.9648882429441255f,1.5f,0.8454959192923428f,-0.5000248927844713f,-0.18738131458572502f,0f,0f,0f,0f,1f],start_interpolation:0}
execute if entity @s[tag=aj.corrupted_beacon_core.bone.23] run data modify entity @s {} merge value {transformation:[-0.46980272784452787f,-0.8633692578135482f,0.1840622763423395f,0f,-0.25381498649574846f,-0.06759165080364023f,-0.9648882429441255f,1.5f,0.8454959192923428f,-0.5000248927844713f,-0.18738131458572502f,0f,0f,0f,0f,1f],start_interpolation:0}
execute if entity @s[tag=aj.corrupted_beacon_core.bone.24] run data modify entity @s {} merge value {transformation:[-0.46980272784452787f,-0.8633692578135482f,0.1840622763423395f,0f,-0.25381498649574846f,-0.06759165080364023f,-0.9648882429441255f,1.5f,0.8454959192923428f,-0.5000248927844713f,-0.18738131458572502f,0f,0f,0f,0f,1f],start_interpolation:0}
execute if entity @s[tag=aj.corrupted_beacon_core.bone.25] run data modify entity @s {} merge value {transformation:[-0.46980272784452787f,-0.8633692578135482f,0.1840622763423395f,0f,-0.25381498649574846f,-0.06759165080364023f,-0.9648882429441255f,1.5f,0.8454959192923428f,-0.5000248927844713f,-0.18738131458572502f,0f,0f,0f,0f,1f],start_interpolation:0}
execute if entity @s[tag=aj.corrupted_beacon_core.bone.26] run data modify entity @s {} merge value {transformation:[-0.46980272784452787f,-0.8633692578135482f,0.1840622763423395f,0f,-0.25381498649574846f,-0.06759165080364023f,-0.9648882429441255f,1.5f,0.8454959192923428f,-0.5000248927844713f,-0.18738131458572502f,0f,0f,0f,0f,1f],start_interpolation:0}
execute if entity @s[tag=aj.corrupted_beacon_core.bone.27] run data modify entity @s {} merge value {transformation:[-0.9730866426889011f,0.14982173244406385f,0.18436904680291005f,0f,-0.14982173244406358f,0.21627364075446698f,-0.966496390015699f,1.5f,-0.18436904680291022f,-0.9664963900156991f,-0.18769361677670124f,0f,0f,0f,0f,1f],start_interpolation:0}