execute if entity @s[tag=aj.corrupted_beacon_core.bone.exterior] run data modify entity @s {} merge value {transformation:[-1.7689164944001312f,4.142167011199733f,-2.4347046817155937f,0f,-2.4347046817155933f,-3.009460491737461f,-3.3510835055998682f,1.5025f,-4.142167011199733f,5.072691571799513e-16f,3.0094604917374608f,0f,0f,0f,0f,1f],start_interpolation:0}
execute if entity @s[tag=aj.corrupted_beacon_core.bone.1] run data modify entity @s {} merge value {transformation:[-0.45218607652031145f,0.7562951499272754f,0.4763208052444894f,0f,-0.7562951499272755f,-0.03928430423327144f,-0.6555993446827868f,1.5f,-0.47632080524448955f,-0.6555993446827868f,0.5887648943796272f,0f,0f,0f,0f,1f],start_interpolation:0}
execute if entity @s[tag=aj.corrupted_beacon_core.bone.2] run data modify entity @s {} merge value {transformation:[-0.45218607652031145f,0.7562951499272754f,0.4763208052444894f,0f,-0.7562951499272755f,-0.03928430423327144f,-0.6555993446827868f,1.5f,-0.47632080524448955f,-0.6555993446827868f,0.5887648943796272f,0f,0f,0f,0f,1f],start_interpolation:0}
execute if entity @s[tag=aj.corrupted_beacon_core.bone.3] run data modify entity @s {} merge value {transformation:[0.5649295427499664f,-0.6762464146527261f,0.4763208052444894f,0f,0.7408384825146122f,0.15711127645098857f,-0.6555993446827868f,1.5f,0.3678981729566924f,0.7220408192009549f,0.5887648943796272f,0f,0f,0f,0f,1f],start_interpolation:0}
execute if entity @s[tag=aj.corrupted_beacon_core.bone.4] run data modify entity @s {} merge value {transformation:[-0.7807151409415451f,0.4085810449677963f,0.4763208052444894f,0f,-0.6243216283564462f,-0.4286585059566273f,-0.6555993446827868f,1.5f,-0.06358053304346281f,-0.8078672700853573f,0.5887648943796272f,0f,0f,0f,0f,1f],start_interpolation:0}
execute if entity @s[tag=aj.corrupted_beacon_core.bone.5] run data modify entity @s {} merge value {transformation:[-0.7807151409415451f,0.4085810449677963f,0.4763208052444894f,0f,-0.6243216283564462f,-0.4286585059566273f,-0.6555993446827868f,1.5f,-0.06358053304346281f,-0.8078672700853573f,0.5887648943796272f,0f,0f,0f,0f,1f],start_interpolation:0}
execute if entity @s[tag=aj.corrupted_beacon_core.bone.6] run data modify entity @s {} merge value {transformation:[-0.7807151409415451f,0.4085810449677963f,0.4763208052444894f,0f,-0.6243216283564462f,-0.4286585059566273f,-0.6555993446827868f,1.5f,-0.06358053304346281f,-0.8078672700853573f,0.5887648943796272f,0f,0f,0f,0f,1f],start_interpolation:0}
execute if entity @s[tag=aj.corrupted_beacon_core.bone.7] run data modify entity @s {} merge value {transformation:[0.5649295427499664f,-0.6762464146527261f,0.4763208052444894f,0f,0.7408384825146122f,0.15711127645098857f,-0.6555993446827868f,1.5f,0.3678981729566924f,0.7220408192009549f,0.5887648943796272f,0f,0f,0f,0f,1f],start_interpolation:0}
execute if entity @s[tag=aj.corrupted_beacon_core.bone.8] run data modify entity @s {} merge value {transformation:[0.5649295427499664f,-0.6762464146527261f,0.4763208052444894f,0f,0.7408384825146122f,0.15711127645098857f,-0.6555993446827868f,1.5f,0.3678981729566924f,0.7220408192009549f,0.5887648943796272f,0f,0f,0f,0f,1f],start_interpolation:0}
execute if entity @s[tag=aj.corrupted_beacon_core.bone.9] run data modify entity @s {} merge value {transformation:[-0.34549150281252583f,-0.8090169943749479f,0.47552825814757677f,0f,0.4755282581475768f,-0.5877852522924729f,-0.6545084971874743f,1.5f,0.8090169943749479f,-9.907600726170922e-17f,0.587785252292473f,0f,0f,0f,0f,1f],start_interpolation:0}
execute if entity @s[tag=aj.corrupted_beacon_core.bone.10] run data modify entity @s {} merge value {transformation:[0.5639895601497169f,-0.6751212126316732f,0.47552825814757677f,0f,0.7396058061709938f,0.15684986001762585f,-0.6545084971874743f,1.5f,0.367286029574069f,0.7208394201673426f,0.587785252292473f,0f,0f,0f,0f,1f],start_interpolation:0}
execute if entity @s[tag=aj.corrupted_beacon_core.bone.11] run data modify entity @s {} merge value {transformation:[0.5639895601497169f,-0.6751212126316732f,0.47552825814757677f,0f,0.7396058061709938f,0.15684986001762585f,-0.6545084971874743f,1.5f,0.367286029574069f,0.7208394201673426f,0.587785252292473f,0f,0f,0f,0f,1f],start_interpolation:0}
execute if entity @s[tag=aj.corrupted_beacon_core.bone.12] run data modify entity @s {} merge value {transformation:[0.5639895601497169f,-0.6751212126316732f,0.47552825814757677f,0f,0.7396058061709938f,0.15684986001762585f,-0.6545084971874743f,1.5f,0.367286029574069f,0.7208394201673426f,0.587785252292473f,0f,0f,0f,0f,1f],start_interpolation:0}
execute if entity @s[tag=aj.corrupted_beacon_core.bone.13] run data modify entity @s {} merge value {transformation:[0.5639895601497169f,-0.6751212126316732f,0.47552825814757677f,0f,0.7396058061709938f,0.15684986001762585f,-0.6545084971874743f,1.5f,0.367286029574069f,0.7208394201673426f,0.587785252292473f,0f,0f,0f,0f,1f],start_interpolation:0}
execute if entity @s[tag=aj.corrupted_beacon_core.bone.14] run data modify entity @s {} merge value {transformation:[0.5639895601497169f,-0.6751212126316732f,0.47552825814757677f,0f,0.7396058061709938f,0.15684986001762585f,-0.6545084971874743f,1.5f,0.367286029574069f,0.7208394201673426f,0.587785252292473f,0f,0f,0f,0f,1f],start_interpolation:0}
execute if entity @s[tag=aj.corrupted_beacon_core.bone.15] run data modify entity @s {} merge value {transformation:[-0.4514336870419083f,0.7550367553350503f,0.47552825814757677f,0f,-0.7550367553350504f,-0.03921893933438081f,-0.6545084971874743f,1.5f,-0.47552825814757693f,-0.6545084971874743f,0.587785252292473f,0f,0f,0f,0f,1f],start_interpolation:0}
execute if entity @s[tag=aj.corrupted_beacon_core.bone.16] run data modify entity @s {} merge value {transformation:[-0.4514336870419083f,0.7550367553350503f,0.47552825814757677f,0f,-0.7550367553350504f,-0.03921893933438081f,-0.6545084971874743f,1.5f,-0.47552825814757693f,-0.6545084971874743f,0.587785252292473f,0f,0f,0f,0f,1f],start_interpolation:0}
execute if entity @s[tag=aj.corrupted_beacon_core.bone.17] run data modify entity @s {} merge value {transformation:[-0.4514336870419083f,0.7550367553350503f,0.47552825814757677f,0f,-0.7550367553350504f,-0.03921893933438081f,-0.6545084971874743f,1.5f,-0.47552825814757693f,-0.6545084971874743f,0.587785252292473f,0f,0f,0f,0f,1f],start_interpolation:0}
execute if entity @s[tag=aj.corrupted_beacon_core.bone.18] run data modify entity @s {} merge value {transformation:[-0.4514336870419083f,0.7550367553350503f,0.47552825814757677f,0f,-0.7550367553350504f,-0.03921893933438081f,-0.6545084971874743f,1.5f,-0.47552825814757693f,-0.6545084971874743f,0.587785252292473f,0f,0f,0f,0f,1f],start_interpolation:0}
execute if entity @s[tag=aj.corrupted_beacon_core.bone.19] run data modify entity @s {} merge value {transformation:[-0.4514336870419083f,0.7550367553350503f,0.47552825814757677f,0f,-0.7550367553350504f,-0.03921893933438081f,-0.6545084971874743f,1.5f,-0.47552825814757693f,-0.6545084971874743f,0.587785252292473f,0f,0f,0f,0f,1f],start_interpolation:0}
execute if entity @s[tag=aj.corrupted_beacon_core.bone.20] run data modify entity @s {} merge value {transformation:[-0.4514336870419083f,0.7550367553350503f,0.47552825814757677f,0f,-0.7550367553350504f,-0.03921893933438081f,-0.6545084971874743f,1.5f,-0.47552825814757693f,-0.6545084971874743f,0.587785252292473f,0f,0f,0f,0f,1f],start_interpolation:0}
execute if entity @s[tag=aj.corrupted_beacon_core.bone.21] run data modify entity @s {} merge value {transformation:[-0.7794161140847372f,0.40790120961843224f,0.47552825814757677f,0f,-0.6232828236503622f,-0.42794526385021026f,-0.6545084971874743f,1.5f,-0.06347474180711761f,-0.8065230649770622f,0.587785252292473f,0f,0f,0f,0f,1f],start_interpolation:0}
execute if entity @s[tag=aj.corrupted_beacon_core.bone.22] run data modify entity @s {} merge value {transformation:[-0.7794161140847372f,0.40790120961843224f,0.47552825814757677f,0f,-0.6232828236503622f,-0.42794526385021026f,-0.6545084971874743f,1.5f,-0.06347474180711761f,-0.8065230649770622f,0.587785252292473f,0f,0f,0f,0f,1f],start_interpolation:0}
execute if entity @s[tag=aj.corrupted_beacon_core.bone.23] run data modify entity @s {} merge value {transformation:[-0.7794161140847372f,0.40790120961843224f,0.47552825814757677f,0f,-0.6232828236503622f,-0.42794526385021026f,-0.6545084971874743f,1.5f,-0.06347474180711761f,-0.8065230649770622f,0.587785252292473f,0f,0f,0f,0f,1f],start_interpolation:0}
execute if entity @s[tag=aj.corrupted_beacon_core.bone.24] run data modify entity @s {} merge value {transformation:[-0.7794161140847372f,0.40790120961843224f,0.47552825814757677f,0f,-0.6232828236503622f,-0.42794526385021026f,-0.6545084971874743f,1.5f,-0.06347474180711761f,-0.8065230649770622f,0.587785252292473f,0f,0f,0f,0f,1f],start_interpolation:0}
execute if entity @s[tag=aj.corrupted_beacon_core.bone.25] run data modify entity @s {} merge value {transformation:[-0.7794161140847372f,0.40790120961843224f,0.47552825814757677f,0f,-0.6232828236503622f,-0.42794526385021026f,-0.6545084971874743f,1.5f,-0.06347474180711761f,-0.8065230649770622f,0.587785252292473f,0f,0f,0f,0f,1f],start_interpolation:0}
execute if entity @s[tag=aj.corrupted_beacon_core.bone.26] run data modify entity @s {} merge value {transformation:[-0.7794161140847372f,0.40790120961843224f,0.47552825814757677f,0f,-0.6232828236503622f,-0.42794526385021026f,-0.6545084971874743f,1.5f,-0.06347474180711761f,-0.8065230649770622f,0.587785252292473f,0f,0f,0f,0f,1f],start_interpolation:0}
execute if entity @s[tag=aj.corrupted_beacon_core.bone.27] run data modify entity @s {} merge value {transformation:[-0.45218607652031145f,0.7562951499272754f,0.4763208052444894f,0f,-0.7562951499272755f,-0.03928430423327144f,-0.6555993446827868f,1.5f,-0.47632080524448955f,-0.6555993446827868f,0.5887648943796272f,0f,0f,0f,0f,1f],start_interpolation:0}