execute if entity @s[tag=aj.corrupted_beacon_core.bone.exterior] run data modify entity @s {} merge value {transformation:[-5.0395728924892955f,0.6417061558492376f,0.6366461111420287f,0f,0.6366461111420282f,5.079627270730127f,-0.08042710751070434f,1.5025f,-0.6417061558492383f,6.97045547783909e-17f,-5.079627270730127f,0f,0f,0f,0f,1f],start_interpolation:0}
execute if entity @s[tag=aj.corrupted_beacon_core.bone.1] run data modify entity @s {} merge value {transformation:[-0.9938922978384284f,-0.000982131181882156f,-0.12455218515506462f,0f,0.000982131181882156f,1.001542594644907f,-0.015734600134743915f,1.5f,0.12455218515506465f,-0.015734600134743915f,-0.9937682258166687f,0f,0f,0f,0f,1f],start_interpolation:0}
execute if entity @s[tag=aj.corrupted_beacon_core.bone.2] run data modify entity @s {} merge value {transformation:[-0.9938922978384284f,-0.000982131181882156f,-0.12455218515506462f,0f,0.000982131181882156f,1.001542594644907f,-0.015734600134743915f,1.5f,0.12455218515506465f,-0.015734600134743915f,-0.9937682258166687f,0f,0f,0f,0f,1f],start_interpolation:0}
execute if entity @s[tag=aj.corrupted_beacon_core.bone.3] run data modify entity @s {} merge value {transformation:[-0.976103699732172f,-0.1872015802640972f,-0.12455218515506462f,0f,-0.18670563305965424f,0.9839865548133799f,-0.015734600134743915f,1.5f,0.12529439358594807f,0.007882855081207734f,-0.9937682258166687f,0f,0f,0f,0f,1f],start_interpolation:0}
execute if entity @s[tag=aj.corrupted_beacon_core.bone.4] run data modify entity @s {} merge value {transformation:[-0.9933710225005434f,-0.03220055807644113f,-0.12455218515506462f,0f,-0.030477566587443692f,1.0010792433192384f,-0.015734600134743915f,1.5f,0.12498496190439752f,-0.011814557378847906f,-0.9937682258166687f,0f,0f,0f,0f,1f],start_interpolation:0}
execute if entity @s[tag=aj.corrupted_beacon_core.bone.5] run data modify entity @s {} merge value {transformation:[-0.9933710225005434f,-0.03220055807644113f,-0.12455218515506462f,0f,-0.030477566587443692f,1.0010792433192384f,-0.015734600134743915f,1.5f,0.12498496190439752f,-0.011814557378847906f,-0.9937682258166687f,0f,0f,0f,0f,1f],start_interpolation:0}
execute if entity @s[tag=aj.corrupted_beacon_core.bone.6] run data modify entity @s {} merge value {transformation:[-0.9933710225005434f,-0.03220055807644113f,-0.12455218515506462f,0f,-0.030477566587443692f,1.0010792433192384f,-0.015734600134743915f,1.5f,0.12498496190439752f,-0.011814557378847906f,-0.9937682258166687f,0f,0f,0f,0f,1f],start_interpolation:0}
execute if entity @s[tag=aj.corrupted_beacon_core.bone.7] run data modify entity @s {} merge value {transformation:[-0.976103699732172f,-0.1872015802640972f,-0.12455218515506462f,0f,-0.18670563305965424f,0.9839865548133799f,-0.015734600134743915f,1.5f,0.12529439358594807f,0.007882855081207734f,-0.9937682258166687f,0f,0f,0f,0f,1f],start_interpolation:0}
execute if entity @s[tag=aj.corrupted_beacon_core.bone.8] run data modify entity @s {} merge value {transformation:[-0.976103699732172f,-0.1872015802640972f,-0.12455218515506462f,0f,-0.18670563305965424f,0.9839865548133799f,-0.015734600134743915f,1.5f,0.12529439358594807f,0.007882855081207734f,-0.9937682258166687f,0f,0f,0f,0f,1f],start_interpolation:0}
execute if entity @s[tag=aj.corrupted_beacon_core.bone.9] run data modify entity @s {} merge value {transformation:[-0.9842915805643155f,-0.12533323356430423f,-0.12434494358242724f,0f,-0.12434494358242737f,0.9921147013144779f,-0.01570841943568444f,1.5f,0.12533323356430412f,-1.7083617807108087e-17f,-0.9921147013144779f,0f,0f,0f,0f,1f],start_interpolation:0}
execute if entity @s[tag=aj.corrupted_beacon_core.bone.10] run data modify entity @s {} merge value {transformation:[-0.9744795671203048f,-0.18689009676948137f,-0.12434494358242724f,0f,-0.1863949747683736f,0.9823493059700964f,-0.01570841943568444f,1.5f,0.12508591705751887f,0.007869738849791415f,-0.9921147013144779f,0f,0f,0f,0f,1f],start_interpolation:0}
execute if entity @s[tag=aj.corrupted_beacon_core.bone.11] run data modify entity @s {} merge value {transformation:[-0.9744795671203048f,-0.18689009676948137f,-0.12434494358242724f,0f,-0.1863949747683736f,0.9823493059700964f,-0.01570841943568444f,1.5f,0.12508591705751887f,0.007869738849791415f,-0.9921147013144779f,0f,0f,0f,0f,1f],start_interpolation:0}
execute if entity @s[tag=aj.corrupted_beacon_core.bone.12] run data modify entity @s {} merge value {transformation:[-0.9744795671203048f,-0.18689009676948137f,-0.12434494358242724f,0f,-0.1863949747683736f,0.9823493059700964f,-0.01570841943568444f,1.5f,0.12508591705751887f,0.007869738849791415f,-0.9921147013144779f,0f,0f,0f,0f,1f],start_interpolation:0}
execute if entity @s[tag=aj.corrupted_beacon_core.bone.13] run data modify entity @s {} merge value {transformation:[-0.9744795671203048f,-0.18689009676948137f,-0.12434494358242724f,0f,-0.1863949747683736f,0.9823493059700964f,-0.01570841943568444f,1.5f,0.12508591705751887f,0.007869738849791415f,-0.9921147013144779f,0f,0f,0f,0f,1f],start_interpolation:0}
execute if entity @s[tag=aj.corrupted_beacon_core.bone.14] run data modify entity @s {} merge value {transformation:[-0.9744795671203048f,-0.18689009676948137f,-0.12434494358242724f,0f,-0.1863949747683736f,0.9823493059700964f,-0.01570841943568444f,1.5f,0.12508591705751887f,0.007869738849791415f,-0.9921147013144779f,0f,0f,0f,0f,1f],start_interpolation:0}
execute if entity @s[tag=aj.corrupted_beacon_core.bone.15] run data modify entity @s {} merge value {transformation:[-0.9922385668936057f,-0.000980497020181853f,-0.12434494358242724f,0f,0.000980497020181853f,0.9998761344208722f,-0.01570841943568444f,1.5f,0.12434494358242727f,-0.01570841943568444f,-0.9921147013144779f,0f,0f,0f,0f,1f],start_interpolation:0}
execute if entity @s[tag=aj.corrupted_beacon_core.bone.16] run data modify entity @s {} merge value {transformation:[-0.9922385668936057f,-0.000980497020181853f,-0.12434494358242724f,0f,0.000980497020181853f,0.9998761344208722f,-0.01570841943568444f,1.5f,0.12434494358242727f,-0.01570841943568444f,-0.9921147013144779f,0f,0f,0f,0f,1f],start_interpolation:0}
execute if entity @s[tag=aj.corrupted_beacon_core.bone.17] run data modify entity @s {} merge value {transformation:[-0.9922385668936057f,-0.000980497020181853f,-0.12434494358242724f,0f,0.000980497020181853f,0.9998761344208722f,-0.01570841943568444f,1.5f,0.12434494358242727f,-0.01570841943568444f,-0.9921147013144779f,0f,0f,0f,0f,1f],start_interpolation:0}
execute if entity @s[tag=aj.corrupted_beacon_core.bone.18] run data modify entity @s {} merge value {transformation:[-0.9922385668936057f,-0.000980497020181853f,-0.12434494358242724f,0f,0.000980497020181853f,0.9998761344208722f,-0.01570841943568444f,1.5f,0.12434494358242727f,-0.01570841943568444f,-0.9921147013144779f,0f,0f,0f,0f,1f],start_interpolation:0}
execute if entity @s[tag=aj.corrupted_beacon_core.bone.19] run data modify entity @s {} merge value {transformation:[-0.9922385668936057f,-0.000980497020181853f,-0.12434494358242724f,0f,0.000980497020181853f,0.9998761344208722f,-0.01570841943568444f,1.5f,0.12434494358242727f,-0.01570841943568444f,-0.9921147013144779f,0f,0f,0f,0f,1f],start_interpolation:0}
execute if entity @s[tag=aj.corrupted_beacon_core.bone.20] run data modify entity @s {} merge value {transformation:[-0.9922385668936057f,-0.000980497020181853f,-0.12434494358242724f,0f,0.000980497020181853f,0.9998761344208722f,-0.01570841943568444f,1.5f,0.12434494358242727f,-0.01570841943568444f,-0.9921147013144779f,0f,0f,0f,0f,1f],start_interpolation:0}
execute if entity @s[tag=aj.corrupted_beacon_core.bone.21] run data modify entity @s {} merge value {transformation:[-0.9917181589023728f,-0.032146979776813106f,-0.12434494358242724f,0f,-0.030426855162173402f,0.9994135540624676f,-0.01570841943568444f,1.5f,0.12477700023733529f,-0.011794899213492086f,-0.9921147013144779f,0f,0f,0f,0f,1f],start_interpolation:0}
execute if entity @s[tag=aj.corrupted_beacon_core.bone.22] run data modify entity @s {} merge value {transformation:[-0.9917181589023728f,-0.032146979776813106f,-0.12434494358242724f,0f,-0.030426855162173402f,0.9994135540624676f,-0.01570841943568444f,1.5f,0.12477700023733529f,-0.011794899213492086f,-0.9921147013144779f,0f,0f,0f,0f,1f],start_interpolation:0}
execute if entity @s[tag=aj.corrupted_beacon_core.bone.23] run data modify entity @s {} merge value {transformation:[-0.9917181589023728f,-0.032146979776813106f,-0.12434494358242724f,0f,-0.030426855162173402f,0.9994135540624676f,-0.01570841943568444f,1.5f,0.12477700023733529f,-0.011794899213492086f,-0.9921147013144779f,0f,0f,0f,0f,1f],start_interpolation:0}
execute if entity @s[tag=aj.corrupted_beacon_core.bone.24] run data modify entity @s {} merge value {transformation:[-0.9917181589023728f,-0.032146979776813106f,-0.12434494358242724f,0f,-0.030426855162173402f,0.9994135540624676f,-0.01570841943568444f,1.5f,0.12477700023733529f,-0.011794899213492086f,-0.9921147013144779f,0f,0f,0f,0f,1f],start_interpolation:0}
execute if entity @s[tag=aj.corrupted_beacon_core.bone.25] run data modify entity @s {} merge value {transformation:[-0.9917181589023728f,-0.032146979776813106f,-0.12434494358242724f,0f,-0.030426855162173402f,0.9994135540624676f,-0.01570841943568444f,1.5f,0.12477700023733529f,-0.011794899213492086f,-0.9921147013144779f,0f,0f,0f,0f,1f],start_interpolation:0}
execute if entity @s[tag=aj.corrupted_beacon_core.bone.26] run data modify entity @s {} merge value {transformation:[-0.9917181589023728f,-0.032146979776813106f,-0.12434494358242724f,0f,-0.030426855162173402f,0.9994135540624676f,-0.01570841943568444f,1.5f,0.12477700023733529f,-0.011794899213492086f,-0.9921147013144779f,0f,0f,0f,0f,1f],start_interpolation:0}
execute if entity @s[tag=aj.corrupted_beacon_core.bone.27] run data modify entity @s {} merge value {transformation:[-0.9938922978384284f,-0.000982131181882156f,-0.12455218515506462f,0f,0.000982131181882156f,1.001542594644907f,-0.015734600134743915f,1.5f,0.12455218515506465f,-0.015734600134743915f,-0.9937682258166687f,0f,0f,0f,0f,1f],start_interpolation:0}