execute if entity @s[tag=aj.corrupted_beacon_core.bone.exterior] run data modify entity @s {} merge value {transformation:[-1.1882834048537672f,4.486690201824582f,-2.161479489285158f,0f,-2.1614794892851577f,-2.4665788114007796f,-3.9317165951462325f,1.5025f,-4.486690201824582f,2.652439851389866e-16f,2.466578811400779f,0f,0f,0f,0f,1f],start_interpolation:0}
execute if entity @s[tag=aj.corrupted_beacon_core.bone.1] run data modify entity @s {} merge value {transformation:[-0.6571983320603139f,0.626585574551111f,0.42286756935559233f,0f,-0.6265855745511106f,-0.13808826228553195f,-0.7691932531519811f,1.5f,-0.4228675693555925f,-0.769193253151981f,0.48255659689188435f,0f,0f,0f,0f,1f],start_interpolation:0}
execute if entity @s[tag=aj.corrupted_beacon_core.bone.2] run data modify entity @s {} merge value {transformation:[-0.6571983320603139f,0.626585574551111f,0.42286756935559233f,0f,-0.6265855745511106f,-0.13808826228553195f,-0.7691932531519811f,1.5f,-0.4228675693555925f,-0.769193253151981f,0.48255659689188435f,0f,0f,0f,0f,1f],start_interpolation:0}
execute if entity @s[tag=aj.corrupted_beacon_core.bone.3] run data modify entity @s {} merge value {transformation:[0.6371925158316446f,-0.646919490869261f,0.42286756935559233f,0f,0.6306138495325345f,0.11833859553983726f,-0.7691932531519811f,1.5f,0.4468198536961046f,0.7555311113714815f,0.48255659689188435f,0f,0f,0f,0f,1f],start_interpolation:0}
execute if entity @s[tag=aj.corrupted_beacon_core.bone.4] run data modify entity @s {} merge value {transformation:[-0.8813104368898522f,0.21865736604885364f,0.42286756935559233f,0f,-0.4758549499893209f,-0.43039507082126804f,-0.7691932531519811f,1.5f,0.013787367797726833f,-0.877658903217215f,0.48255659689188435f,0f,0f,0f,0f,1f],start_interpolation:0}
execute if entity @s[tag=aj.corrupted_beacon_core.bone.5] run data modify entity @s {} merge value {transformation:[-0.8813104368898522f,0.21865736604885364f,0.42286756935559233f,0f,-0.4758549499893209f,-0.43039507082126804f,-0.7691932531519811f,1.5f,0.013787367797726833f,-0.877658903217215f,0.48255659689188435f,0f,0f,0f,0f,1f],start_interpolation:0}
execute if entity @s[tag=aj.corrupted_beacon_core.bone.6] run data modify entity @s {} merge value {transformation:[-0.8813104368898522f,0.21865736604885364f,0.42286756935559233f,0f,-0.4758549499893209f,-0.43039507082126804f,-0.7691932531519811f,1.5f,0.013787367797726833f,-0.877658903217215f,0.48255659689188435f,0f,0f,0f,0f,1f],start_interpolation:0}
execute if entity @s[tag=aj.corrupted_beacon_core.bone.7] run data modify entity @s {} merge value {transformation:[0.6371925158316446f,-0.646919490869261f,0.42286756935559233f,0f,0.6306138495325345f,0.11833859553983726f,-0.7691932531519811f,1.5f,0.4468198536961046f,0.7555311113714815f,0.48255659689188435f,0f,0f,0f,0f,1f],start_interpolation:0}
execute if entity @s[tag=aj.corrupted_beacon_core.bone.8] run data modify entity @s {} merge value {transformation:[0.6371925158316446f,-0.646919490869261f,0.42286756935559233f,0f,0.6306138495325345f,0.11833859553983726f,-0.7691932531519811f,1.5f,0.4468198536961046f,0.7555311113714815f,0.48255659689188435f,0f,0f,0f,0f,1f],start_interpolation:0}
execute if entity @s[tag=aj.corrupted_beacon_core.bone.9] run data modify entity @s {} merge value {transformation:[-0.23208660251050162f,-0.8763066800438637f,0.4221639627510073f,0f,0.42216396275100737f,-0.48175367410171477f,-0.7679133974894985f,1.5f,0.8763066800438637f,-1.6282776830997396e-16f,0.4817536741017148f,0f,0f,0f,0f,1f],start_interpolation:0}
execute if entity @s[tag=aj.corrupted_beacon_core.bone.10] run data modify entity @s {} merge value {transformation:[0.6361322953394122f,-0.6458430857263837f,0.4221639627510073f,0f,0.629564575240467f,0.11814169271863953f,-0.7679133974894985f,1.5f,0.4460763930410362f,0.7542739880580515f,0.4817536741017148f,0f,0f,0f,0f,1f],start_interpolation:0}
execute if entity @s[tag=aj.corrupted_beacon_core.bone.11] run data modify entity @s {} merge value {transformation:[0.6361322953394122f,-0.6458430857263837f,0.4221639627510073f,0f,0.629564575240467f,0.11814169271863953f,-0.7679133974894985f,1.5f,0.4460763930410362f,0.7542739880580515f,0.4817536741017148f,0f,0f,0f,0f,1f],start_interpolation:0}
execute if entity @s[tag=aj.corrupted_beacon_core.bone.12] run data modify entity @s {} merge value {transformation:[0.6361322953394122f,-0.6458430857263837f,0.4221639627510073f,0f,0.629564575240467f,0.11814169271863953f,-0.7679133974894985f,1.5f,0.4460763930410362f,0.7542739880580515f,0.4817536741017148f,0f,0f,0f,0f,1f],start_interpolation:0}
execute if entity @s[tag=aj.corrupted_beacon_core.bone.13] run data modify entity @s {} merge value {transformation:[0.6361322953394122f,-0.6458430857263837f,0.4221639627510073f,0f,0.629564575240467f,0.11814169271863953f,-0.7679133974894985f,1.5f,0.4460763930410362f,0.7542739880580515f,0.4817536741017148f,0f,0f,0f,0f,1f],start_interpolation:0}
execute if entity @s[tag=aj.corrupted_beacon_core.bone.14] run data modify entity @s {} merge value {transformation:[0.6361322953394122f,-0.6458430857263837f,0.4221639627510073f,0f,0.629564575240467f,0.11814169271863953f,-0.7679133974894985f,1.5f,0.4460763930410362f,0.7542739880580515f,0.4817536741017148f,0f,0f,0f,0f,1f],start_interpolation:0}
execute if entity @s[tag=aj.corrupted_beacon_core.bone.15] run data modify entity @s {} merge value {transformation:[-0.65610482402028f,0.6255430028796448f,0.4221639627510073f,0f,-0.6255430028796445f,-0.13785849812199527f,-0.7679133974894985f,1.5f,-0.4221639627510075f,-0.7679133974894984f,0.4817536741017148f,0f,0f,0f,0f,1f],start_interpolation:0}
execute if entity @s[tag=aj.corrupted_beacon_core.bone.16] run data modify entity @s {} merge value {transformation:[-0.65610482402028f,0.6255430028796448f,0.4221639627510073f,0f,-0.6255430028796445f,-0.13785849812199527f,-0.7679133974894985f,1.5f,-0.4221639627510075f,-0.7679133974894984f,0.4817536741017148f,0f,0f,0f,0f,1f],start_interpolation:0}
execute if entity @s[tag=aj.corrupted_beacon_core.bone.17] run data modify entity @s {} merge value {transformation:[-0.65610482402028f,0.6255430028796448f,0.4221639627510073f,0f,-0.6255430028796445f,-0.13785849812199527f,-0.7679133974894985f,1.5f,-0.4221639627510075f,-0.7679133974894984f,0.4817536741017148f,0f,0f,0f,0f,1f],start_interpolation:0}
execute if entity @s[tag=aj.corrupted_beacon_core.bone.18] run data modify entity @s {} merge value {transformation:[-0.65610482402028f,0.6255430028796448f,0.4221639627510073f,0f,-0.6255430028796445f,-0.13785849812199527f,-0.7679133974894985f,1.5f,-0.4221639627510075f,-0.7679133974894984f,0.4817536741017148f,0f,0f,0f,0f,1f],start_interpolation:0}
execute if entity @s[tag=aj.corrupted_beacon_core.bone.19] run data modify entity @s {} merge value {transformation:[-0.65610482402028f,0.6255430028796448f,0.4221639627510073f,0f,-0.6255430028796445f,-0.13785849812199527f,-0.7679133974894985f,1.5f,-0.4221639627510075f,-0.7679133974894984f,0.4817536741017148f,0f,0f,0f,0f,1f],start_interpolation:0}
execute if entity @s[tag=aj.corrupted_beacon_core.bone.20] run data modify entity @s {} merge value {transformation:[-0.65610482402028f,0.6255430028796448f,0.4221639627510073f,0f,-0.6255430028796445f,-0.13785849812199527f,-0.7679133974894985f,1.5f,-0.4221639627510075f,-0.7679133974894984f,0.4817536741017148f,0f,0f,0f,0f,1f],start_interpolation:0}
execute if entity @s[tag=aj.corrupted_beacon_core.bone.21] run data modify entity @s {} merge value {transformation:[-0.8798440301728974f,0.21829354347639296f,0.4221639627510073f,0f,-0.4750631780259443f,-0.4296789392558416f,-0.7679133974894985f,1.5f,0.01376442708591697f,-0.8761985722634426f,0.4817536741017148f,0f,0f,0f,0f,1f],start_interpolation:0}
execute if entity @s[tag=aj.corrupted_beacon_core.bone.22] run data modify entity @s {} merge value {transformation:[-0.8798440301728974f,0.21829354347639296f,0.4221639627510073f,0f,-0.4750631780259443f,-0.4296789392558416f,-0.7679133974894985f,1.5f,0.01376442708591697f,-0.8761985722634426f,0.4817536741017148f,0f,0f,0f,0f,1f],start_interpolation:0}
execute if entity @s[tag=aj.corrupted_beacon_core.bone.23] run data modify entity @s {} merge value {transformation:[-0.8798440301728974f,0.21829354347639296f,0.4221639627510073f,0f,-0.4750631780259443f,-0.4296789392558416f,-0.7679133974894985f,1.5f,0.01376442708591697f,-0.8761985722634426f,0.4817536741017148f,0f,0f,0f,0f,1f],start_interpolation:0}
execute if entity @s[tag=aj.corrupted_beacon_core.bone.24] run data modify entity @s {} merge value {transformation:[-0.8798440301728974f,0.21829354347639296f,0.4221639627510073f,0f,-0.4750631780259443f,-0.4296789392558416f,-0.7679133974894985f,1.5f,0.01376442708591697f,-0.8761985722634426f,0.4817536741017148f,0f,0f,0f,0f,1f],start_interpolation:0}
execute if entity @s[tag=aj.corrupted_beacon_core.bone.25] run data modify entity @s {} merge value {transformation:[-0.8798440301728974f,0.21829354347639296f,0.4221639627510073f,0f,-0.4750631780259443f,-0.4296789392558416f,-0.7679133974894985f,1.5f,0.01376442708591697f,-0.8761985722634426f,0.4817536741017148f,0f,0f,0f,0f,1f],start_interpolation:0}
execute if entity @s[tag=aj.corrupted_beacon_core.bone.26] run data modify entity @s {} merge value {transformation:[-0.8798440301728974f,0.21829354347639296f,0.4221639627510073f,0f,-0.4750631780259443f,-0.4296789392558416f,-0.7679133974894985f,1.5f,0.01376442708591697f,-0.8761985722634426f,0.4817536741017148f,0f,0f,0f,0f,1f],start_interpolation:0}
execute if entity @s[tag=aj.corrupted_beacon_core.bone.27] run data modify entity @s {} merge value {transformation:[-0.6571983320603139f,0.626585574551111f,0.42286756935559233f,0f,-0.6265855745511106f,-0.13808826228553195f,-0.7691932531519811f,1.5f,-0.4228675693555925f,-0.769193253151981f,0.48255659689188435f,0f,0f,0f,0f,1f],start_interpolation:0}