execute if entity @s[tag=aj.corrupted_beacon_core.bone.exterior] run data modify entity @s {} merge value {transformation:[-2.399256270004957f,3.7323193723976273f,2.5549484247763763f,0f,2.5549484247763754f,3.5048811823548864f,-2.7207437299950423f,1.5025f,-3.732319372397628f,4.570772972802412e-16f,-3.504881182354886f,0f,0f,0f,0f,1f],start_interpolation:0}
execute if entity @s[tag=aj.corrupted_beacon_core.bone.1] run data modify entity @s {} merge value {transformation:[-0.8535975739814214f,-0.15767756860481313f,-0.4998450531544926f,0f,0.15767756860481313f,0.8337571104571487f,-0.5322809185309312f,1.5f,0.4998450531544926f,-0.5322809185309312f,-0.6856880177719034f,0f,0f,0f,0f,1f],start_interpolation:0}
execute if entity @s[tag=aj.corrupted_beacon_core.bone.2] run data modify entity @s {} merge value {transformation:[-0.8535975739814214f,-0.15767756860481313f,-0.4998450531544926f,0f,0.15767756860481313f,0.8337571104571487f,-0.5322809185309312f,1.5f,0.4998450531544926f,-0.5322809185309312f,-0.6856880177719034f,0f,0f,0f,0f,1f],start_interpolation:0}
execute if entity @s[tag=aj.corrupted_beacon_core.bone.3] run data modify entity @s {} merge value {transformation:[-0.1407900749411637f,-0.8565449134436297f,-0.4998450531544926f,0f,-0.7310546595494465f,0.43078094158170743f,-0.5322809185309312f,1.5f,0.6701293536774938f,0.2899908666405437f,-0.6856880177719034f,0f,0f,0f,0f,1f],start_interpolation:0}
execute if entity @s[tag=aj.corrupted_beacon_core.bone.4] run data modify entity @s {} merge value {transformation:[-0.803887207858247f,-0.32750021525178447f,-0.4998450531544926f,0f,-0.014673877512654764f,0.8484089887534921f,-0.5322809185309312f,1.5f,0.5973994856640958f,-0.4198593906576617f,-0.6856880177719034f,0f,0f,0f,0f,1f],start_interpolation:0}
execute if entity @s[tag=aj.corrupted_beacon_core.bone.5] run data modify entity @s {} merge value {transformation:[-0.803887207858247f,-0.32750021525178447f,-0.4998450531544926f,0f,-0.014673877512654764f,0.8484089887534921f,-0.5322809185309312f,1.5f,0.5973994856640958f,-0.4198593906576617f,-0.6856880177719034f,0f,0f,0f,0f,1f],start_interpolation:0}
execute if entity @s[tag=aj.corrupted_beacon_core.bone.6] run data modify entity @s {} merge value {transformation:[-0.803887207858247f,-0.32750021525178447f,-0.4998450531544926f,0f,-0.014673877512654764f,0.8484089887534921f,-0.5322809185309312f,1.5f,0.5973994856640958f,-0.4198593906576617f,-0.6856880177719034f,0f,0f,0f,0f,1f],start_interpolation:0}
execute if entity @s[tag=aj.corrupted_beacon_core.bone.7] run data modify entity @s {} merge value {transformation:[-0.1407900749411637f,-0.8565449134436297f,-0.4998450531544926f,0f,-0.7310546595494465f,0.43078094158170743f,-0.5322809185309312f,1.5f,0.6701293536774938f,0.2899908666405437f,-0.6856880177719034f,0f,0f,0f,0f,1f],start_interpolation:0}
execute if entity @s[tag=aj.corrupted_beacon_core.bone.8] run data modify entity @s {} merge value {transformation:[-0.1407900749411637f,-0.8565449134436297f,-0.4998450531544926f,0f,-0.7310546595494465f,0.43078094158170743f,-0.5322809185309312f,1.5f,0.6701293536774938f,0.2899908666405437f,-0.6856880177719034f,0f,0f,0f,0f,1f],start_interpolation:0}
execute if entity @s[tag=aj.corrupted_beacon_core.bone.9] run data modify entity @s {} merge value {transformation:[-0.4686047402353434f,-0.7289686274214116f,-0.4990133642141357f,0f,-0.49901336421413583f,0.6845471059286887f,-0.5313952597646567f,1.5f,0.7289686274214114f,-8.927290962504712e-17f,-0.6845471059286888f,0f,0f,0f,0f,1f],start_interpolation:0}
execute if entity @s[tag=aj.corrupted_beacon_core.bone.10] run data modify entity @s {} merge value {transformation:[-0.1405558152490819f,-0.855119713920429f,-0.4990133642141357f,0f,-0.7298382624453709f,0.4300641679684267f,-0.5313952597646567f,1.5f,0.6690143297945029f,0.2895083527193448f,-0.6845471059286888f,0f,0f,0f,0f,1f],start_interpolation:0}
execute if entity @s[tag=aj.corrupted_beacon_core.bone.11] run data modify entity @s {} merge value {transformation:[-0.1405558152490819f,-0.855119713920429f,-0.4990133642141357f,0f,-0.7298382624453709f,0.4300641679684267f,-0.5313952597646567f,1.5f,0.6690143297945029f,0.2895083527193448f,-0.6845471059286888f,0f,0f,0f,0f,1f],start_interpolation:0}
execute if entity @s[tag=aj.corrupted_beacon_core.bone.12] run data modify entity @s {} merge value {transformation:[-0.1405558152490819f,-0.855119713920429f,-0.4990133642141357f,0f,-0.7298382624453709f,0.4300641679684267f,-0.5313952597646567f,1.5f,0.6690143297945029f,0.2895083527193448f,-0.6845471059286888f,0f,0f,0f,0f,1f],start_interpolation:0}
execute if entity @s[tag=aj.corrupted_beacon_core.bone.13] run data modify entity @s {} merge value {transformation:[-0.1405558152490819f,-0.855119713920429f,-0.4990133642141357f,0f,-0.7298382624453709f,0.4300641679684267f,-0.5313952597646567f,1.5f,0.6690143297945029f,0.2895083527193448f,-0.6845471059286888f,0f,0f,0f,0f,1f],start_interpolation:0}
execute if entity @s[tag=aj.corrupted_beacon_core.bone.14] run data modify entity @s {} merge value {transformation:[-0.1405558152490819f,-0.855119713920429f,-0.4990133642141357f,0f,-0.7298382624453709f,0.4300641679684267f,-0.5313952597646567f,1.5f,0.6690143297945029f,0.2895083527193448f,-0.6845471059286888f,0f,0f,0f,0f,1f],start_interpolation:0}
execute if entity @s[tag=aj.corrupted_beacon_core.bone.15] run data modify entity @s {} merge value {transformation:[-0.852177278517226f,-0.15741520992161046f,-0.4990133642141357f,0f,0.15741520992161046f,0.8323698274114629f,-0.5313952597646567f,1.5f,0.4990133642141357f,-0.5313952597646567f,-0.6845471059286888f,0f,0f,0f,0f,1f],start_interpolation:0}
execute if entity @s[tag=aj.corrupted_beacon_core.bone.16] run data modify entity @s {} merge value {transformation:[-0.852177278517226f,-0.15741520992161046f,-0.4990133642141357f,0f,0.15741520992161046f,0.8323698274114629f,-0.5313952597646567f,1.5f,0.4990133642141357f,-0.5313952597646567f,-0.6845471059286888f,0f,0f,0f,0f,1f],start_interpolation:0}
execute if entity @s[tag=aj.corrupted_beacon_core.bone.17] run data modify entity @s {} merge value {transformation:[-0.852177278517226f,-0.15741520992161046f,-0.4990133642141357f,0f,0.15741520992161046f,0.8323698274114629f,-0.5313952597646567f,1.5f,0.4990133642141357f,-0.5313952597646567f,-0.6845471059286888f,0f,0f,0f,0f,1f],start_interpolation:0}
execute if entity @s[tag=aj.corrupted_beacon_core.bone.18] run data modify entity @s {} merge value {transformation:[-0.852177278517226f,-0.15741520992161046f,-0.4990133642141357f,0f,0.15741520992161046f,0.8323698274114629f,-0.5313952597646567f,1.5f,0.4990133642141357f,-0.5313952597646567f,-0.6845471059286888f,0f,0f,0f,0f,1f],start_interpolation:0}
execute if entity @s[tag=aj.corrupted_beacon_core.bone.19] run data modify entity @s {} merge value {transformation:[-0.852177278517226f,-0.15741520992161046f,-0.4990133642141357f,0f,0.15741520992161046f,0.8323698274114629f,-0.5313952597646567f,1.5f,0.4990133642141357f,-0.5313952597646567f,-0.6845471059286888f,0f,0f,0f,0f,1f],start_interpolation:0}
execute if entity @s[tag=aj.corrupted_beacon_core.bone.20] run data modify entity @s {} merge value {transformation:[-0.852177278517226f,-0.15741520992161046f,-0.4990133642141357f,0f,0.15741520992161046f,0.8323698274114629f,-0.5313952597646567f,1.5f,0.4990133642141357f,-0.5313952597646567f,-0.6845471059286888f,0f,0f,0f,0f,1f],start_interpolation:0}
execute if entity @s[tag=aj.corrupted_beacon_core.bone.21] run data modify entity @s {} merge value {transformation:[-0.8025496251496642f,-0.32695528976883637f,-0.4990133642141357f,0f,-0.014649461743082959f,0.8469973265425877f,-0.5313952597646567f,1.5f,0.596405476536535f,-0.41916078934209156f,-0.6845471059286888f,0f,0f,0f,0f,1f],start_interpolation:0}
execute if entity @s[tag=aj.corrupted_beacon_core.bone.22] run data modify entity @s {} merge value {transformation:[-0.8025496251496642f,-0.32695528976883637f,-0.4990133642141357f,0f,-0.014649461743082959f,0.8469973265425877f,-0.5313952597646567f,1.5f,0.596405476536535f,-0.41916078934209156f,-0.6845471059286888f,0f,0f,0f,0f,1f],start_interpolation:0}
execute if entity @s[tag=aj.corrupted_beacon_core.bone.23] run data modify entity @s {} merge value {transformation:[-0.8025496251496642f,-0.32695528976883637f,-0.4990133642141357f,0f,-0.014649461743082959f,0.8469973265425877f,-0.5313952597646567f,1.5f,0.596405476536535f,-0.41916078934209156f,-0.6845471059286888f,0f,0f,0f,0f,1f],start_interpolation:0}
execute if entity @s[tag=aj.corrupted_beacon_core.bone.24] run data modify entity @s {} merge value {transformation:[-0.8025496251496642f,-0.32695528976883637f,-0.4990133642141357f,0f,-0.014649461743082959f,0.8469973265425877f,-0.5313952597646567f,1.5f,0.596405476536535f,-0.41916078934209156f,-0.6845471059286888f,0f,0f,0f,0f,1f],start_interpolation:0}
execute if entity @s[tag=aj.corrupted_beacon_core.bone.25] run data modify entity @s {} merge value {transformation:[-0.8025496251496642f,-0.32695528976883637f,-0.4990133642141357f,0f,-0.014649461743082959f,0.8469973265425877f,-0.5313952597646567f,1.5f,0.596405476536535f,-0.41916078934209156f,-0.6845471059286888f,0f,0f,0f,0f,1f],start_interpolation:0}
execute if entity @s[tag=aj.corrupted_beacon_core.bone.26] run data modify entity @s {} merge value {transformation:[-0.8025496251496642f,-0.32695528976883637f,-0.4990133642141357f,0f,-0.014649461743082959f,0.8469973265425877f,-0.5313952597646567f,1.5f,0.596405476536535f,-0.41916078934209156f,-0.6845471059286888f,0f,0f,0f,0f,1f],start_interpolation:0}
execute if entity @s[tag=aj.corrupted_beacon_core.bone.27] run data modify entity @s {} merge value {transformation:[-0.8535975739814214f,-0.15767756860481313f,-0.4998450531544926f,0f,0.15767756860481313f,0.8337571104571487f,-0.5322809185309312f,1.5f,0.4998450531544926f,-0.5322809185309312f,-0.6856880177719034f,0f,0f,0f,0f,1f],start_interpolation:0}