execute if entity @s[tag=aj.corrupted_beacon_core.bone.exterior] run data modify entity @s {} merge value {transformation:[-0.0804271075107045f,-5.0796272707301275f,-0.6366461111420292f,0f,-0.6366461111420293f,0.6417061558492378f,-5.039572892489296f,1.5025f,5.0796272707301275f,-6.220749277961255e-16f,-0.641706155849238f,0f,0f,0f,0f,1f],start_interpolation:0}
execute if entity @s[tag=aj.corrupted_beacon_core.bone.1] run data modify entity @s {} merge value {transformation:[-0.9879041348456518f,0.10894165704208093f,0.12455218515506498f,0f,-0.10894165704208056f,0.13930465410792675f,-0.9859320665319229f,1.5f,-0.12455218515506504f,-0.985932066531923f,-0.12554212228691142f,0f,0f,0f,0f,1f],start_interpolation:0}
execute if entity @s[tag=aj.corrupted_beacon_core.bone.2] run data modify entity @s {} merge value {transformation:[-0.9879041348456518f,0.10894165704208093f,0.12455218515506498f,0f,-0.10894165704208056f,0.13930465410792675f,-0.9859320665319229f,1.5f,-0.12455218515506504f,-0.985932066531923f,-0.12554212228691142f,0f,0f,0f,0f,1f],start_interpolation:0}
execute if entity @s[tag=aj.corrupted_beacon_core.bone.3] run data modify entity @s {} merge value {transformation:[-0.6453880213769172f,-0.755842024597335f,0.12455218515506498f,0f,-0.17645046789772426f,-0.01180269773728024f,-0.9859320665319229f,1.5f,0.7454365468321057f,-0.6571907191141975f,-0.12554212228691142f,0f,0f,0f,0f,1f],start_interpolation:0}
execute if entity @s[tag=aj.corrupted_beacon_core.bone.4] run data modify entity @s {} merge value {transformation:[-0.4511080825221778f,-0.8856208907695062f,0.12455218515506498f,0f,-0.16881984235608222f,-0.05266813194020601f,-0.9859320665319229f,1.5f,0.8782582022509912f,-0.4650137813244533f,-0.12554212228691142f,0f,0f,0f,0f,1f],start_interpolation:0}
execute if entity @s[tag=aj.corrupted_beacon_core.bone.5] run data modify entity @s {} merge value {transformation:[-0.4511080825221778f,-0.8856208907695062f,0.12455218515506498f,0f,-0.16881984235608222f,-0.05266813194020601f,-0.9859320665319229f,1.5f,0.8782582022509912f,-0.4650137813244533f,-0.12554212228691142f,0f,0f,0f,0f,1f],start_interpolation:0}
execute if entity @s[tag=aj.corrupted_beacon_core.bone.6] run data modify entity @s {} merge value {transformation:[-0.4511080825221778f,-0.8856208907695062f,0.12455218515506498f,0f,-0.16881984235608222f,-0.05266813194020601f,-0.9859320665319229f,1.5f,0.8782582022509912f,-0.4650137813244533f,-0.12554212228691142f,0f,0f,0f,0f,1f],start_interpolation:0}
execute if entity @s[tag=aj.corrupted_beacon_core.bone.7] run data modify entity @s {} merge value {transformation:[-0.6453880213769172f,-0.755842024597335f,0.12455218515506498f,0f,-0.17645046789772426f,-0.01180269773728024f,-0.9859320665319229f,1.5f,0.7454365468321057f,-0.6571907191141975f,-0.12554212228691142f,0f,0f,0f,0f,1f],start_interpolation:0}
execute if entity @s[tag=aj.corrupted_beacon_core.bone.8] run data modify entity @s {} merge value {transformation:[-0.6453880213769172f,-0.755842024597335f,0.12455218515506498f,0f,-0.17645046789772426f,-0.01180269773728024f,-0.9859320665319229f,1.5f,0.7454365468321057f,-0.6571907191141975f,-0.12554212228691142f,0f,0f,0f,0f,1f],start_interpolation:0}
execute if entity @s[tag=aj.corrupted_beacon_core.bone.9] run data modify entity @s {} merge value {transformation:[-0.01570841943568423f,0.992114701314478f,0.1243449435824276f,0f,0.12434494358242759f,0.12533323356430426f,-0.9842915805643156f,1.5f,-0.992114701314478f,1.2149900933518077e-16f,-0.12533323356430423f,0f,0f,0f,0f,1f],start_interpolation:0}
execute if entity @s[tag=aj.corrupted_beacon_core.bone.10] run data modify entity @s {} merge value {transformation:[-0.6443141644361902f,-0.7545843839574059f,0.1243449435824276f,0f,-0.1761568731092089f,-0.011783059305105065f,-0.9842915805643156f,1.5f,0.7441962197991071f,-0.6560972237412953f,-0.12533323356430423f,0f,0f,0f,0f,1f],start_interpolation:0}
execute if entity @s[tag=aj.corrupted_beacon_core.bone.11] run data modify entity @s {} merge value {transformation:[-0.6443141644361902f,-0.7545843839574059f,0.1243449435824276f,0f,-0.1761568731092089f,-0.011783059305105065f,-0.9842915805643156f,1.5f,0.7441962197991071f,-0.6560972237412953f,-0.12533323356430423f,0f,0f,0f,0f,1f],start_interpolation:0}
execute if entity @s[tag=aj.corrupted_beacon_core.bone.12] run data modify entity @s {} merge value {transformation:[-0.6443141644361902f,-0.7545843839574059f,0.1243449435824276f,0f,-0.1761568731092089f,-0.011783059305105065f,-0.9842915805643156f,1.5f,0.7441962197991071f,-0.6560972237412953f,-0.12533323356430423f,0f,0f,0f,0f,1f],start_interpolation:0}
execute if entity @s[tag=aj.corrupted_beacon_core.bone.13] run data modify entity @s {} merge value {transformation:[-0.6443141644361902f,-0.7545843839574059f,0.1243449435824276f,0f,-0.1761568731092089f,-0.011783059305105065f,-0.9842915805643156f,1.5f,0.7441962197991071f,-0.6560972237412953f,-0.12533323356430423f,0f,0f,0f,0f,1f],start_interpolation:0}
execute if entity @s[tag=aj.corrupted_beacon_core.bone.14] run data modify entity @s {} merge value {transformation:[-0.6443141644361902f,-0.7545843839574059f,0.1243449435824276f,0f,-0.1761568731092089f,-0.011783059305105065f,-0.9842915805643156f,1.5f,0.7441962197991071f,-0.6560972237412953f,-0.12533323356430423f,0f,0f,0f,0f,1f],start_interpolation:0}
execute if entity @s[tag=aj.corrupted_beacon_core.bone.15] run data modify entity @s {} merge value {transformation:[-0.9862603675663745f,0.10876038972587114f,0.1243449435824276f,0f,-0.10876038972587077f,0.1390728659979302f,-0.9842915805643156f,1.5f,-0.12434494358242766f,-0.9842915805643158f,-0.12533323356430423f,0f,0f,0f,0f,1f],start_interpolation:0}
execute if entity @s[tag=aj.corrupted_beacon_core.bone.16] run data modify entity @s {} merge value {transformation:[-0.9862603675663745f,0.10876038972587114f,0.1243449435824276f,0f,-0.10876038972587077f,0.1390728659979302f,-0.9842915805643156f,1.5f,-0.12434494358242766f,-0.9842915805643158f,-0.12533323356430423f,0f,0f,0f,0f,1f],start_interpolation:0}
execute if entity @s[tag=aj.corrupted_beacon_core.bone.17] run data modify entity @s {} merge value {transformation:[-0.9862603675663745f,0.10876038972587114f,0.1243449435824276f,0f,-0.10876038972587077f,0.1390728659979302f,-0.9842915805643156f,1.5f,-0.12434494358242766f,-0.9842915805643158f,-0.12533323356430423f,0f,0f,0f,0f,1f],start_interpolation:0}
execute if entity @s[tag=aj.corrupted_beacon_core.bone.18] run data modify entity @s {} merge value {transformation:[-0.9862603675663745f,0.10876038972587114f,0.1243449435824276f,0f,-0.10876038972587077f,0.1390728659979302f,-0.9842915805643156f,1.5f,-0.12434494358242766f,-0.9842915805643158f,-0.12533323356430423f,0f,0f,0f,0f,1f],start_interpolation:0}
execute if entity @s[tag=aj.corrupted_beacon_core.bone.19] run data modify entity @s {} merge value {transformation:[-0.9862603675663745f,0.10876038972587114f,0.1243449435824276f,0f,-0.10876038972587077f,0.1390728659979302f,-0.9842915805643156f,1.5f,-0.12434494358242766f,-0.9842915805643158f,-0.12533323356430423f,0f,0f,0f,0f,1f],start_interpolation:0}
execute if entity @s[tag=aj.corrupted_beacon_core.bone.20] run data modify entity @s {} merge value {transformation:[-0.9862603675663745f,0.10876038972587114f,0.1243449435824276f,0f,-0.10876038972587077f,0.1390728659979302f,-0.9842915805643156f,1.5f,-0.12434494358242766f,-0.9842915805643158f,-0.12533323356430423f,0f,0f,0f,0f,1f],start_interpolation:0}
execute if entity @s[tag=aj.corrupted_beacon_core.bone.21] run data modify entity @s {} merge value {transformation:[-0.4503574867109928f,-0.8841473119163124f,0.1243449435824276f,0f,-0.16853894411588907f,-0.05258049777724393f,-0.9842915805643156f,1.5f,0.8767968741274453f,-0.46424004791126783f,-0.12533323356430423f,0f,0f,0f,0f,1f],start_interpolation:0}
execute if entity @s[tag=aj.corrupted_beacon_core.bone.22] run data modify entity @s {} merge value {transformation:[-0.4503574867109928f,-0.8841473119163124f,0.1243449435824276f,0f,-0.16853894411588907f,-0.05258049777724393f,-0.9842915805643156f,1.5f,0.8767968741274453f,-0.46424004791126783f,-0.12533323356430423f,0f,0f,0f,0f,1f],start_interpolation:0}
execute if entity @s[tag=aj.corrupted_beacon_core.bone.23] run data modify entity @s {} merge value {transformation:[-0.4503574867109928f,-0.8841473119163124f,0.1243449435824276f,0f,-0.16853894411588907f,-0.05258049777724393f,-0.9842915805643156f,1.5f,0.8767968741274453f,-0.46424004791126783f,-0.12533323356430423f,0f,0f,0f,0f,1f],start_interpolation:0}
execute if entity @s[tag=aj.corrupted_beacon_core.bone.24] run data modify entity @s {} merge value {transformation:[-0.4503574867109928f,-0.8841473119163124f,0.1243449435824276f,0f,-0.16853894411588907f,-0.05258049777724393f,-0.9842915805643156f,1.5f,0.8767968741274453f,-0.46424004791126783f,-0.12533323356430423f,0f,0f,0f,0f,1f],start_interpolation:0}
execute if entity @s[tag=aj.corrupted_beacon_core.bone.25] run data modify entity @s {} merge value {transformation:[-0.4503574867109928f,-0.8841473119163124f,0.1243449435824276f,0f,-0.16853894411588907f,-0.05258049777724393f,-0.9842915805643156f,1.5f,0.8767968741274453f,-0.46424004791126783f,-0.12533323356430423f,0f,0f,0f,0f,1f],start_interpolation:0}
execute if entity @s[tag=aj.corrupted_beacon_core.bone.26] run data modify entity @s {} merge value {transformation:[-0.4503574867109928f,-0.8841473119163124f,0.1243449435824276f,0f,-0.16853894411588907f,-0.05258049777724393f,-0.9842915805643156f,1.5f,0.8767968741274453f,-0.46424004791126783f,-0.12533323356430423f,0f,0f,0f,0f,1f],start_interpolation:0}
execute if entity @s[tag=aj.corrupted_beacon_core.bone.27] run data modify entity @s {} merge value {transformation:[-0.9879041348456518f,0.10894165704208093f,0.12455218515506498f,0f,-0.10894165704208056f,0.13930465410792675f,-0.9859320665319229f,1.5f,-0.12455218515506504f,-0.985932066531923f,-0.12554212228691142f,0f,0f,0f,0f,1f],start_interpolation:0}