execute if entity @s[tag=aj.corrupted_beacon_core.bone.exterior] run data modify entity @s {} merge value {transformation:[-4.191805413756645f,2.1799899728131713f,-1.9725139015060205f,0f,-1.97251390150602f,-4.63271450862602f,-0.9281945862433538f,1.5025f,-2.179989972813172f,4.090803213899176e-16f,4.63271450862602f,0f,0f,0f,0f,1f],start_interpolation:0}
execute if entity @s[tag=aj.corrupted_beacon_core.bone.1] run data modify entity @s {} merge value {transformation:[0.5604372639417653f,0.7350703132855894f,0.38589871575687423f,0f,-0.7350703132855894f,0.655768833054969f,-0.18159015180086446f,1.5f,-0.3858987157568743f,-0.1815901518008644f,0.906335097553463f,0f,0f,0f,0f,1f],start_interpolation:0}
execute if entity @s[tag=aj.corrupted_beacon_core.bone.2] run data modify entity @s {} merge value {transformation:[0.5604372639417653f,0.7350703132855894f,0.38589871575687423f,0f,-0.7350703132855894f,0.655768833054969f,-0.18159015180086446f,1.5f,-0.3858987157568743f,-0.1815901518008644f,0.906335097553463f,0f,0f,0f,0f,1f],start_interpolation:0}
execute if entity @s[tag=aj.corrupted_beacon_core.bone.3] run data modify entity @s {} merge value {transformation:[0.2373235402912947f,-0.8933620931693443f,0.38589871575687423f,0f,0.9686888103417818f,0.17889414914600593f,-0.18159015180086446f,1.5f,0.0930356762394977f,0.41621768943730053f,0.906335097553463f,0f,0f,0f,0f,1f],start_interpolation:0}
execute if entity @s[tag=aj.corrupted_beacon_core.bone.4] run data modify entity @s {} merge value {transformation:[-0.02221503308655011f,0.92408050763625f,0.38589871575687423f,0f,-0.9836858711412405f,0.05218462222866971f,-0.18159015180086446f,1.5f,-0.1876291830530993f,-0.3829988142549431f,0.906335097553463f,0f,0f,0f,0f,1f],start_interpolation:0}
execute if entity @s[tag=aj.corrupted_beacon_core.bone.5] run data modify entity @s {} merge value {transformation:[-0.02221503308655011f,0.92408050763625f,0.38589871575687423f,0f,-0.9836858711412405f,0.05218462222866971f,-0.18159015180086446f,1.5f,-0.1876291830530993f,-0.3829988142549431f,0.906335097553463f,0f,0f,0f,0f,1f],start_interpolation:0}
execute if entity @s[tag=aj.corrupted_beacon_core.bone.6] run data modify entity @s {} merge value {transformation:[-0.02221503308655011f,0.92408050763625f,0.38589871575687423f,0f,-0.9836858711412405f,0.05218462222866971f,-0.18159015180086446f,1.5f,-0.1876291830530993f,-0.3829988142549431f,0.906335097553463f,0f,0f,0f,0f,1f],start_interpolation:0}
execute if entity @s[tag=aj.corrupted_beacon_core.bone.7] run data modify entity @s {} merge value {transformation:[0.2373235402912947f,-0.8933620931693443f,0.38589871575687423f,0f,0.9686888103417818f,0.17889414914600593f,-0.18159015180086446f,1.5f,0.0930356762394977f,0.41621768943730053f,0.906335097553463f,0f,0f,0f,0f,1f],start_interpolation:0}
execute if entity @s[tag=aj.corrupted_beacon_core.bone.8] run data modify entity @s {} merge value {transformation:[0.2373235402912947f,-0.8933620931693443f,0.38589871575687423f,0f,0.9686888103417818f,0.17889414914600593f,-0.18159015180086446f,1.5f,0.0930356762394977f,0.41621768943730053f,0.906335097553463f,0f,0f,0f,0f,1f],start_interpolation:0}
execute if entity @s[tag=aj.corrupted_beacon_core.bone.9] run data modify entity @s {} merge value {transformation:[-0.8187119948743449f,-0.42577929156507255f,0.3852566213878944f,0f,0.3852566213878945f,-0.9048270524660196f,-0.18128800512565504f,1.5f,0.42577929156507244f,-2.438734904021046e-17f,0.9048270524660196f,0f,0f,0f,0f,1f],start_interpolation:0}
execute if entity @s[tag=aj.corrupted_beacon_core.bone.10] run data modify entity @s {} merge value {transformation:[0.2369286591926403f,-0.8918756337797115f,0.3852566213878944f,0f,0.9670770153162547f,0.17859648833211905f,-0.18128800512565504f,1.5f,0.09288087478152848f,0.4155251475247593f,0.9048270524660196f,0f,0f,0f,0f,1f],start_interpolation:0}
execute if entity @s[tag=aj.corrupted_beacon_core.bone.11] run data modify entity @s {} merge value {transformation:[0.2369286591926403f,-0.8918756337797115f,0.3852566213878944f,0f,0.9670770153162547f,0.17859648833211905f,-0.18128800512565504f,1.5f,0.09288087478152848f,0.4155251475247593f,0.9048270524660196f,0f,0f,0f,0f,1f],start_interpolation:0}
execute if entity @s[tag=aj.corrupted_beacon_core.bone.12] run data modify entity @s {} merge value {transformation:[0.2369286591926403f,-0.8918756337797115f,0.3852566213878944f,0f,0.9670770153162547f,0.17859648833211905f,-0.18128800512565504f,1.5f,0.09288087478152848f,0.4155251475247593f,0.9048270524660196f,0f,0f,0f,0f,1f],start_interpolation:0}
execute if entity @s[tag=aj.corrupted_beacon_core.bone.13] run data modify entity @s {} merge value {transformation:[0.2369286591926403f,-0.8918756337797115f,0.3852566213878944f,0f,0.9670770153162547f,0.17859648833211905f,-0.18128800512565504f,1.5f,0.09288087478152848f,0.4155251475247593f,0.9048270524660196f,0f,0f,0f,0f,1f],start_interpolation:0}
execute if entity @s[tag=aj.corrupted_beacon_core.bone.14] run data modify entity @s {} merge value {transformation:[0.2369286591926403f,-0.8918756337797115f,0.3852566213878944f,0f,0.9670770153162547f,0.17859648833211905f,-0.18128800512565504f,1.5f,0.09288087478152848f,0.4155251475247593f,0.9048270524660196f,0f,0f,0f,0f,1f],start_interpolation:0}
execute if entity @s[tag=aj.corrupted_beacon_core.bone.15] run data modify entity @s {} merge value {transformation:[0.5595047560150734f,0.7338472345613205f,0.3852566213878944f,0f,-0.7338472345613205f,0.6546777035490539f,-0.18128800512565504f,1.5f,-0.38525662138789446f,-0.181288005125655f,0.9048270524660196f,0f,0f,0f,0f,1f],start_interpolation:0}
execute if entity @s[tag=aj.corrupted_beacon_core.bone.16] run data modify entity @s {} merge value {transformation:[0.5595047560150734f,0.7338472345613205f,0.3852566213878944f,0f,-0.7338472345613205f,0.6546777035490539f,-0.18128800512565504f,1.5f,-0.38525662138789446f,-0.181288005125655f,0.9048270524660196f,0f,0f,0f,0f,1f],start_interpolation:0}
execute if entity @s[tag=aj.corrupted_beacon_core.bone.17] run data modify entity @s {} merge value {transformation:[0.5595047560150734f,0.7338472345613205f,0.3852566213878944f,0f,-0.7338472345613205f,0.6546777035490539f,-0.18128800512565504f,1.5f,-0.38525662138789446f,-0.181288005125655f,0.9048270524660196f,0f,0f,0f,0f,1f],start_interpolation:0}
execute if entity @s[tag=aj.corrupted_beacon_core.bone.18] run data modify entity @s {} merge value {transformation:[0.5595047560150734f,0.7338472345613205f,0.3852566213878944f,0f,-0.7338472345613205f,0.6546777035490539f,-0.18128800512565504f,1.5f,-0.38525662138789446f,-0.181288005125655f,0.9048270524660196f,0f,0f,0f,0f,1f],start_interpolation:0}
execute if entity @s[tag=aj.corrupted_beacon_core.bone.19] run data modify entity @s {} merge value {transformation:[0.5595047560150734f,0.7338472345613205f,0.3852566213878944f,0f,-0.7338472345613205f,0.6546777035490539f,-0.18128800512565504f,1.5f,-0.38525662138789446f,-0.181288005125655f,0.9048270524660196f,0f,0f,0f,0f,1f],start_interpolation:0}
execute if entity @s[tag=aj.corrupted_beacon_core.bone.20] run data modify entity @s {} merge value {transformation:[0.5595047560150734f,0.7338472345613205f,0.3852566213878944f,0f,-0.7338472345613205f,0.6546777035490539f,-0.18128800512565504f,1.5f,-0.38525662138789446f,-0.181288005125655f,0.9048270524660196f,0f,0f,0f,0f,1f],start_interpolation:0}
execute if entity @s[tag=aj.corrupted_beacon_core.bone.21] run data modify entity @s {} merge value {transformation:[-0.02217806963715485f,0.9225429360761231f,0.3852566213878944f,0f,-0.9820491226035678f,0.052097792574379076f,-0.18128800512565504f,1.5f,-0.18731698807297767f,-0.3823615450132543f,0.9048270524660196f,0f,0f,0f,0f,1f],start_interpolation:0}
execute if entity @s[tag=aj.corrupted_beacon_core.bone.22] run data modify entity @s {} merge value {transformation:[-0.02217806963715485f,0.9225429360761231f,0.3852566213878944f,0f,-0.9820491226035678f,0.052097792574379076f,-0.18128800512565504f,1.5f,-0.18731698807297767f,-0.3823615450132543f,0.9048270524660196f,0f,0f,0f,0f,1f],start_interpolation:0}
execute if entity @s[tag=aj.corrupted_beacon_core.bone.23] run data modify entity @s {} merge value {transformation:[-0.02217806963715485f,0.9225429360761231f,0.3852566213878944f,0f,-0.9820491226035678f,0.052097792574379076f,-0.18128800512565504f,1.5f,-0.18731698807297767f,-0.3823615450132543f,0.9048270524660196f,0f,0f,0f,0f,1f],start_interpolation:0}
execute if entity @s[tag=aj.corrupted_beacon_core.bone.24] run data modify entity @s {} merge value {transformation:[-0.02217806963715485f,0.9225429360761231f,0.3852566213878944f,0f,-0.9820491226035678f,0.052097792574379076f,-0.18128800512565504f,1.5f,-0.18731698807297767f,-0.3823615450132543f,0.9048270524660196f,0f,0f,0f,0f,1f],start_interpolation:0}
execute if entity @s[tag=aj.corrupted_beacon_core.bone.25] run data modify entity @s {} merge value {transformation:[-0.02217806963715485f,0.9225429360761231f,0.3852566213878944f,0f,-0.9820491226035678f,0.052097792574379076f,-0.18128800512565504f,1.5f,-0.18731698807297767f,-0.3823615450132543f,0.9048270524660196f,0f,0f,0f,0f,1f],start_interpolation:0}
execute if entity @s[tag=aj.corrupted_beacon_core.bone.26] run data modify entity @s {} merge value {transformation:[-0.02217806963715485f,0.9225429360761231f,0.3852566213878944f,0f,-0.9820491226035678f,0.052097792574379076f,-0.18128800512565504f,1.5f,-0.18731698807297767f,-0.3823615450132543f,0.9048270524660196f,0f,0f,0f,0f,1f],start_interpolation:0}
execute if entity @s[tag=aj.corrupted_beacon_core.bone.27] run data modify entity @s {} merge value {transformation:[0.5604372639417653f,0.7350703132855894f,0.38589871575687423f,0f,-0.7350703132855894f,0.655768833054969f,-0.18159015180086446f,1.5f,-0.3858987157568743f,-0.1815901518008644f,0.906335097553463f,0f,0f,0f,0f,1f],start_interpolation:0}