execute if entity @s[tag=aj.corrupted_beacon_core.bone.exterior] run data modify entity @s {} merge value {transformation:[-4.6310835055998645f,-1.5821670111997321f,1.504730245868732f,0f,1.5047302458687324f,-4.869409363431182f,-0.4889164944001355f,1.5025f,1.5821670111997315f,-1.5823243981022362e-16f,4.869409363431182f,0f,0f,0f,0f,1f],start_interpolation:0}
execute if entity @s[tag=aj.corrupted_beacon_core.bone.1] run data modify entity @s {} merge value {transformation:[0.7660217761444263f,-0.5743567918726001f,-0.294382447189814f,0f,0.5743567918725999f,0.8150468323221137f,-0.09565065531721402f,1.5f,0.2943824471898139f,-0.09565065531721409f,0.952641610488978f,0f,0f,0f,0f,1f],start_interpolation:0}
execute if entity @s[tag=aj.corrupted_beacon_core.bone.2] run data modify entity @s {} merge value {transformation:[0.7660217761444263f,-0.5743567918726001f,-0.294382447189814f,0f,0.5743567918725999f,0.8150468323221137f,-0.09565065531721402f,1.5f,0.2943824471898139f,-0.09565065531721409f,0.952641610488978f,0f,0f,0f,0f,1f],start_interpolation:0}
execute if entity @s[tag=aj.corrupted_beacon_core.bone.3] run data modify entity @s {} merge value {transformation:[-0.16398903980720328f,-0.9432829271860904f,-0.294382447189814f,0f,0.9869645720891108f,-0.14173213005333543f,-0.09565065531721402f,1.5f,0.048421476383724016f,-0.305721169860539f,0.952641610488978f,0f,0f,0f,0f,1f],start_interpolation:0}
execute if entity @s[tag=aj.corrupted_beacon_core.bone.4] run data modify entity @s {} merge value {transformation:[0.9342356784182393f,0.20947263083290826f,-0.294382447189814f,0f,-0.24675157601429842f,0.9660749054721157f,-0.09565065531721402f,1.5f,0.2639194347068498f,0.16173003759380292f,0.952641610488978f,0f,0f,0f,0f,1f],start_interpolation:0}
execute if entity @s[tag=aj.corrupted_beacon_core.bone.5] run data modify entity @s {} merge value {transformation:[0.9342356784182393f,0.20947263083290826f,-0.294382447189814f,0f,-0.24675157601429842f,0.9660749054721157f,-0.09565065531721402f,1.5f,0.2639194347068498f,0.16173003759380292f,0.952641610488978f,0f,0f,0f,0f,1f],start_interpolation:0}
execute if entity @s[tag=aj.corrupted_beacon_core.bone.6] run data modify entity @s {} merge value {transformation:[0.9342356784182393f,0.20947263083290826f,-0.294382447189814f,0f,-0.24675157601429842f,0.9660749054721157f,-0.09565065531721402f,1.5f,0.2639194347068498f,0.16173003759380292f,0.952641610488978f,0f,0f,0f,0f,1f],start_interpolation:0}
execute if entity @s[tag=aj.corrupted_beacon_core.bone.7] run data modify entity @s {} merge value {transformation:[-0.16398903980720328f,-0.9432829271860904f,-0.294382447189814f,0f,0.9869645720891108f,-0.14173213005333543f,-0.09565065531721402f,1.5f,0.048421476383724016f,-0.305721169860539f,0.952641610488978f,0f,0f,0f,0f,1f],start_interpolation:0}
execute if entity @s[tag=aj.corrupted_beacon_core.bone.8] run data modify entity @s {} merge value {transformation:[-0.16398903980720328f,-0.9432829271860904f,-0.294382447189814f,0f,0.9869645720891108f,-0.14173213005333543f,-0.09565065531721402f,1.5f,0.048421476383724016f,-0.305721169860539f,0.952641610488978f,0f,0f,0f,0f,1f],start_interpolation:0}
execute if entity @s[tag=aj.corrupted_beacon_core.bone.9] run data modify entity @s {} merge value {transformation:[-0.9045084971874735f,0.3090169943749477f,-0.2938926261462369f,0f,-0.2938926261462368f,-0.9510565162951528f,-0.09549150281252647f,1.5f,-0.3090169943749478f,4.478256120824876e-17f,0.9510565162951528f,0f,0f,0f,0f,1f],start_interpolation:0}
execute if entity @s[tag=aj.corrupted_beacon_core.bone.10] run data modify entity @s {} merge value {transformation:[-0.16371617950802322f,-0.9417134048446826f,-0.2938926261462369f,0f,0.9853223681422071f,-0.14149630288186565f,-0.09549150281252647f,1.5f,0.04834090820338504f,-0.3052124823898892f,0.9510565162951528f,0f,0f,0f,0f,1f],start_interpolation:0}
execute if entity @s[tag=aj.corrupted_beacon_core.bone.11] run data modify entity @s {} merge value {transformation:[-0.16371617950802322f,-0.9417134048446826f,-0.2938926261462369f,0f,0.9853223681422071f,-0.14149630288186565f,-0.09549150281252647f,1.5f,0.04834090820338504f,-0.3052124823898892f,0.9510565162951528f,0f,0f,0f,0f,1f],start_interpolation:0}
execute if entity @s[tag=aj.corrupted_beacon_core.bone.12] run data modify entity @s {} merge value {transformation:[-0.16371617950802322f,-0.9417134048446826f,-0.2938926261462369f,0f,0.9853223681422071f,-0.14149630288186565f,-0.09549150281252647f,1.5f,0.04834090820338504f,-0.3052124823898892f,0.9510565162951528f,0f,0f,0f,0f,1f],start_interpolation:0}
execute if entity @s[tag=aj.corrupted_beacon_core.bone.13] run data modify entity @s {} merge value {transformation:[-0.16371617950802322f,-0.9417134048446826f,-0.2938926261462369f,0f,0.9853223681422071f,-0.14149630288186565f,-0.09549150281252647f,1.5f,0.04834090820338504f,-0.3052124823898892f,0.9510565162951528f,0f,0f,0f,0f,1f],start_interpolation:0}
execute if entity @s[tag=aj.corrupted_beacon_core.bone.14] run data modify entity @s {} merge value {transformation:[-0.16371617950802322f,-0.9417134048446826f,-0.2938926261462369f,0f,0.9853223681422071f,-0.14149630288186565f,-0.09549150281252647f,1.5f,0.04834090820338504f,-0.3052124823898892f,0.9510565162951528f,0f,0f,0f,0f,1f],start_interpolation:0}
execute if entity @s[tag=aj.corrupted_beacon_core.bone.15] run data modify entity @s {} merge value {transformation:[0.7647471974819564f,-0.5734011233337106f,-0.2938926261462369f,0f,0.5734011233337104f,0.8136906811868023f,-0.09549150281252647f,1.5f,0.2938926261462368f,-0.09549150281252654f,0.9510565162951528f,0f,0f,0f,0f,1f],start_interpolation:0}
execute if entity @s[tag=aj.corrupted_beacon_core.bone.16] run data modify entity @s {} merge value {transformation:[0.7647471974819564f,-0.5734011233337106f,-0.2938926261462369f,0f,0.5734011233337104f,0.8136906811868023f,-0.09549150281252647f,1.5f,0.2938926261462368f,-0.09549150281252654f,0.9510565162951528f,0f,0f,0f,0f,1f],start_interpolation:0}
execute if entity @s[tag=aj.corrupted_beacon_core.bone.17] run data modify entity @s {} merge value {transformation:[0.7647471974819564f,-0.5734011233337106f,-0.2938926261462369f,0f,0.5734011233337104f,0.8136906811868023f,-0.09549150281252647f,1.5f,0.2938926261462368f,-0.09549150281252654f,0.9510565162951528f,0f,0f,0f,0f,1f],start_interpolation:0}
execute if entity @s[tag=aj.corrupted_beacon_core.bone.18] run data modify entity @s {} merge value {transformation:[0.7647471974819564f,-0.5734011233337106f,-0.2938926261462369f,0f,0.5734011233337104f,0.8136906811868023f,-0.09549150281252647f,1.5f,0.2938926261462368f,-0.09549150281252654f,0.9510565162951528f,0f,0f,0f,0f,1f],start_interpolation:0}
execute if entity @s[tag=aj.corrupted_beacon_core.bone.19] run data modify entity @s {} merge value {transformation:[0.7647471974819564f,-0.5734011233337106f,-0.2938926261462369f,0f,0.5734011233337104f,0.8136906811868023f,-0.09549150281252647f,1.5f,0.2938926261462368f,-0.09549150281252654f,0.9510565162951528f,0f,0f,0f,0f,1f],start_interpolation:0}
execute if entity @s[tag=aj.corrupted_beacon_core.bone.20] run data modify entity @s {} merge value {transformation:[0.7647471974819564f,-0.5734011233337106f,-0.2938926261462369f,0f,0.5734011233337104f,0.8136906811868023f,-0.09549150281252647f,1.5f,0.2938926261462368f,-0.09549150281252654f,0.9510565162951528f,0f,0f,0f,0f,1f],start_interpolation:0}
execute if entity @s[tag=aj.corrupted_beacon_core.bone.21] run data modify entity @s {} merge value {transformation:[0.932681209735347f,0.20912409068177196f,-0.2938926261462369f,0f,-0.24634100766818479f,0.9644674597059392f,-0.09549150281252647f,1.5f,0.26348030087206303f,0.16146093603374667f,0.9510565162951528f,0f,0f,0f,0f,1f],start_interpolation:0}
execute if entity @s[tag=aj.corrupted_beacon_core.bone.22] run data modify entity @s {} merge value {transformation:[0.932681209735347f,0.20912409068177196f,-0.2938926261462369f,0f,-0.24634100766818479f,0.9644674597059392f,-0.09549150281252647f,1.5f,0.26348030087206303f,0.16146093603374667f,0.9510565162951528f,0f,0f,0f,0f,1f],start_interpolation:0}
execute if entity @s[tag=aj.corrupted_beacon_core.bone.23] run data modify entity @s {} merge value {transformation:[0.932681209735347f,0.20912409068177196f,-0.2938926261462369f,0f,-0.24634100766818479f,0.9644674597059392f,-0.09549150281252647f,1.5f,0.26348030087206303f,0.16146093603374667f,0.9510565162951528f,0f,0f,0f,0f,1f],start_interpolation:0}
execute if entity @s[tag=aj.corrupted_beacon_core.bone.24] run data modify entity @s {} merge value {transformation:[0.932681209735347f,0.20912409068177196f,-0.2938926261462369f,0f,-0.24634100766818479f,0.9644674597059392f,-0.09549150281252647f,1.5f,0.26348030087206303f,0.16146093603374667f,0.9510565162951528f,0f,0f,0f,0f,1f],start_interpolation:0}
execute if entity @s[tag=aj.corrupted_beacon_core.bone.25] run data modify entity @s {} merge value {transformation:[0.932681209735347f,0.20912409068177196f,-0.2938926261462369f,0f,-0.24634100766818479f,0.9644674597059392f,-0.09549150281252647f,1.5f,0.26348030087206303f,0.16146093603374667f,0.9510565162951528f,0f,0f,0f,0f,1f],start_interpolation:0}
execute if entity @s[tag=aj.corrupted_beacon_core.bone.26] run data modify entity @s {} merge value {transformation:[0.932681209735347f,0.20912409068177196f,-0.2938926261462369f,0f,-0.24634100766818479f,0.9644674597059392f,-0.09549150281252647f,1.5f,0.26348030087206303f,0.16146093603374667f,0.9510565162951528f,0f,0f,0f,0f,1f],start_interpolation:0}
execute if entity @s[tag=aj.corrupted_beacon_core.bone.27] run data modify entity @s {} merge value {transformation:[0.7660217761444263f,-0.5743567918726001f,-0.294382447189814f,0f,0.5743567918725999f,0.8150468323221137f,-0.09565065531721402f,1.5f,0.2943824471898139f,-0.09565065531721409f,0.952641610488978f,0f,0f,0f,0f,1f],start_interpolation:0}