execute if entity @s[tag=aj.corrupted_beacon_core.bone.exterior] run data modify entity @s {} merge value {transformation:[-1.4700050135934124f,4.322958978570318f,2.3163572543130098f,0f,2.3163572543130098f,2.7434331902924622f,-3.6499949864065866f,1.5025f,-4.322958978570318f,8.136268818991852e-16f,-2.7434331902924622f,0f,0f,0f,0f,1f],start_interpolation:0}
execute if entity @s[tag=aj.corrupted_beacon_core.bone.1] run data modify entity @s {} merge value {transformation:[-0.8681756184659781f,-0.21034823352720738f,-0.4531675487767313f,0f,0.21034823352720738f,0.6702108878379837f,-0.7140777951921741f,1.5f,0.4531675487767314f,-0.7140777951921742f,-0.5367198396372949f,0f,0f,0f,0f,1f],start_interpolation:0}
execute if entity @s[tag=aj.corrupted_beacon_core.bone.2] run data modify entity @s {} merge value {transformation:[-0.8681756184659781f,-0.21034823352720738f,-0.4531675487767313f,0f,0.21034823352720738f,0.6702108878379837f,-0.7140777951921741f,1.5f,0.4531675487767314f,-0.7140777951921742f,-0.5367198396372949f,0f,0f,0f,0f,1f],start_interpolation:0}
execute if entity @s[tag=aj.corrupted_beacon_core.bone.3] run data modify entity @s {} merge value {transformation:[0.15541996121166324f,-0.879670347064038f,-0.4531675487767313f,0f,-0.6556805048807034f,0.25201604917937415f,-0.7140777951921741f,1.5f,0.7411233516004352f,0.4074360103910373f,-0.5367198396372949f,0f,0f,0f,0f,1f],start_interpolation:0}
execute if entity @s[tag=aj.corrupted_beacon_core.bone.4] run data modify entity @s {} merge value {transformation:[-0.7885888064873736f,-0.4196462535631883f,-0.4531675487767313f,0f,0.03706508689452064f,0.7014664588261482f,-0.7140777951921741f,1.5f,0.6165143832283498f,-0.5789455415869399f,-0.5367198396372949f,0f,0f,0f,0f,1f],start_interpolation:0}
execute if entity @s[tag=aj.corrupted_beacon_core.bone.5] run data modify entity @s {} merge value {transformation:[-0.7885888064873736f,-0.4196462535631883f,-0.4531675487767313f,0f,0.03706508689452064f,0.7014664588261482f,-0.7140777951921741f,1.5f,0.6165143832283498f,-0.5789455415869399f,-0.5367198396372949f,0f,0f,0f,0f,1f],start_interpolation:0}
execute if entity @s[tag=aj.corrupted_beacon_core.bone.6] run data modify entity @s {} merge value {transformation:[-0.7885888064873736f,-0.4196462535631883f,-0.4531675487767313f,0f,0.03706508689452064f,0.7014664588261482f,-0.7140777951921741f,1.5f,0.6165143832283498f,-0.5789455415869399f,-0.5367198396372949f,0f,0f,0f,0f,1f],start_interpolation:0}
execute if entity @s[tag=aj.corrupted_beacon_core.bone.7] run data modify entity @s {} merge value {transformation:[0.15541996121166324f,-0.879670347064038f,-0.4531675487767313f,0f,-0.6556805048807034f,0.25201604917937415f,-0.7140777951921741f,1.5f,0.7411233516004352f,0.4074360103910373f,-0.5367198396372949f,0f,0f,0f,0f,1f],start_interpolation:0}
execute if entity @s[tag=aj.corrupted_beacon_core.bone.8] run data modify entity @s {} merge value {transformation:[0.15541996121166324f,-0.879670347064038f,-0.4531675487767313f,0f,-0.6556805048807034f,0.25201604917937415f,-0.7140777951921741f,1.5f,0.7411233516004352f,0.4074360103910373f,-0.5367198396372949f,0f,0f,0f,0f,1f],start_interpolation:0}
execute if entity @s[tag=aj.corrupted_beacon_core.bone.9] run data modify entity @s {} merge value {transformation:[-0.28711035421746356f,-0.8443279255020152f,-0.4524135262330096f,0f,-0.4524135262330097f,0.5358267949789965f,-0.7128896457825364f,1.5f,0.8443279255020152f,-4.788919790841895e-17f,-0.5358267949789965f,0f,0f,0f,0f,1f],start_interpolation:0}
execute if entity @s[tag=aj.corrupted_beacon_core.bone.10] run data modify entity @s {} merge value {transformation:[0.15516135894675198f,-0.8782066692819015f,-0.4524135262330096f,0f,-0.6545895223434642f,0.25159672131052324f,-0.7128896457825364f,1.5f,0.7398902012649935f,0.4067580802572751f,-0.5358267949789965f,0f,0f,0f,0f,1f],start_interpolation:0}
execute if entity @s[tag=aj.corrupted_beacon_core.bone.11] run data modify entity @s {} merge value {transformation:[0.15516135894675198f,-0.8782066692819015f,-0.4524135262330096f,0f,-0.6545895223434642f,0.25159672131052324f,-0.7128896457825364f,1.5f,0.7398902012649935f,0.4067580802572751f,-0.5358267949789965f,0f,0f,0f,0f,1f],start_interpolation:0}
execute if entity @s[tag=aj.corrupted_beacon_core.bone.12] run data modify entity @s {} merge value {transformation:[0.15516135894675198f,-0.8782066692819015f,-0.4524135262330096f,0f,-0.6545895223434642f,0.25159672131052324f,-0.7128896457825364f,1.5f,0.7398902012649935f,0.4067580802572751f,-0.5358267949789965f,0f,0f,0f,0f,1f],start_interpolation:0}
execute if entity @s[tag=aj.corrupted_beacon_core.bone.13] run data modify entity @s {} merge value {transformation:[0.15516135894675198f,-0.8782066692819015f,-0.4524135262330096f,0f,-0.6545895223434642f,0.25159672131052324f,-0.7128896457825364f,1.5f,0.7398902012649935f,0.4067580802572751f,-0.5358267949789965f,0f,0f,0f,0f,1f],start_interpolation:0}
execute if entity @s[tag=aj.corrupted_beacon_core.bone.14] run data modify entity @s {} merge value {transformation:[0.15516135894675198f,-0.8782066692819015f,-0.4524135262330096f,0f,-0.6545895223434642f,0.25159672131052324f,-0.7128896457825364f,1.5f,0.7398902012649935f,0.4067580802572751f,-0.5358267949789965f,0f,0f,0f,0f,1f],start_interpolation:0}
execute if entity @s[tag=aj.corrupted_beacon_core.bone.15] run data modify entity @s {} merge value {transformation:[-0.8667310666881645f,-0.20999823646642998f,-0.4524135262330096f,0f,0.20999823646642998f,0.6690957282908322f,-0.7128896457825364f,1.5f,0.4524135262330097f,-0.7128896457825366f,-0.5358267949789965f,0f,0f,0f,0f,1f],start_interpolation:0}
execute if entity @s[tag=aj.corrupted_beacon_core.bone.16] run data modify entity @s {} merge value {transformation:[-0.8667310666881645f,-0.20999823646642998f,-0.4524135262330096f,0f,0.20999823646642998f,0.6690957282908322f,-0.7128896457825364f,1.5f,0.4524135262330097f,-0.7128896457825366f,-0.5358267949789965f,0f,0f,0f,0f,1f],start_interpolation:0}
execute if entity @s[tag=aj.corrupted_beacon_core.bone.17] run data modify entity @s {} merge value {transformation:[-0.8667310666881645f,-0.20999823646642998f,-0.4524135262330096f,0f,0.20999823646642998f,0.6690957282908322f,-0.7128896457825364f,1.5f,0.4524135262330097f,-0.7128896457825366f,-0.5358267949789965f,0f,0f,0f,0f,1f],start_interpolation:0}
execute if entity @s[tag=aj.corrupted_beacon_core.bone.18] run data modify entity @s {} merge value {transformation:[-0.8667310666881645f,-0.20999823646642998f,-0.4524135262330096f,0f,0.20999823646642998f,0.6690957282908322f,-0.7128896457825364f,1.5f,0.4524135262330097f,-0.7128896457825366f,-0.5358267949789965f,0f,0f,0f,0f,1f],start_interpolation:0}
execute if entity @s[tag=aj.corrupted_beacon_core.bone.19] run data modify entity @s {} merge value {transformation:[-0.8667310666881645f,-0.20999823646642998f,-0.4524135262330096f,0f,0.20999823646642998f,0.6690957282908322f,-0.7128896457825364f,1.5f,0.4524135262330097f,-0.7128896457825366f,-0.5358267949789965f,0f,0f,0f,0f,1f],start_interpolation:0}
execute if entity @s[tag=aj.corrupted_beacon_core.bone.20] run data modify entity @s {} merge value {transformation:[-0.8667310666881645f,-0.20999823646642998f,-0.4524135262330096f,0f,0.20999823646642998f,0.6690957282908322f,-0.7128896457825364f,1.5f,0.4524135262330097f,-0.7128896457825366f,-0.5358267949789965f,0f,0f,0f,0f,1f],start_interpolation:0}
execute if entity @s[tag=aj.corrupted_beacon_core.bone.21] run data modify entity @s {} merge value {transformation:[-0.7872766786895576f,-0.4189480068850465f,-0.4524135262330096f,0f,0.037003414536959045f,0.7002992933372528f,-0.7128896457825364f,1.5f,0.6154885689467718f,-0.577982237857178f,-0.5358267949789965f,0f,0f,0f,0f,1f],start_interpolation:0}
execute if entity @s[tag=aj.corrupted_beacon_core.bone.22] run data modify entity @s {} merge value {transformation:[-0.7872766786895576f,-0.4189480068850465f,-0.4524135262330096f,0f,0.037003414536959045f,0.7002992933372528f,-0.7128896457825364f,1.5f,0.6154885689467718f,-0.577982237857178f,-0.5358267949789965f,0f,0f,0f,0f,1f],start_interpolation:0}
execute if entity @s[tag=aj.corrupted_beacon_core.bone.23] run data modify entity @s {} merge value {transformation:[-0.7872766786895576f,-0.4189480068850465f,-0.4524135262330096f,0f,0.037003414536959045f,0.7002992933372528f,-0.7128896457825364f,1.5f,0.6154885689467718f,-0.577982237857178f,-0.5358267949789965f,0f,0f,0f,0f,1f],start_interpolation:0}
execute if entity @s[tag=aj.corrupted_beacon_core.bone.24] run data modify entity @s {} merge value {transformation:[-0.7872766786895576f,-0.4189480068850465f,-0.4524135262330096f,0f,0.037003414536959045f,0.7002992933372528f,-0.7128896457825364f,1.5f,0.6154885689467718f,-0.577982237857178f,-0.5358267949789965f,0f,0f,0f,0f,1f],start_interpolation:0}
execute if entity @s[tag=aj.corrupted_beacon_core.bone.25] run data modify entity @s {} merge value {transformation:[-0.7872766786895576f,-0.4189480068850465f,-0.4524135262330096f,0f,0.037003414536959045f,0.7002992933372528f,-0.7128896457825364f,1.5f,0.6154885689467718f,-0.577982237857178f,-0.5358267949789965f,0f,0f,0f,0f,1f],start_interpolation:0}
execute if entity @s[tag=aj.corrupted_beacon_core.bone.26] run data modify entity @s {} merge value {transformation:[-0.7872766786895576f,-0.4189480068850465f,-0.4524135262330096f,0f,0.037003414536959045f,0.7002992933372528f,-0.7128896457825364f,1.5f,0.6154885689467718f,-0.577982237857178f,-0.5358267949789965f,0f,0f,0f,0f,1f],start_interpolation:0}
execute if entity @s[tag=aj.corrupted_beacon_core.bone.27] run data modify entity @s {} merge value {transformation:[-0.8681756184659781f,-0.21034823352720738f,-0.4531675487767313f,0f,0.21034823352720738f,0.6702108878379837f,-0.7140777951921741f,1.5f,0.4531675487767314f,-0.7140777951921742f,-0.5367198396372949f,0f,0f,0f,0f,1f],start_interpolation:0}