execute if entity @s[tag=aj.corrupted_beacon_core.bone.exterior] run data modify entity @s {} merge value {transformation:[-2.72074372999505f,-3.504881182354881f,-2.5549484247763745f,0f,-2.5549484247763754f,3.732319372397632f,-2.3992562700049507f,1.5025f,3.5048811823548807f,-5.713326992882897e-16f,-3.7323193723976322f,0f,0f,0f,0f,1f],start_interpolation:0}
execute if entity @s[tag=aj.corrupted_beacon_core.bone.1] run data modify entity @s {} merge value {transformation:[-0.8574018387198367f,0.1354736908330793f,0.4998450531544928f,0f,-0.13547369083307903f,0.8744484030806116f,-0.4693857481357342f,1.5f,-0.49984505315449274f,-0.46938574813573425f,-0.7301835751337814f,0f,0f,0f,0f,1f],start_interpolation:0}
execute if entity @s[tag=aj.corrupted_beacon_core.bone.2] run data modify entity @s {} merge value {transformation:[-0.8574018387198367f,0.1354736908330793f,0.4998450531544928f,0f,-0.13547369083307903f,0.8744484030806116f,-0.4693857481357342f,1.5f,-0.49984505315449274f,-0.46938574813573425f,-0.7301835751337814f,0f,0f,0f,0f,1f],start_interpolation:0}
execute if entity @s[tag=aj.corrupted_beacon_core.bone.3] run data modify entity @s {} merge value {transformation:[0.2424836871135365f,-0.8334822706164289f,0.4998450531544928f,0f,-0.7335426789844324f,-0.4949022819370611f,-0.4693857481357342f,1.5f,0.6375365955796404f,-0.2524185948235247f,-0.7301835751337814f,0f,0f,0f,0f,1f],start_interpolation:0}
execute if entity @s[tag=aj.corrupted_beacon_core.bone.4] run data modify entity @s {} merge value {transformation:[-0.2937351629820334f,-0.8168296566457488f,0.4998450531544928f,0f,-0.8843447560462284f,0.030781211992138076f,-0.4693857481357342f,1.5f,0.3674100129182194f,-0.5789455415869392f,-0.7301835751337814f,0f,0f,0f,0f,1f],start_interpolation:0}
execute if entity @s[tag=aj.corrupted_beacon_core.bone.5] run data modify entity @s {} merge value {transformation:[-0.2937351629820334f,-0.8168296566457488f,0.4998450531544928f,0f,-0.8843447560462284f,0.030781211992138076f,-0.4693857481357342f,1.5f,0.3674100129182194f,-0.5789455415869392f,-0.7301835751337814f,0f,0f,0f,0f,1f],start_interpolation:0}
execute if entity @s[tag=aj.corrupted_beacon_core.bone.6] run data modify entity @s {} merge value {transformation:[-0.2937351629820334f,-0.8168296566457488f,0.4998450531544928f,0f,-0.8843447560462284f,0.030781211992138076f,-0.4693857481357342f,1.5f,0.3674100129182194f,-0.5789455415869392f,-0.7301835751337814f,0f,0f,0f,0f,1f],start_interpolation:0}
execute if entity @s[tag=aj.corrupted_beacon_core.bone.7] run data modify entity @s {} merge value {transformation:[0.2424836871135365f,-0.8334822706164289f,0.4998450531544928f,0f,-0.7335426789844324f,-0.4949022819370611f,-0.4693857481357342f,1.5f,0.6375365955796404f,-0.2524185948235247f,-0.7301835751337814f,0f,0f,0f,0f,1f],start_interpolation:0}
execute if entity @s[tag=aj.corrupted_beacon_core.bone.8] run data modify entity @s {} merge value {transformation:[0.2424836871135365f,-0.8334822706164289f,0.4998450531544928f,0f,-0.7335426789844324f,-0.4949022819370611f,-0.4693857481357342f,1.5f,0.6375365955796404f,-0.2524185948235247f,-0.7301835751337814f,0f,0f,0f,0f,1f],start_interpolation:0}
execute if entity @s[tag=aj.corrupted_beacon_core.bone.9] run data modify entity @s {} merge value {transformation:[-0.531395259764658f,0.6845471059286877f,0.4990133642141359f,0f,0.4990133642141358f,0.7289686274214124f,-0.46860474023534193f,1.5f,-0.6845471059286878f,5.607726659848625e-17f,-0.7289686274214123f,0f,0f,0f,0f,1f],start_interpolation:0}
execute if entity @s[tag=aj.corrupted_beacon_core.bone.10] run data modify entity @s {} merge value {transformation:[0.24208022008006969f,-0.8320954448749706f,0.4990133642141359f,0f,-0.732322142080964f,-0.4940788172416583f,-0.46860474023534193f,1.5f,0.6364758025753481f,-0.2519985971615887f,-0.7289686274214123f,0f,0f,0f,0f,1f],start_interpolation:0}
execute if entity @s[tag=aj.corrupted_beacon_core.bone.11] run data modify entity @s {} merge value {transformation:[0.24208022008006969f,-0.8320954448749706f,0.4990133642141359f,0f,-0.732322142080964f,-0.4940788172416583f,-0.46860474023534193f,1.5f,0.6364758025753481f,-0.2519985971615887f,-0.7289686274214123f,0f,0f,0f,0f,1f],start_interpolation:0}
execute if entity @s[tag=aj.corrupted_beacon_core.bone.12] run data modify entity @s {} merge value {transformation:[0.24208022008006969f,-0.8320954448749706f,0.4990133642141359f,0f,-0.732322142080964f,-0.4940788172416583f,-0.46860474023534193f,1.5f,0.6364758025753481f,-0.2519985971615887f,-0.7289686274214123f,0f,0f,0f,0f,1f],start_interpolation:0}
execute if entity @s[tag=aj.corrupted_beacon_core.bone.13] run data modify entity @s {} merge value {transformation:[0.24208022008006969f,-0.8320954448749706f,0.4990133642141359f,0f,-0.732322142080964f,-0.4940788172416583f,-0.46860474023534193f,1.5f,0.6364758025753481f,-0.2519985971615887f,-0.7289686274214123f,0f,0f,0f,0f,1f],start_interpolation:0}
execute if entity @s[tag=aj.corrupted_beacon_core.bone.14] run data modify entity @s {} merge value {transformation:[0.24208022008006969f,-0.8320954448749706f,0.4990133642141359f,0f,-0.732322142080964f,-0.4940788172416583f,-0.46860474023534193f,1.5f,0.6364758025753481f,-0.2519985971615887f,-0.7289686274214123f,0f,0f,0f,0f,1f],start_interpolation:0}
execute if entity @s[tag=aj.corrupted_beacon_core.bone.15] run data modify entity @s {} merge value {transformation:[-0.8559752133642295f,0.13524827703801595f,0.4990133642141359f,0f,-0.13524827703801567f,0.8729934140571829f,-0.46860474023534193f,1.5f,-0.49901336421413583f,-0.468604740235342f,-0.7289686274214123f,0f,0f,0f,0f,1f],start_interpolation:0}
execute if entity @s[tag=aj.corrupted_beacon_core.bone.16] run data modify entity @s {} merge value {transformation:[-0.8559752133642295f,0.13524827703801595f,0.4990133642141359f,0f,-0.13524827703801567f,0.8729934140571829f,-0.46860474023534193f,1.5f,-0.49901336421413583f,-0.468604740235342f,-0.7289686274214123f,0f,0f,0f,0f,1f],start_interpolation:0}
execute if entity @s[tag=aj.corrupted_beacon_core.bone.17] run data modify entity @s {} merge value {transformation:[-0.8559752133642295f,0.13524827703801595f,0.4990133642141359f,0f,-0.13524827703801567f,0.8729934140571829f,-0.46860474023534193f,1.5f,-0.49901336421413583f,-0.468604740235342f,-0.7289686274214123f,0f,0f,0f,0f,1f],start_interpolation:0}
execute if entity @s[tag=aj.corrupted_beacon_core.bone.18] run data modify entity @s {} merge value {transformation:[-0.8559752133642295f,0.13524827703801595f,0.4990133642141359f,0f,-0.13524827703801567f,0.8729934140571829f,-0.46860474023534193f,1.5f,-0.49901336421413583f,-0.468604740235342f,-0.7289686274214123f,0f,0f,0f,0f,1f],start_interpolation:0}
execute if entity @s[tag=aj.corrupted_beacon_core.bone.19] run data modify entity @s {} merge value {transformation:[-0.8559752133642295f,0.13524827703801595f,0.4990133642141359f,0f,-0.13524827703801567f,0.8729934140571829f,-0.46860474023534193f,1.5f,-0.49901336421413583f,-0.468604740235342f,-0.7289686274214123f,0f,0f,0f,0f,1f],start_interpolation:0}
execute if entity @s[tag=aj.corrupted_beacon_core.bone.20] run data modify entity @s {} merge value {transformation:[-0.8559752133642295f,0.13524827703801595f,0.4990133642141359f,0f,-0.13524827703801567f,0.8729934140571829f,-0.46860474023534193f,1.5f,-0.49901336421413583f,-0.468604740235342f,-0.7289686274214123f,0f,0f,0f,0f,1f],start_interpolation:0}
execute if entity @s[tag=aj.corrupted_beacon_core.bone.21] run data modify entity @s {} merge value {transformation:[-0.2932464189504493f,-0.8154705390806144f,0.4990133642141359f,0f,-0.8828733005453195f,0.030729995333249327f,-0.46860474023534193f,1.5f,0.3667986817819162f,-0.5779822378571773f,-0.7289686274214123f,0f,0f,0f,0f,1f],start_interpolation:0}
execute if entity @s[tag=aj.corrupted_beacon_core.bone.22] run data modify entity @s {} merge value {transformation:[-0.2932464189504493f,-0.8154705390806144f,0.4990133642141359f,0f,-0.8828733005453195f,0.030729995333249327f,-0.46860474023534193f,1.5f,0.3667986817819162f,-0.5779822378571773f,-0.7289686274214123f,0f,0f,0f,0f,1f],start_interpolation:0}
execute if entity @s[tag=aj.corrupted_beacon_core.bone.23] run data modify entity @s {} merge value {transformation:[-0.2932464189504493f,-0.8154705390806144f,0.4990133642141359f,0f,-0.8828733005453195f,0.030729995333249327f,-0.46860474023534193f,1.5f,0.3667986817819162f,-0.5779822378571773f,-0.7289686274214123f,0f,0f,0f,0f,1f],start_interpolation:0}
execute if entity @s[tag=aj.corrupted_beacon_core.bone.24] run data modify entity @s {} merge value {transformation:[-0.2932464189504493f,-0.8154705390806144f,0.4990133642141359f,0f,-0.8828733005453195f,0.030729995333249327f,-0.46860474023534193f,1.5f,0.3667986817819162f,-0.5779822378571773f,-0.7289686274214123f,0f,0f,0f,0f,1f],start_interpolation:0}
execute if entity @s[tag=aj.corrupted_beacon_core.bone.25] run data modify entity @s {} merge value {transformation:[-0.2932464189504493f,-0.8154705390806144f,0.4990133642141359f,0f,-0.8828733005453195f,0.030729995333249327f,-0.46860474023534193f,1.5f,0.3667986817819162f,-0.5779822378571773f,-0.7289686274214123f,0f,0f,0f,0f,1f],start_interpolation:0}
execute if entity @s[tag=aj.corrupted_beacon_core.bone.26] run data modify entity @s {} merge value {transformation:[-0.2932464189504493f,-0.8154705390806144f,0.4990133642141359f,0f,-0.8828733005453195f,0.030729995333249327f,-0.46860474023534193f,1.5f,0.3667986817819162f,-0.5779822378571773f,-0.7289686274214123f,0f,0f,0f,0f,1f],start_interpolation:0}
execute if entity @s[tag=aj.corrupted_beacon_core.bone.27] run data modify entity @s {} merge value {transformation:[-0.8574018387198367f,0.1354736908330793f,0.4998450531544928f,0f,-0.13547369083307903f,0.8744484030806116f,-0.4693857481357342f,1.5f,-0.49984505315449274f,-0.46938574813573425f,-0.7301835751337814f,0f,0f,0f,0f,1f],start_interpolation:0}