execute if entity @s[tag=aj.corrupted_beacon_core.bone.exterior] run data modify entity @s {} merge value {transformation:[-3.039696165339454f,3.263610827513293f,2.514655361865444f,0f,2.5146553618654433f,3.9450278030120405f,-2.0803038346605462f,1.5025f,-3.2636108275132933f,2.5756850820565983e-16f,-3.94502780301204f,0f,0f,0f,0f,1f],start_interpolation:0}
execute if entity @s[tag=aj.corrupted_beacon_core.bone.1] run data modify entity @s {} merge value {transformation:[-0.8651954493573235f,-0.11289880951273301f,-0.4919621980732849f,0f,0.11289880951273312f,0.908268648823092f,-0.40698652494498316f,1.5f,0.49196219807328484f,-0.40698652494498316f,-0.7717974315137489f,0f,0f,0f,0f,1f],start_interpolation:0}
execute if entity @s[tag=aj.corrupted_beacon_core.bone.2] run data modify entity @s {} merge value {transformation:[-0.8651954493573235f,-0.11289880951273301f,-0.4919621980732849f,0f,0.11289880951273312f,0.908268648823092f,-0.40698652494498316f,1.5f,0.49196219807328484f,-0.40698652494498316f,-0.7717974315137489f,0f,0f,0f,0f,1f],start_interpolation:0}
execute if entity @s[tag=aj.corrupted_beacon_core.bone.3] run data modify entity @s {} merge value {transformation:[-0.34324356629530844f,-0.8021802546653037f,-0.4919621980732849f,0f,-0.7243148280212285f,0.5595231090249054f,-0.40698652494498316f,1.5f,0.6007395402473253f,0.21627954272959693f,-0.7717974315137489f,0f,0f,0f,0f,1f],start_interpolation:0}
execute if entity @s[tag=aj.corrupted_beacon_core.bone.4] run data modify entity @s {} merge value {transformation:[-0.8329015153664291f,-0.25996994533660883f,-0.4919621980732849f,0f,-0.04494014144138467f,0.9141545073517638f,-0.40698652494498316f,1.5f,0.5546093764972296f,-0.3163436032564048f,-0.7717974315137489f,0f,0f,0f,0f,1f],start_interpolation:0}
execute if entity @s[tag=aj.corrupted_beacon_core.bone.5] run data modify entity @s {} merge value {transformation:[-0.8329015153664291f,-0.25996994533660883f,-0.4919621980732849f,0f,-0.04494014144138467f,0.9141545073517638f,-0.40698652494498316f,1.5f,0.5546093764972296f,-0.3163436032564048f,-0.7717974315137489f,0f,0f,0f,0f,1f],start_interpolation:0}
execute if entity @s[tag=aj.corrupted_beacon_core.bone.6] run data modify entity @s {} merge value {transformation:[-0.8329015153664291f,-0.25996994533660883f,-0.4919621980732849f,0f,-0.04494014144138467f,0.9141545073517638f,-0.40698652494498316f,1.5f,0.5546093764972296f,-0.3163436032564048f,-0.7717974315137489f,0f,0f,0f,0f,1f],start_interpolation:0}
execute if entity @s[tag=aj.corrupted_beacon_core.bone.7] run data modify entity @s {} merge value {transformation:[-0.34324356629530844f,-0.8021802546653037f,-0.4919621980732849f,0f,-0.7243148280212285f,0.5595231090249054f,-0.40698652494498316f,1.5f,0.6007395402473253f,0.21627954272959693f,-0.7717974315137489f,0f,0f,0f,0f,1f],start_interpolation:0}
execute if entity @s[tag=aj.corrupted_beacon_core.bone.8] run data modify entity @s {} merge value {transformation:[-0.34324356629530844f,-0.8021802546653037f,-0.4919621980732849f,0f,-0.7243148280212285f,0.5595231090249054f,-0.40698652494498316f,1.5f,0.6007395402473253f,0.21627954272959693f,-0.7717974315137489f,0f,0f,0f,0f,1f],start_interpolation:0}
execute if entity @s[tag=aj.corrupted_beacon_core.bone.9] run data modify entity @s {} merge value {transformation:[-0.5936906572928623f,-0.63742398974869f,-0.4911436253643443f,0f,-0.4911436253643444f,0.7705132427757891f,-0.4063093427071379f,1.5f,0.6374239897486899f,-1.0581750049017576e-16f,-0.7705132427757893f,0f,0f,0f,0f,1f],start_interpolation:0}
execute if entity @s[tag=aj.corrupted_beacon_core.bone.10] run data modify entity @s {} merge value {transformation:[-0.3426724455527206f,-0.8008455121450619f,-0.4911436253643443f,0f,-0.7231096452790966f,0.5585921221546477f,-0.4063093427071379f,1.5f,0.5997399736246176f,0.21591967660192704f,-0.7705132427757893f,0f,0f,0f,0f,1f],start_interpolation:0}
execute if entity @s[tag=aj.corrupted_beacon_core.bone.11] run data modify entity @s {} merge value {transformation:[-0.3426724455527206f,-0.8008455121450619f,-0.4911436253643443f,0f,-0.7231096452790966f,0.5585921221546477f,-0.4063093427071379f,1.5f,0.5997399736246176f,0.21591967660192704f,-0.7705132427757893f,0f,0f,0f,0f,1f],start_interpolation:0}
execute if entity @s[tag=aj.corrupted_beacon_core.bone.12] run data modify entity @s {} merge value {transformation:[-0.3426724455527206f,-0.8008455121450619f,-0.4911436253643443f,0f,-0.7231096452790966f,0.5585921221546477f,-0.4063093427071379f,1.5f,0.5997399736246176f,0.21591967660192704f,-0.7705132427757893f,0f,0f,0f,0f,1f],start_interpolation:0}
execute if entity @s[tag=aj.corrupted_beacon_core.bone.13] run data modify entity @s {} merge value {transformation:[-0.3426724455527206f,-0.8008455121450619f,-0.4911436253643443f,0f,-0.7231096452790966f,0.5585921221546477f,-0.4063093427071379f,1.5f,0.5997399736246176f,0.21591967660192704f,-0.7705132427757893f,0f,0f,0f,0f,1f],start_interpolation:0}
execute if entity @s[tag=aj.corrupted_beacon_core.bone.14] run data modify entity @s {} merge value {transformation:[-0.3426724455527206f,-0.8008455121450619f,-0.4911436253643443f,0f,-0.7231096452790966f,0.5585921221546477f,-0.4063093427071379f,1.5f,0.5997399736246176f,0.21591967660192704f,-0.7705132427757893f,0f,0f,0f,0f,1f],start_interpolation:0}
execute if entity @s[tag=aj.corrupted_beacon_core.bone.15] run data modify entity @s {} merge value {transformation:[-0.8637558562635509f,-0.112710957916206f,-0.4911436253643443f,0f,0.11271095791620611f,0.9067573865122383f,-0.4063093427071379f,1.5f,0.49114362536434425f,-0.4063093427071379f,-0.7705132427757893f,0f,0f,0f,0f,1f],start_interpolation:0}
execute if entity @s[tag=aj.corrupted_beacon_core.bone.16] run data modify entity @s {} merge value {transformation:[-0.8637558562635509f,-0.112710957916206f,-0.4911436253643443f,0f,0.11271095791620611f,0.9067573865122383f,-0.4063093427071379f,1.5f,0.49114362536434425f,-0.4063093427071379f,-0.7705132427757893f,0f,0f,0f,0f,1f],start_interpolation:0}
execute if entity @s[tag=aj.corrupted_beacon_core.bone.17] run data modify entity @s {} merge value {transformation:[-0.8637558562635509f,-0.112710957916206f,-0.4911436253643443f,0f,0.11271095791620611f,0.9067573865122383f,-0.4063093427071379f,1.5f,0.49114362536434425f,-0.4063093427071379f,-0.7705132427757893f,0f,0f,0f,0f,1f],start_interpolation:0}
execute if entity @s[tag=aj.corrupted_beacon_core.bone.18] run data modify entity @s {} merge value {transformation:[-0.8637558562635509f,-0.112710957916206f,-0.4911436253643443f,0f,0.11271095791620611f,0.9067573865122383f,-0.4063093427071379f,1.5f,0.49114362536434425f,-0.4063093427071379f,-0.7705132427757893f,0f,0f,0f,0f,1f],start_interpolation:0}
execute if entity @s[tag=aj.corrupted_beacon_core.bone.19] run data modify entity @s {} merge value {transformation:[-0.8637558562635509f,-0.112710957916206f,-0.4911436253643443f,0f,0.11271095791620611f,0.9067573865122383f,-0.4063093427071379f,1.5f,0.49114362536434425f,-0.4063093427071379f,-0.7705132427757893f,0f,0f,0f,0f,1f],start_interpolation:0}
execute if entity @s[tag=aj.corrupted_beacon_core.bone.20] run data modify entity @s {} merge value {transformation:[-0.8637558562635509f,-0.112710957916206f,-0.4911436253643443f,0f,0.11271095791620611f,0.9067573865122383f,-0.4063093427071379f,1.5f,0.49114362536434425f,-0.4063093427071379f,-0.7705132427757893f,0f,0f,0f,0f,1f],start_interpolation:0}
execute if entity @s[tag=aj.corrupted_beacon_core.bone.21] run data modify entity @s {} merge value {transformation:[-0.8315156559398627f,-0.2595373830315562f,-0.4911436253643443f,0f,-0.04486536583166523f,0.9126334515990987f,-0.4063093427071379f,1.5f,0.5536865655546386f,-0.31581724118775856f,-0.7705132427757893f,0f,0f,0f,0f,1f],start_interpolation:0}
execute if entity @s[tag=aj.corrupted_beacon_core.bone.22] run data modify entity @s {} merge value {transformation:[-0.8315156559398627f,-0.2595373830315562f,-0.4911436253643443f,0f,-0.04486536583166523f,0.9126334515990987f,-0.4063093427071379f,1.5f,0.5536865655546386f,-0.31581724118775856f,-0.7705132427757893f,0f,0f,0f,0f,1f],start_interpolation:0}
execute if entity @s[tag=aj.corrupted_beacon_core.bone.23] run data modify entity @s {} merge value {transformation:[-0.8315156559398627f,-0.2595373830315562f,-0.4911436253643443f,0f,-0.04486536583166523f,0.9126334515990987f,-0.4063093427071379f,1.5f,0.5536865655546386f,-0.31581724118775856f,-0.7705132427757893f,0f,0f,0f,0f,1f],start_interpolation:0}
execute if entity @s[tag=aj.corrupted_beacon_core.bone.24] run data modify entity @s {} merge value {transformation:[-0.8315156559398627f,-0.2595373830315562f,-0.4911436253643443f,0f,-0.04486536583166523f,0.9126334515990987f,-0.4063093427071379f,1.5f,0.5536865655546386f,-0.31581724118775856f,-0.7705132427757893f,0f,0f,0f,0f,1f],start_interpolation:0}
execute if entity @s[tag=aj.corrupted_beacon_core.bone.25] run data modify entity @s {} merge value {transformation:[-0.8315156559398627f,-0.2595373830315562f,-0.4911436253643443f,0f,-0.04486536583166523f,0.9126334515990987f,-0.4063093427071379f,1.5f,0.5536865655546386f,-0.31581724118775856f,-0.7705132427757893f,0f,0f,0f,0f,1f],start_interpolation:0}
execute if entity @s[tag=aj.corrupted_beacon_core.bone.26] run data modify entity @s {} merge value {transformation:[-0.8315156559398627f,-0.2595373830315562f,-0.4911436253643443f,0f,-0.04486536583166523f,0.9126334515990987f,-0.4063093427071379f,1.5f,0.5536865655546386f,-0.31581724118775856f,-0.7705132427757893f,0f,0f,0f,0f,1f],start_interpolation:0}
execute if entity @s[tag=aj.corrupted_beacon_core.bone.27] run data modify entity @s {} merge value {transformation:[-0.8651954493573235f,-0.11289880951273301f,-0.4919621980732849f,0f,0.11289880951273312f,0.908268648823092f,-0.40698652494498316f,1.5f,0.49196219807328484f,-0.40698652494498316f,-0.7717974315137489f,0f,0f,0f,0f,1f],start_interpolation:0}