execute if entity @s[tag=aj.corrupted_beacon_core.bone.exterior] run data modify entity @s {} merge value {transformation:[-3.351083505599865f,3.009460491737462f,-2.4347046817155933f,0f,-2.434704681715593f,-4.142167011199729f,-1.7689164944001345f,1.5025f,-3.0094604917374626f,3.6855261583667023e-16f,4.142167011199728f,0f,0f,0f,0f,1f],start_interpolation:0}
execute if entity @s[tag=aj.corrupted_beacon_core.bone.1] run data modify entity @s {} merge value {transformation:[0.18432368936557242f,0.8616724314616409f,0.4763208052444892f,0f,-0.8616724314616406f,0.3756249999999995f,-0.3460673219838805f,1.5f,-0.47632080524448916f,-0.34606732198388035f,0.8103653560322387f,0f,0f,0f,0f,1f],start_interpolation:0}
execute if entity @s[tag=aj.corrupted_beacon_core.bone.2] run data modify entity @s {} merge value {transformation:[0.18432368936557242f,0.8616724314616409f,0.4763208052444892f,0f,-0.8616724314616406f,0.3756249999999995f,-0.3460673219838805f,1.5f,-0.47632080524448916f,-0.34606732198388035f,0.8103653560322387f,0f,0f,0f,0f,1f],start_interpolation:0}
execute if entity @s[tag=aj.corrupted_beacon_core.bone.3] run data modify entity @s {} merge value {transformation:[0.3573573503575124f,-0.8054503868940723f,0.4763208052444892f,0f,0.9178944760292097f,0.2025913390080598f,-0.3460673219838805f,1.5f,0.1819383580546758f,0.5599486893655722f,0.8103653560322387f,0f,0f,0f,0f,1f],start_interpolation:0}
execute if entity @s[tag=aj.corrupted_beacon_core.bone.4] run data modify entity @s {} merge value {transformation:[-0.3573573503575124f,0.8054503868940723f,0.4763208052444892f,0f,-0.9178944760292097f,-0.2025913390080598f,-0.3460673219838805f,1.5f,-0.1819383580546758f,-0.5599486893655722f,0.8103653560322387f,0f,0f,0f,0f,1f],start_interpolation:0}
execute if entity @s[tag=aj.corrupted_beacon_core.bone.5] run data modify entity @s {} merge value {transformation:[-0.3573573503575124f,0.8054503868940723f,0.4763208052444892f,0f,-0.9178944760292097f,-0.2025913390080598f,-0.3460673219838805f,1.5f,-0.1819383580546758f,-0.5599486893655722f,0.8103653560322387f,0f,0f,0f,0f,1f],start_interpolation:0}
execute if entity @s[tag=aj.corrupted_beacon_core.bone.6] run data modify entity @s {} merge value {transformation:[-0.3573573503575124f,0.8054503868940723f,0.4763208052444892f,0f,-0.9178944760292097f,-0.2025913390080598f,-0.3460673219838805f,1.5f,-0.1819383580546758f,-0.5599486893655722f,0.8103653560322387f,0f,0f,0f,0f,1f],start_interpolation:0}
execute if entity @s[tag=aj.corrupted_beacon_core.bone.7] run data modify entity @s {} merge value {transformation:[0.3573573503575124f,-0.8054503868940723f,0.4763208052444892f,0f,0.9178944760292097f,0.2025913390080598f,-0.3460673219838805f,1.5f,0.1819383580546758f,0.5599486893655722f,0.8103653560322387f,0f,0f,0f,0f,1f],start_interpolation:0}
execute if entity @s[tag=aj.corrupted_beacon_core.bone.8] run data modify entity @s {} merge value {transformation:[0.3573573503575124f,-0.8054503868940723f,0.4763208052444892f,0f,0.9178944760292097f,0.2025913390080598f,-0.3460673219838805f,1.5f,0.1819383580546758f,0.5599486893655722f,0.8103653560322387f,0f,0f,0f,0f,1f],start_interpolation:0}
execute if entity @s[tag=aj.corrupted_beacon_core.bone.9] run data modify entity @s {} merge value {transformation:[-0.6545084971874738f,-0.587785252292473f,0.4755282581475766f,0f,0.4755282581475767f,-0.809016994374947f,-0.3454915028125263f,1.5f,0.5877852522924729f,-7.198293278059965e-17f,0.8090169943749471f,0f,0f,0f,0f,1f],start_interpolation:0}
execute if entity @s[tag=aj.corrupted_beacon_core.bone.10] run data modify entity @s {} merge value {transformation:[0.3567627457812104f,-0.8041102032220355f,0.4755282581475766f,0f,0.9163671973669314f,0.20225424859373692f,-0.3454915028125263f,1.5f,0.18163563200134022f,0.5590169943749472f,0.8090169943749471f,0f,0f,0f,0f,1f],start_interpolation:0}
execute if entity @s[tag=aj.corrupted_beacon_core.bone.11] run data modify entity @s {} merge value {transformation:[0.3567627457812104f,-0.8041102032220355f,0.4755282581475766f,0f,0.9163671973669314f,0.20225424859373692f,-0.3454915028125263f,1.5f,0.18163563200134022f,0.5590169943749472f,0.8090169943749471f,0f,0f,0f,0f,1f],start_interpolation:0}
execute if entity @s[tag=aj.corrupted_beacon_core.bone.12] run data modify entity @s {} merge value {transformation:[0.3567627457812104f,-0.8041102032220355f,0.4755282581475766f,0f,0.9163671973669314f,0.20225424859373692f,-0.3454915028125263f,1.5f,0.18163563200134022f,0.5590169943749472f,0.8090169943749471f,0f,0f,0f,0f,1f],start_interpolation:0}
execute if entity @s[tag=aj.corrupted_beacon_core.bone.13] run data modify entity @s {} merge value {transformation:[0.3567627457812104f,-0.8041102032220355f,0.4755282581475766f,0f,0.9163671973669314f,0.20225424859373692f,-0.3454915028125263f,1.5f,0.18163563200134022f,0.5590169943749472f,0.8090169943749471f,0f,0f,0f,0f,1f],start_interpolation:0}
execute if entity @s[tag=aj.corrupted_beacon_core.bone.14] run data modify entity @s {} merge value {transformation:[0.3567627457812104f,-0.8041102032220355f,0.4755282581475766f,0f,0.9163671973669314f,0.20225424859373692f,-0.3454915028125263f,1.5f,0.18163563200134022f,0.5590169943749472f,0.8090169943749471f,0f,0f,0f,0f,1f],start_interpolation:0}
execute if entity @s[tag=aj.corrupted_beacon_core.bone.15] run data modify entity @s {} merge value {transformation:[0.1840169943749475f,0.8602387002944833f,0.4755282581475766f,0f,-0.8602387002944831f,0.3749999999999995f,-0.3454915028125263f,1.5f,-0.47552825814757654f,-0.3454915028125261f,0.8090169943749471f,0f,0f,0f,0f,1f],start_interpolation:0}
execute if entity @s[tag=aj.corrupted_beacon_core.bone.16] run data modify entity @s {} merge value {transformation:[0.1840169943749475f,0.8602387002944833f,0.4755282581475766f,0f,-0.8602387002944831f,0.3749999999999995f,-0.3454915028125263f,1.5f,-0.47552825814757654f,-0.3454915028125261f,0.8090169943749471f,0f,0f,0f,0f,1f],start_interpolation:0}
execute if entity @s[tag=aj.corrupted_beacon_core.bone.17] run data modify entity @s {} merge value {transformation:[0.1840169943749475f,0.8602387002944833f,0.4755282581475766f,0f,-0.8602387002944831f,0.3749999999999995f,-0.3454915028125263f,1.5f,-0.47552825814757654f,-0.3454915028125261f,0.8090169943749471f,0f,0f,0f,0f,1f],start_interpolation:0}
execute if entity @s[tag=aj.corrupted_beacon_core.bone.18] run data modify entity @s {} merge value {transformation:[0.1840169943749475f,0.8602387002944833f,0.4755282581475766f,0f,-0.8602387002944831f,0.3749999999999995f,-0.3454915028125263f,1.5f,-0.47552825814757654f,-0.3454915028125261f,0.8090169943749471f,0f,0f,0f,0f,1f],start_interpolation:0}
execute if entity @s[tag=aj.corrupted_beacon_core.bone.19] run data modify entity @s {} merge value {transformation:[0.1840169943749475f,0.8602387002944833f,0.4755282581475766f,0f,-0.8602387002944831f,0.3749999999999995f,-0.3454915028125263f,1.5f,-0.47552825814757654f,-0.3454915028125261f,0.8090169943749471f,0f,0f,0f,0f,1f],start_interpolation:0}
execute if entity @s[tag=aj.corrupted_beacon_core.bone.20] run data modify entity @s {} merge value {transformation:[0.1840169943749475f,0.8602387002944833f,0.4755282581475766f,0f,-0.8602387002944831f,0.3749999999999995f,-0.3454915028125263f,1.5f,-0.47552825814757654f,-0.3454915028125261f,0.8090169943749471f,0f,0f,0f,0f,1f],start_interpolation:0}
execute if entity @s[tag=aj.corrupted_beacon_core.bone.21] run data modify entity @s {} merge value {transformation:[-0.3567627457812104f,0.8041102032220355f,0.4755282581475766f,0f,-0.9163671973669314f,-0.20225424859373692f,-0.3454915028125263f,1.5f,-0.18163563200134022f,-0.5590169943749472f,0.8090169943749471f,0f,0f,0f,0f,1f],start_interpolation:0}
execute if entity @s[tag=aj.corrupted_beacon_core.bone.22] run data modify entity @s {} merge value {transformation:[-0.3567627457812104f,0.8041102032220355f,0.4755282581475766f,0f,-0.9163671973669314f,-0.20225424859373692f,-0.3454915028125263f,1.5f,-0.18163563200134022f,-0.5590169943749472f,0.8090169943749471f,0f,0f,0f,0f,1f],start_interpolation:0}
execute if entity @s[tag=aj.corrupted_beacon_core.bone.23] run data modify entity @s {} merge value {transformation:[-0.3567627457812104f,0.8041102032220355f,0.4755282581475766f,0f,-0.9163671973669314f,-0.20225424859373692f,-0.3454915028125263f,1.5f,-0.18163563200134022f,-0.5590169943749472f,0.8090169943749471f,0f,0f,0f,0f,1f],start_interpolation:0}
execute if entity @s[tag=aj.corrupted_beacon_core.bone.24] run data modify entity @s {} merge value {transformation:[-0.3567627457812104f,0.8041102032220355f,0.4755282581475766f,0f,-0.9163671973669314f,-0.20225424859373692f,-0.3454915028125263f,1.5f,-0.18163563200134022f,-0.5590169943749472f,0.8090169943749471f,0f,0f,0f,0f,1f],start_interpolation:0}
execute if entity @s[tag=aj.corrupted_beacon_core.bone.25] run data modify entity @s {} merge value {transformation:[-0.3567627457812104f,0.8041102032220355f,0.4755282581475766f,0f,-0.9163671973669314f,-0.20225424859373692f,-0.3454915028125263f,1.5f,-0.18163563200134022f,-0.5590169943749472f,0.8090169943749471f,0f,0f,0f,0f,1f],start_interpolation:0}
execute if entity @s[tag=aj.corrupted_beacon_core.bone.26] run data modify entity @s {} merge value {transformation:[-0.3567627457812104f,0.8041102032220355f,0.4755282581475766f,0f,-0.9163671973669314f,-0.20225424859373692f,-0.3454915028125263f,1.5f,-0.18163563200134022f,-0.5590169943749472f,0.8090169943749471f,0f,0f,0f,0f,1f],start_interpolation:0}
execute if entity @s[tag=aj.corrupted_beacon_core.bone.27] run data modify entity @s {} merge value {transformation:[0.18432368936557242f,0.8616724314616409f,0.4763208052444892f,0f,-0.8616724314616406f,0.3756249999999995f,-0.3460673219838805f,1.5f,-0.47632080524448916f,-0.34606732198388035f,0.8103653560322387f,0f,0f,0f,0f,1f],start_interpolation:0}