execute if entity @s[tag=aj.corrupted_beacon_core.bone.exterior] run data modify entity @s {} merge value {transformation:[-3.9317165951462334f,-2.466578811400781f,2.1614794892851577f,0f,2.161479489285158f,-4.486690201824583f,-1.1882834048537674f,1.5025f,2.46657881140078f,-3.020687846226649e-16f,4.486690201824583f,0f,0f,0f,0f,1f],start_interpolation:0}
execute if entity @s[tag=aj.corrupted_beacon_core.bone.1] run data modify entity @s {} merge value {transformation:[0.44157577246706625f,-0.7934292451558098f,-0.42286756935559255f,0f,0.79342924515581f,0.565475247956463f,-0.2324734135146856f,1.5f,0.4228675693555925f,-0.2324734135146857f,0.8777671911772704f,0f,0f,0f,0f,1f],start_interpolation:0}
execute if entity @s[tag=aj.corrupted_beacon_core.bone.2] run data modify entity @s {} merge value {transformation:[0.44157577246706625f,-0.7934292451558098f,-0.42286756935559255f,0f,0.79342924515581f,0.565475247956463f,-0.2324734135146856f,1.5f,0.4228675693555925f,-0.2324734135146857f,0.8777671911772704f,0f,0f,0f,0f,1f],start_interpolation:0}
execute if entity @s[tag=aj.corrupted_beacon_core.bone.3] run data modify entity @s {} merge value {transformation:[-0.27610561070668255f,-0.8650345782884603f,-0.42286756935559255f,0f,0.9553534088741987f,-0.19129058333433369f,-0.2324734135146856f,1.5f,0.12000694563169897f,-0.46739619404101623f,0.8777671911772704f,0f,0f,0f,0f,1f],start_interpolation:0}
execute if entity @s[tag=aj.corrupted_beacon_core.bone.4] run data modify entity @s {} merge value {transformation:[0.8975770006926502f,-0.1373850709720328f,-0.42286756935559255f,0f,0.03948527938336709f,0.9735158631640056f,-0.2324734135146856f,1.5f,0.44286854895184735f,0.19164633456751026f,0.8777671911772704f,0f,0f,0f,0f,1f],start_interpolation:0}
execute if entity @s[tag=aj.corrupted_beacon_core.bone.5] run data modify entity @s {} merge value {transformation:[0.8975770006926502f,-0.1373850709720328f,-0.42286756935559255f,0f,0.03948527938336709f,0.9735158631640056f,-0.2324734135146856f,1.5f,0.44286854895184735f,0.19164633456751026f,0.8777671911772704f,0f,0f,0f,0f,1f],start_interpolation:0}
execute if entity @s[tag=aj.corrupted_beacon_core.bone.6] run data modify entity @s {} merge value {transformation:[0.8975770006926502f,-0.1373850709720328f,-0.42286756935559255f,0f,0.03948527938336709f,0.9735158631640056f,-0.2324734135146856f,1.5f,0.44286854895184735f,0.19164633456751026f,0.8777671911772704f,0f,0f,0f,0f,1f],start_interpolation:0}
execute if entity @s[tag=aj.corrupted_beacon_core.bone.7] run data modify entity @s {} merge value {transformation:[-0.27610561070668255f,-0.8650345782884603f,-0.42286756935559255f,0f,0.9553534088741987f,-0.19129058333433369f,-0.2324734135146856f,1.5f,0.12000694563169897f,-0.46739619404101623f,0.8777671911772704f,0f,0f,0f,0f,1f],start_interpolation:0}
execute if entity @s[tag=aj.corrupted_beacon_core.bone.8] run data modify entity @s {} merge value {transformation:[-0.27610561070668255f,-0.8650345782884603f,-0.42286756935559255f,0f,0.9553534088741987f,-0.19129058333433369f,-0.2324734135146856f,1.5f,0.12000694563169897f,-0.46739619404101623f,0.8777671911772704f,0f,0f,0f,0f,1f],start_interpolation:0}
execute if entity @s[tag=aj.corrupted_beacon_core.bone.9] run data modify entity @s {} merge value {transformation:[-0.7679133974894985f,0.481753674101715f,-0.42216396275100754f,0f,-0.4221639627510074f,-0.8763066800438639f,-0.23208660251050142f,1.5f,-0.4817536741017151f,5.899780949661425e-17f,0.8763066800438639f,0f,0f,0f,0f,1f],start_interpolation:0}
execute if entity @s[tag=aj.corrupted_beacon_core.bone.10] run data modify entity @s {} merge value {transformation:[-0.27564620037272797f,-0.8635952528670152f,-0.42216396275100754f,0f,0.9537638025366376f,-0.1909722961740436f,-0.23208660251050142f,1.5f,0.11980726685360962f,-0.4666184965467716f,0.8763066800438639f,0f,0f,0f,0f,1f],start_interpolation:0}
execute if entity @s[tag=aj.corrupted_beacon_core.bone.11] run data modify entity @s {} merge value {transformation:[-0.27564620037272797f,-0.8635952528670152f,-0.42216396275100754f,0f,0.9537638025366376f,-0.1909722961740436f,-0.23208660251050142f,1.5f,0.11980726685360962f,-0.4666184965467716f,0.8763066800438639f,0f,0f,0f,0f,1f],start_interpolation:0}
execute if entity @s[tag=aj.corrupted_beacon_core.bone.12] run data modify entity @s {} merge value {transformation:[-0.27564620037272797f,-0.8635952528670152f,-0.42216396275100754f,0f,0.9537638025366376f,-0.1909722961740436f,-0.23208660251050142f,1.5f,0.11980726685360962f,-0.4666184965467716f,0.8763066800438639f,0f,0f,0f,0f,1f],start_interpolation:0}
execute if entity @s[tag=aj.corrupted_beacon_core.bone.13] run data modify entity @s {} merge value {transformation:[-0.27564620037272797f,-0.8635952528670152f,-0.42216396275100754f,0f,0.9537638025366376f,-0.1909722961740436f,-0.23208660251050142f,1.5f,0.11980726685360962f,-0.4666184965467716f,0.8763066800438639f,0f,0f,0f,0f,1f],start_interpolation:0}
execute if entity @s[tag=aj.corrupted_beacon_core.bone.14] run data modify entity @s {} merge value {transformation:[-0.27564620037272797f,-0.8635952528670152f,-0.42216396275100754f,0f,0.9537638025366376f,-0.1909722961740436f,-0.23208660251050142f,1.5f,0.11980726685360962f,-0.4666184965467716f,0.8763066800438639f,0f,0f,0f,0f,1f],start_interpolation:0}
execute if entity @s[tag=aj.corrupted_beacon_core.bone.15] run data modify entity @s {} merge value {transformation:[0.440841037404725f,-0.792109063383504f,-0.42216396275100754f,0f,0.7921090633835042f,0.5645343573608615f,-0.23208660251050142f,1.5f,0.4221639627510075f,-0.23208660251050153f,0.8763066800438639f,0f,0f,0f,0f,1f],start_interpolation:0}
execute if entity @s[tag=aj.corrupted_beacon_core.bone.16] run data modify entity @s {} merge value {transformation:[0.440841037404725f,-0.792109063383504f,-0.42216396275100754f,0f,0.7921090633835042f,0.5645343573608615f,-0.23208660251050142f,1.5f,0.4221639627510075f,-0.23208660251050153f,0.8763066800438639f,0f,0f,0f,0f,1f],start_interpolation:0}
execute if entity @s[tag=aj.corrupted_beacon_core.bone.17] run data modify entity @s {} merge value {transformation:[0.440841037404725f,-0.792109063383504f,-0.42216396275100754f,0f,0.7921090633835042f,0.5645343573608615f,-0.23208660251050142f,1.5f,0.4221639627510075f,-0.23208660251050153f,0.8763066800438639f,0f,0f,0f,0f,1f],start_interpolation:0}
execute if entity @s[tag=aj.corrupted_beacon_core.bone.18] run data modify entity @s {} merge value {transformation:[0.440841037404725f,-0.792109063383504f,-0.42216396275100754f,0f,0.7921090633835042f,0.5645343573608615f,-0.23208660251050142f,1.5f,0.4221639627510075f,-0.23208660251050153f,0.8763066800438639f,0f,0f,0f,0f,1f],start_interpolation:0}
execute if entity @s[tag=aj.corrupted_beacon_core.bone.19] run data modify entity @s {} merge value {transformation:[0.440841037404725f,-0.792109063383504f,-0.42216396275100754f,0f,0.7921090633835042f,0.5645343573608615f,-0.23208660251050142f,1.5f,0.4221639627510075f,-0.23208660251050153f,0.8763066800438639f,0f,0f,0f,0f,1f],start_interpolation:0}
execute if entity @s[tag=aj.corrupted_beacon_core.bone.20] run data modify entity @s {} merge value {transformation:[0.440841037404725f,-0.792109063383504f,-0.42216396275100754f,0f,0.7921090633835042f,0.5645343573608615f,-0.23208660251050142f,1.5f,0.4221639627510075f,-0.23208660251050153f,0.8763066800438639f,0f,0f,0f,0f,1f],start_interpolation:0}
execute if entity @s[tag=aj.corrupted_beacon_core.bone.21] run data modify entity @s {} merge value {transformation:[0.8960835281457407f,-0.13715647684395954f,-0.42216396275100754f,0f,0.03941958008322838f,0.9718960364366113f,-0.23208660251050142f,1.5f,0.44213166284710215f,0.19132745547505184f,0.8763066800438639f,0f,0f,0f,0f,1f],start_interpolation:0}
execute if entity @s[tag=aj.corrupted_beacon_core.bone.22] run data modify entity @s {} merge value {transformation:[0.8960835281457407f,-0.13715647684395954f,-0.42216396275100754f,0f,0.03941958008322838f,0.9718960364366113f,-0.23208660251050142f,1.5f,0.44213166284710215f,0.19132745547505184f,0.8763066800438639f,0f,0f,0f,0f,1f],start_interpolation:0}
execute if entity @s[tag=aj.corrupted_beacon_core.bone.23] run data modify entity @s {} merge value {transformation:[0.8960835281457407f,-0.13715647684395954f,-0.42216396275100754f,0f,0.03941958008322838f,0.9718960364366113f,-0.23208660251050142f,1.5f,0.44213166284710215f,0.19132745547505184f,0.8763066800438639f,0f,0f,0f,0f,1f],start_interpolation:0}
execute if entity @s[tag=aj.corrupted_beacon_core.bone.24] run data modify entity @s {} merge value {transformation:[0.8960835281457407f,-0.13715647684395954f,-0.42216396275100754f,0f,0.03941958008322838f,0.9718960364366113f,-0.23208660251050142f,1.5f,0.44213166284710215f,0.19132745547505184f,0.8763066800438639f,0f,0f,0f,0f,1f],start_interpolation:0}
execute if entity @s[tag=aj.corrupted_beacon_core.bone.25] run data modify entity @s {} merge value {transformation:[0.8960835281457407f,-0.13715647684395954f,-0.42216396275100754f,0f,0.03941958008322838f,0.9718960364366113f,-0.23208660251050142f,1.5f,0.44213166284710215f,0.19132745547505184f,0.8763066800438639f,0f,0f,0f,0f,1f],start_interpolation:0}
execute if entity @s[tag=aj.corrupted_beacon_core.bone.26] run data modify entity @s {} merge value {transformation:[0.8960835281457407f,-0.13715647684395954f,-0.42216396275100754f,0f,0.03941958008322838f,0.9718960364366113f,-0.23208660251050142f,1.5f,0.44213166284710215f,0.19132745547505184f,0.8763066800438639f,0f,0f,0f,0f,1f],start_interpolation:0}
execute if entity @s[tag=aj.corrupted_beacon_core.bone.27] run data modify entity @s {} merge value {transformation:[0.44157577246706625f,-0.7934292451558098f,-0.42286756935559255f,0f,0.79342924515581f,0.565475247956463f,-0.2324734135146856f,1.5f,0.4228675693555925f,-0.2324734135146857f,0.8777671911772704f,0f,0f,0f,0f,1f],start_interpolation:0}