execute if entity @s[tag=aj.corrupted_beacon_core.bone.exterior] run data modify entity @s {} merge value {transformation:[-1.1882834048537712f,-4.4866902018245804f,-2.1614794892851594f,0f,-2.16147948928516f,2.466578811400784f,-3.9317165951462294f,1.5025f,4.4866902018245804f,-5.494610794430265e-16f,-2.4665788114007845f,0f,0f,0f,0f,1f],start_interpolation:0}
execute if entity @s[tag=aj.corrupted_beacon_core.bone.1] run data modify entity @s {} merge value {transformation:[-0.8811881742436479f,0.219149564160074f,0.42286756935559283f,0f,-0.2191495641600739f,0.6030350893149039f,-0.7691932531519805f,1.5f,-0.4228675693555929f,-0.7691932531519805f,-0.4825565968918851f,0f,0f,0f,0f,1f],start_interpolation:0}
execute if entity @s[tag=aj.corrupted_beacon_core.bone.2] run data modify entity @s {} merge value {transformation:[-0.8811881742436479f,0.219149564160074f,0.42286756935559283f,0f,-0.2191495641600739f,0.6030350893149039f,-0.7691932531519805f,1.5f,-0.4228675693555929f,-0.7691932531519805f,-0.4825565968918851f,0f,0f,0f,0f,1f],start_interpolation:0}
execute if entity @s[tag=aj.corrupted_beacon_core.bone.3] run data modify entity @s {} merge value {transformation:[-0.24672021652294707f,-0.8738697069113186f,0.42286756935559283f,0f,-0.60962118206289f,-0.20009963717315707f,-0.7691932531519805f,1.5f,0.7555311113714813f,-0.4468198536961041f,-0.4825565968918851f,0f,0f,0f,0f,1f],start_interpolation:0}
execute if entity @s[tag=aj.corrupted_beacon_core.bone.4] run data modify entity @s {} merge value {transformation:[-0.44390414899348235f,-0.7921289266304924f,0.42286756935559283f,0f,-0.6394896328825521f,-0.05225762960872772f,-0.7691932531519805f,1.5f,0.6303477032981255f,-0.6108494207691547f,-0.4825565968918851f,0f,0f,0f,0f,1f],start_interpolation:0}
execute if entity @s[tag=aj.corrupted_beacon_core.bone.5] run data modify entity @s {} merge value {transformation:[-0.44390414899348235f,-0.7921289266304924f,0.42286756935559283f,0f,-0.6394896328825521f,-0.05225762960872772f,-0.7691932531519805f,1.5f,0.6303477032981255f,-0.6108494207691547f,-0.4825565968918851f,0f,0f,0f,0f,1f],start_interpolation:0}
execute if entity @s[tag=aj.corrupted_beacon_core.bone.6] run data modify entity @s {} merge value {transformation:[-0.44390414899348235f,-0.7921289266304924f,0.42286756935559283f,0f,-0.6394896328825521f,-0.05225762960872772f,-0.7691932531519805f,1.5f,0.6303477032981255f,-0.6108494207691547f,-0.4825565968918851f,0f,0f,0f,0f,1f],start_interpolation:0}
execute if entity @s[tag=aj.corrupted_beacon_core.bone.7] run data modify entity @s {} merge value {transformation:[-0.24672021652294707f,-0.8738697069113186f,0.42286756935559283f,0f,-0.60962118206289f,-0.20009963717315707f,-0.7691932531519805f,1.5f,0.7555311113714813f,-0.4468198536961041f,-0.4825565968918851f,0f,0f,0f,0f,1f],start_interpolation:0}
execute if entity @s[tag=aj.corrupted_beacon_core.bone.8] run data modify entity @s {} merge value {transformation:[-0.24672021652294707f,-0.8738697069113186f,0.42286756935559283f,0f,-0.60962118206289f,-0.20009963717315707f,-0.7691932531519805f,1.5f,0.7555311113714813f,-0.4468198536961041f,-0.4825565968918851f,0f,0f,0f,0f,1f],start_interpolation:0}
execute if entity @s[tag=aj.corrupted_beacon_core.bone.9] run data modify entity @s {} merge value {transformation:[-0.23208660251050195f,0.8763066800438634f,0.4221639627510078f,0f,0.42216396275100776f,0.48175367410171566f,-0.7679133974894979f,1.5f,-0.8763066800438634f,1.0731661707871611e-16f,-0.4817536741017156f,0f,0f,0f,0f,1f],start_interpolation:0}
execute if entity @s[tag=aj.corrupted_beacon_core.bone.10] run data modify entity @s {} merge value {transformation:[-0.24630970035568758f,-0.8724156807766907f,0.4221639627510078f,0f,-0.6086068373339999f,-0.19976669268534814f,-0.7679133974894979f,1.5f,0.7542739880580512f,-0.4460763930410357f,-0.4817536741017156f,0f,0f,0f,0f,1f],start_interpolation:0}
execute if entity @s[tag=aj.corrupted_beacon_core.bone.11] run data modify entity @s {} merge value {transformation:[-0.24630970035568758f,-0.8724156807766907f,0.4221639627510078f,0f,-0.6086068373339999f,-0.19976669268534814f,-0.7679133974894979f,1.5f,0.7542739880580512f,-0.4460763930410357f,-0.4817536741017156f,0f,0f,0f,0f,1f],start_interpolation:0}
execute if entity @s[tag=aj.corrupted_beacon_core.bone.12] run data modify entity @s {} merge value {transformation:[-0.24630970035568758f,-0.8724156807766907f,0.4221639627510078f,0f,-0.6086068373339999f,-0.19976669268534814f,-0.7679133974894979f,1.5f,0.7542739880580512f,-0.4460763930410357f,-0.4817536741017156f,0f,0f,0f,0f,1f],start_interpolation:0}
execute if entity @s[tag=aj.corrupted_beacon_core.bone.13] run data modify entity @s {} merge value {transformation:[-0.24630970035568758f,-0.8724156807766907f,0.4221639627510078f,0f,-0.6086068373339999f,-0.19976669268534814f,-0.7679133974894979f,1.5f,0.7542739880580512f,-0.4460763930410357f,-0.4817536741017156f,0f,0f,0f,0f,1f],start_interpolation:0}
execute if entity @s[tag=aj.corrupted_beacon_core.bone.14] run data modify entity @s {} merge value {transformation:[-0.24630970035568758f,-0.8724156807766907f,0.4221639627510078f,0f,-0.6086068373339999f,-0.19976669268534814f,-0.7679133974894979f,1.5f,0.7542739880580512f,-0.4460763930410357f,-0.4817536741017156f,0f,0f,0f,0f,1f],start_interpolation:0}
execute if entity @s[tag=aj.corrupted_beacon_core.bone.15] run data modify entity @s {} merge value {transformation:[-0.8797219709587167f,0.21878492262237004f,0.4221639627510078f,0f,-0.21878492262236993f,0.6020317031429989f,-0.7679133974894979f,1.5f,-0.42216396275100787f,-0.7679133974894979f,-0.4817536741017156f,0f,0f,0f,0f,1f],start_interpolation:0}
execute if entity @s[tag=aj.corrupted_beacon_core.bone.16] run data modify entity @s {} merge value {transformation:[-0.8797219709587167f,0.21878492262237004f,0.4221639627510078f,0f,-0.21878492262236993f,0.6020317031429989f,-0.7679133974894979f,1.5f,-0.42216396275100787f,-0.7679133974894979f,-0.4817536741017156f,0f,0f,0f,0f,1f],start_interpolation:0}
execute if entity @s[tag=aj.corrupted_beacon_core.bone.17] run data modify entity @s {} merge value {transformation:[-0.8797219709587167f,0.21878492262237004f,0.4221639627510078f,0f,-0.21878492262236993f,0.6020317031429989f,-0.7679133974894979f,1.5f,-0.42216396275100787f,-0.7679133974894979f,-0.4817536741017156f,0f,0f,0f,0f,1f],start_interpolation:0}
execute if entity @s[tag=aj.corrupted_beacon_core.bone.18] run data modify entity @s {} merge value {transformation:[-0.8797219709587167f,0.21878492262237004f,0.4221639627510078f,0f,-0.21878492262236993f,0.6020317031429989f,-0.7679133974894979f,1.5f,-0.42216396275100787f,-0.7679133974894979f,-0.4817536741017156f,0f,0f,0f,0f,1f],start_interpolation:0}
execute if entity @s[tag=aj.corrupted_beacon_core.bone.19] run data modify entity @s {} merge value {transformation:[-0.8797219709587167f,0.21878492262237004f,0.4221639627510078f,0f,-0.21878492262236993f,0.6020317031429989f,-0.7679133974894979f,1.5f,-0.42216396275100787f,-0.7679133974894979f,-0.4817536741017156f,0f,0f,0f,0f,1f],start_interpolation:0}
execute if entity @s[tag=aj.corrupted_beacon_core.bone.20] run data modify entity @s {} merge value {transformation:[-0.8797219709587167f,0.21878492262237004f,0.4221639627510078f,0f,-0.21878492262236993f,0.6020317031429989f,-0.7679133974894979f,1.5f,-0.42216396275100787f,-0.7679133974894979f,-0.4817536741017156f,0f,0f,0f,0f,1f],start_interpolation:0}
execute if entity @s[tag=aj.corrupted_beacon_core.bone.21] run data modify entity @s {} merge value {transformation:[-0.44316553976054807f,-0.7908109084497428f,0.4221639627510078f,0f,-0.6384255902321652f,-0.052170678477931165f,-0.7679133974894979f,1.5f,0.6292988718450504f,-0.6098330323818516f,-0.4817536741017156f,0f,0f,0f,0f,1f],start_interpolation:0}
execute if entity @s[tag=aj.corrupted_beacon_core.bone.22] run data modify entity @s {} merge value {transformation:[-0.44316553976054807f,-0.7908109084497428f,0.4221639627510078f,0f,-0.6384255902321652f,-0.052170678477931165f,-0.7679133974894979f,1.5f,0.6292988718450504f,-0.6098330323818516f,-0.4817536741017156f,0f,0f,0f,0f,1f],start_interpolation:0}
execute if entity @s[tag=aj.corrupted_beacon_core.bone.23] run data modify entity @s {} merge value {transformation:[-0.44316553976054807f,-0.7908109084497428f,0.4221639627510078f,0f,-0.6384255902321652f,-0.052170678477931165f,-0.7679133974894979f,1.5f,0.6292988718450504f,-0.6098330323818516f,-0.4817536741017156f,0f,0f,0f,0f,1f],start_interpolation:0}
execute if entity @s[tag=aj.corrupted_beacon_core.bone.24] run data modify entity @s {} merge value {transformation:[-0.44316553976054807f,-0.7908109084497428f,0.4221639627510078f,0f,-0.6384255902321652f,-0.052170678477931165f,-0.7679133974894979f,1.5f,0.6292988718450504f,-0.6098330323818516f,-0.4817536741017156f,0f,0f,0f,0f,1f],start_interpolation:0}
execute if entity @s[tag=aj.corrupted_beacon_core.bone.25] run data modify entity @s {} merge value {transformation:[-0.44316553976054807f,-0.7908109084497428f,0.4221639627510078f,0f,-0.6384255902321652f,-0.052170678477931165f,-0.7679133974894979f,1.5f,0.6292988718450504f,-0.6098330323818516f,-0.4817536741017156f,0f,0f,0f,0f,1f],start_interpolation:0}
execute if entity @s[tag=aj.corrupted_beacon_core.bone.26] run data modify entity @s {} merge value {transformation:[-0.44316553976054807f,-0.7908109084497428f,0.4221639627510078f,0f,-0.6384255902321652f,-0.052170678477931165f,-0.7679133974894979f,1.5f,0.6292988718450504f,-0.6098330323818516f,-0.4817536741017156f,0f,0f,0f,0f,1f],start_interpolation:0}
execute if entity @s[tag=aj.corrupted_beacon_core.bone.27] run data modify entity @s {} merge value {transformation:[-0.8811881742436479f,0.219149564160074f,0.42286756935559283f,0f,-0.2191495641600739f,0.6030350893149039f,-0.7691932531519805f,1.5f,-0.4228675693555929f,-0.7691932531519805f,-0.4825565968918851f,0f,0f,0f,0f,1f],start_interpolation:0}