execute if entity @s[tag=aj.corrupted_beacon_core.bone.exterior] run data modify entity @s {} merge value {transformation:[-3.351083505599865f,-3.0094604917374626f,-2.4347046817155924f,0f,-2.4347046817155933f,4.142167011199731f,-1.7689164944001354f,1.5025f,3.009460491737462f,-3.685526158366703e-16f,-4.142167011199731f,0f,0f,0f,0f,1f],start_interpolation:0}
execute if entity @s[tag=aj.corrupted_beacon_core.bone.1] run data modify entity @s {} merge value {transformation:[-0.8764583333333331f,0.09096917902733796f,0.4763208052444895f,0f,-0.09096917902733796f,0.9355736893655724f,-0.3460673219838807f,1.5f,-0.4763208052444895f,-0.3460673219838806f,-0.8103653560322388f,0f,0f,0f,0f,1f],start_interpolation:0}
execute if entity @s[tag=aj.corrupted_beacon_core.bone.2] run data modify entity @s {} merge value {transformation:[-0.8764583333333331f,0.09096917902733796f,0.4763208052444895f,0f,-0.09096917902733796f,0.9355736893655724f,-0.3460673219838807f,1.5f,-0.4763208052444895f,-0.3460673219838806f,-0.8103653560322388f,0f,0f,0f,0f,1f],start_interpolation:0}
execute if entity @s[tag=aj.corrupted_beacon_core.bone.3] run data modify entity @s {} merge value {transformation:[0.44157367078472015f,-0.7625400283736321f,0.4763208052444895f,0f,-0.7034246723413933f,-0.6235120288393962f,-0.3460673219838807f,1.5f,0.5599486893655725f,-0.18193835805467595f,-0.8103653560322388f,0f,0f,0f,0f,1f],start_interpolation:0}
execute if entity @s[tag=aj.corrupted_beacon_core.bone.4] run data modify entity @s {} merge value {transformation:[-0.22695748798386578f,-0.8514369619944894f,0.4763208052444895f,0f,-0.9382859396102435f,0.05650677212280492f,-0.3460673219838807f,1.5f,0.26729366862850856f,-0.5245933621053234f,-0.8103653560322388f,0f,0f,0f,0f,1f],start_interpolation:0}
execute if entity @s[tag=aj.corrupted_beacon_core.bone.5] run data modify entity @s {} merge value {transformation:[-0.22695748798386578f,-0.8514369619944894f,0.4763208052444895f,0f,-0.9382859396102435f,0.05650677212280492f,-0.3460673219838807f,1.5f,0.26729366862850856f,-0.5245933621053234f,-0.8103653560322388f,0f,0f,0f,0f,1f],start_interpolation:0}
execute if entity @s[tag=aj.corrupted_beacon_core.bone.6] run data modify entity @s {} merge value {transformation:[-0.22695748798386578f,-0.8514369619944894f,0.4763208052444895f,0f,-0.9382859396102435f,0.05650677212280492f,-0.3460673219838807f,1.5f,0.26729366862850856f,-0.5245933621053234f,-0.8103653560322388f,0f,0f,0f,0f,1f],start_interpolation:0}
execute if entity @s[tag=aj.corrupted_beacon_core.bone.7] run data modify entity @s {} merge value {transformation:[0.44157367078472015f,-0.7625400283736321f,0.4763208052444895f,0f,-0.7034246723413933f,-0.6235120288393962f,-0.3460673219838807f,1.5f,0.5599486893655725f,-0.18193835805467595f,-0.8103653560322388f,0f,0f,0f,0f,1f],start_interpolation:0}
execute if entity @s[tag=aj.corrupted_beacon_core.bone.8] run data modify entity @s {} merge value {transformation:[0.44157367078472015f,-0.7625400283736321f,0.4763208052444895f,0f,-0.7034246723413933f,-0.6235120288393962f,-0.3460673219838807f,1.5f,0.5599486893655725f,-0.18193835805467595f,-0.8103653560322388f,0f,0f,0f,0f,1f],start_interpolation:0}
execute if entity @s[tag=aj.corrupted_beacon_core.bone.9] run data modify entity @s {} merge value {transformation:[-0.6545084971874734f,0.5877852522924731f,0.4755282581475769f,0f,0.47552825814757677f,0.8090169943749473f,-0.34549150281252644f,1.5f,-0.5877852522924732f,7.198293278059966e-17f,-0.8090169943749472f,0f,0f,0f,0f,1f],start_interpolation:0}
execute if entity @s[tag=aj.corrupted_beacon_core.bone.10] run data modify entity @s {} merge value {transformation:[0.4408389392193545f,-0.7612712429686843f,0.4755282581475769f,0f,-0.702254248593737f,-0.6224745712206949f,-0.34549150281252644f,1.5f,0.5590169943749476f,-0.1816356320013404f,-0.8090169943749472f,0f,0f,0f,0f,1f],start_interpolation:0}
execute if entity @s[tag=aj.corrupted_beacon_core.bone.11] run data modify entity @s {} merge value {transformation:[0.4408389392193545f,-0.7612712429686843f,0.4755282581475769f,0f,-0.702254248593737f,-0.6224745712206949f,-0.34549150281252644f,1.5f,0.5590169943749476f,-0.1816356320013404f,-0.8090169943749472f,0f,0f,0f,0f,1f],start_interpolation:0}
execute if entity @s[tag=aj.corrupted_beacon_core.bone.12] run data modify entity @s {} merge value {transformation:[0.4408389392193545f,-0.7612712429686843f,0.4755282581475769f,0f,-0.702254248593737f,-0.6224745712206949f,-0.34549150281252644f,1.5f,0.5590169943749476f,-0.1816356320013404f,-0.8090169943749472f,0f,0f,0f,0f,1f],start_interpolation:0}
execute if entity @s[tag=aj.corrupted_beacon_core.bone.13] run data modify entity @s {} merge value {transformation:[0.4408389392193545f,-0.7612712429686843f,0.4755282581475769f,0f,-0.702254248593737f,-0.6224745712206949f,-0.34549150281252644f,1.5f,0.5590169943749476f,-0.1816356320013404f,-0.8090169943749472f,0f,0f,0f,0f,1f],start_interpolation:0}
execute if entity @s[tag=aj.corrupted_beacon_core.bone.14] run data modify entity @s {} merge value {transformation:[0.4408389392193545f,-0.7612712429686843f,0.4755282581475769f,0f,-0.702254248593737f,-0.6224745712206949f,-0.34549150281252644f,1.5f,0.5590169943749476f,-0.1816356320013404f,-0.8090169943749472f,0f,0f,0f,0f,1f],start_interpolation:0}
execute if entity @s[tag=aj.corrupted_beacon_core.bone.15] run data modify entity @s {} merge value {transformation:[-0.8749999999999998f,0.09081781600067018f,0.4755282581475769f,0f,-0.09081781600067018f,0.9340169943749475f,-0.34549150281252644f,1.5f,-0.4755282581475769f,-0.3454915028125264f,-0.8090169943749472f,0f,0f,0f,0f,1f],start_interpolation:0}
execute if entity @s[tag=aj.corrupted_beacon_core.bone.16] run data modify entity @s {} merge value {transformation:[-0.8749999999999998f,0.09081781600067018f,0.4755282581475769f,0f,-0.09081781600067018f,0.9340169943749475f,-0.34549150281252644f,1.5f,-0.4755282581475769f,-0.3454915028125264f,-0.8090169943749472f,0f,0f,0f,0f,1f],start_interpolation:0}
execute if entity @s[tag=aj.corrupted_beacon_core.bone.17] run data modify entity @s {} merge value {transformation:[-0.8749999999999998f,0.09081781600067018f,0.4755282581475769f,0f,-0.09081781600067018f,0.9340169943749475f,-0.34549150281252644f,1.5f,-0.4755282581475769f,-0.3454915028125264f,-0.8090169943749472f,0f,0f,0f,0f,1f],start_interpolation:0}
execute if entity @s[tag=aj.corrupted_beacon_core.bone.18] run data modify entity @s {} merge value {transformation:[-0.8749999999999998f,0.09081781600067018f,0.4755282581475769f,0f,-0.09081781600067018f,0.9340169943749475f,-0.34549150281252644f,1.5f,-0.4755282581475769f,-0.3454915028125264f,-0.8090169943749472f,0f,0f,0f,0f,1f],start_interpolation:0}
execute if entity @s[tag=aj.corrupted_beacon_core.bone.19] run data modify entity @s {} merge value {transformation:[-0.8749999999999998f,0.09081781600067018f,0.4755282581475769f,0f,-0.09081781600067018f,0.9340169943749475f,-0.34549150281252644f,1.5f,-0.4755282581475769f,-0.3454915028125264f,-0.8090169943749472f,0f,0f,0f,0f,1f],start_interpolation:0}
execute if entity @s[tag=aj.corrupted_beacon_core.bone.20] run data modify entity @s {} merge value {transformation:[-0.8749999999999998f,0.09081781600067018f,0.4755282581475769f,0f,-0.09081781600067018f,0.9340169943749475f,-0.34549150281252644f,1.5f,-0.4755282581475769f,-0.3454915028125264f,-0.8090169943749472f,0f,0f,0f,0f,1f],start_interpolation:0}
execute if entity @s[tag=aj.corrupted_beacon_core.bone.21] run data modify entity @s {} merge value {transformation:[-0.22657985489237847f,-0.8500202615585584f,0.4755282581475769f,0f,-0.9367247317240368f,0.05641275087135267f,-0.34549150281252644f,1.5f,0.26684892042779557f,-0.5237204946142995f,-0.8090169943749472f,0f,0f,0f,0f,1f],start_interpolation:0}
execute if entity @s[tag=aj.corrupted_beacon_core.bone.22] run data modify entity @s {} merge value {transformation:[-0.22657985489237847f,-0.8500202615585584f,0.4755282581475769f,0f,-0.9367247317240368f,0.05641275087135267f,-0.34549150281252644f,1.5f,0.26684892042779557f,-0.5237204946142995f,-0.8090169943749472f,0f,0f,0f,0f,1f],start_interpolation:0}
execute if entity @s[tag=aj.corrupted_beacon_core.bone.23] run data modify entity @s {} merge value {transformation:[-0.22657985489237847f,-0.8500202615585584f,0.4755282581475769f,0f,-0.9367247317240368f,0.05641275087135267f,-0.34549150281252644f,1.5f,0.26684892042779557f,-0.5237204946142995f,-0.8090169943749472f,0f,0f,0f,0f,1f],start_interpolation:0}
execute if entity @s[tag=aj.corrupted_beacon_core.bone.24] run data modify entity @s {} merge value {transformation:[-0.22657985489237847f,-0.8500202615585584f,0.4755282581475769f,0f,-0.9367247317240368f,0.05641275087135267f,-0.34549150281252644f,1.5f,0.26684892042779557f,-0.5237204946142995f,-0.8090169943749472f,0f,0f,0f,0f,1f],start_interpolation:0}
execute if entity @s[tag=aj.corrupted_beacon_core.bone.25] run data modify entity @s {} merge value {transformation:[-0.22657985489237847f,-0.8500202615585584f,0.4755282581475769f,0f,-0.9367247317240368f,0.05641275087135267f,-0.34549150281252644f,1.5f,0.26684892042779557f,-0.5237204946142995f,-0.8090169943749472f,0f,0f,0f,0f,1f],start_interpolation:0}
execute if entity @s[tag=aj.corrupted_beacon_core.bone.26] run data modify entity @s {} merge value {transformation:[-0.22657985489237847f,-0.8500202615585584f,0.4755282581475769f,0f,-0.9367247317240368f,0.05641275087135267f,-0.34549150281252644f,1.5f,0.26684892042779557f,-0.5237204946142995f,-0.8090169943749472f,0f,0f,0f,0f,1f],start_interpolation:0}
execute if entity @s[tag=aj.corrupted_beacon_core.bone.27] run data modify entity @s {} merge value {transformation:[-0.8764583333333331f,0.09096917902733796f,0.4763208052444895f,0f,-0.09096917902733796f,0.9355736893655724f,-0.3460673219838807f,1.5f,-0.4763208052444895f,-0.3460673219838806f,-0.8103653560322388f,0f,0f,0f,0f,1f],start_interpolation:0}