execute if entity @s[tag=aj.corrupted_beacon_core.bone.exterior] run data modify entity @s {} merge value {transformation:[-4.940227803873922f,-0.9593923306789149f,-0.9423988548727796f,0f,-0.9423988548727802f,5.029310723730886f,-0.17977219612607823f,1.5025f,0.9593923306789144f,-1.1749167468924524e-16f,-5.029310723730886f,0f,0f,0f,0f,1f],start_interpolation:0}
execute if entity @s[tag=aj.corrupted_beacon_core.bone.1] run data modify entity @s {} merge value {transformation:[-0.984547358438691f,0.00326568269941066f,0.18436904680291055f,0f,-0.00326568269941066f,1.0010437043745455f,-0.03517027665096778f,1.5f,-0.18436904680291055f,-0.03517027665096778f,-0.9839243961465697f,0f,0f,0f,0f,1f],start_interpolation:0}
execute if entity @s[tag=aj.corrupted_beacon_core.bone.2] run data modify entity @s {} merge value {transformation:[-0.984547358438691f,0.00326568269941066f,0.18436904680291055f,0f,-0.00326568269941066f,1.0010437043745455f,-0.03517027665096778f,1.5f,-0.18436904680291055f,-0.03517027665096778f,-0.9839243961465697f,0f,0f,0f,0f,1f],start_interpolation:0}
execute if entity @s[tag=aj.corrupted_beacon_core.bone.3] run data modify entity @s {} merge value {transformation:[0.9445435151303069f,-0.2778159709544818f,0.18436904680291055f,0f,-0.27614627580139467f,-0.962207044825814f,-0.03517027665096778f,1.5f,0.18686062586167101f,-0.017663529695507132f,-0.9839243961465697f,0f,0f,0f,0f,1f],start_interpolation:0}
execute if entity @s[tag=aj.corrupted_beacon_core.bone.4] run data modify entity @s {} merge value {transformation:[-0.049640588994880705f,-0.9833005530438487f,0.18436904680291055f,0f,-1.00008625541527f,0.0438935585350377f,-0.03517027665096778f,1.5f,0.02644626183065801f,-0.18582112101132023f,-0.9839243961465697f,0f,0f,0f,0f,1f],start_interpolation:0}
execute if entity @s[tag=aj.corrupted_beacon_core.bone.5] run data modify entity @s {} merge value {transformation:[-0.049640588994880705f,-0.9833005530438487f,0.18436904680291055f,0f,-1.00008625541527f,0.0438935585350377f,-0.03517027665096778f,1.5f,0.02644626183065801f,-0.18582112101132023f,-0.9839243961465697f,0f,0f,0f,0f,1f],start_interpolation:0}
execute if entity @s[tag=aj.corrupted_beacon_core.bone.6] run data modify entity @s {} merge value {transformation:[-0.049640588994880705f,-0.9833005530438487f,0.18436904680291055f,0f,-1.00008625541527f,0.0438935585350377f,-0.03517027665096778f,1.5f,0.02644626183065801f,-0.18582112101132023f,-0.9839243961465697f,0f,0f,0f,0f,1f],start_interpolation:0}
execute if entity @s[tag=aj.corrupted_beacon_core.bone.7] run data modify entity @s {} merge value {transformation:[0.9445435151303069f,-0.2778159709544818f,0.18436904680291055f,0f,-0.27614627580139467f,-0.962207044825814f,-0.03517027665096778f,1.5f,0.18686062586167101f,-0.017663529695507132f,-0.9839243961465697f,0f,0f,0f,0f,1f],start_interpolation:0}
execute if entity @s[tag=aj.corrupted_beacon_core.bone.8] run data modify entity @s {} merge value {transformation:[0.9445435151303069f,-0.2778159709544818f,0.18436904680291055f,0f,-0.27614627580139467f,-0.962207044825814f,-0.03517027665096778f,1.5f,0.18686062586167101f,-0.017663529695507132f,-0.9839243961465697f,0f,0f,0f,0f,1f],start_interpolation:0}
execute if entity @s[tag=aj.corrupted_beacon_core.bone.9] run data modify entity @s {} merge value {transformation:[-0.9648882429441253f,0.18738131458572557f,0.18406227634234f,0f,0.18406227634233988f,0.9822872507286885f,-0.03511175705587465f,1.5f,-0.18738131458572568f,2.2947592712743208e-17f,-0.9822872507286885f,0f,0f,0f,0f,1f],start_interpolation:0}
execute if entity @s[tag=aj.corrupted_beacon_core.bone.10] run data modify entity @s {} merge value {transformation:[0.9429718953047989f,-0.27735371476320975f,0.18406227634234f,0f,-0.2756867978050529f,-0.9606060347678675f,-0.03511175705587465f,1.5f,0.18654970967887288f,-0.017634139463068684f,-0.9822872507286885f,0f,0f,0f,0f,1f],start_interpolation:0}
execute if entity @s[tag=aj.corrupted_beacon_core.bone.11] run data modify entity @s {} merge value {transformation:[0.9429718953047989f,-0.27735371476320975f,0.18406227634234f,0f,-0.2756867978050529f,-0.9606060347678675f,-0.03511175705587465f,1.5f,0.18654970967887288f,-0.017634139463068684f,-0.9822872507286885f,0f,0f,0f,0f,1f],start_interpolation:0}
execute if entity @s[tag=aj.corrupted_beacon_core.bone.12] run data modify entity @s {} merge value {transformation:[0.9429718953047989f,-0.27735371476320975f,0.18406227634234f,0f,-0.2756867978050529f,-0.9606060347678675f,-0.03511175705587465f,1.5f,0.18654970967887288f,-0.017634139463068684f,-0.9822872507286885f,0f,0f,0f,0f,1f],start_interpolation:0}
execute if entity @s[tag=aj.corrupted_beacon_core.bone.13] run data modify entity @s {} merge value {transformation:[0.9429718953047989f,-0.27735371476320975f,0.18406227634234f,0f,-0.2756867978050529f,-0.9606060347678675f,-0.03511175705587465f,1.5f,0.18654970967887288f,-0.017634139463068684f,-0.9822872507286885f,0f,0f,0f,0f,1f],start_interpolation:0}
execute if entity @s[tag=aj.corrupted_beacon_core.bone.14] run data modify entity @s {} merge value {transformation:[0.9429718953047989f,-0.27735371476320975f,0.18406227634234f,0f,-0.2756867978050529f,-0.9606060347678675f,-0.03511175705587465f,1.5f,0.18654970967887288f,-0.017634139463068684f,-0.9822872507286885f,0f,0f,0f,0f,1f],start_interpolation:0}
execute if entity @s[tag=aj.corrupted_beacon_core.bone.15] run data modify entity @s {} merge value {transformation:[-0.9829091764778944f,0.0032602489511587285f,0.18406227634234f,0f,-0.0032602489511587285f,0.9993780742507941f,-0.03511175705587465f,1.5f,-0.18406227634234f,-0.03511175705587465f,-0.9822872507286885f,0f,0f,0f,0f,1f],start_interpolation:0}
execute if entity @s[tag=aj.corrupted_beacon_core.bone.16] run data modify entity @s {} merge value {transformation:[-0.9829091764778944f,0.0032602489511587285f,0.18406227634234f,0f,-0.0032602489511587285f,0.9993780742507941f,-0.03511175705587465f,1.5f,-0.18406227634234f,-0.03511175705587465f,-0.9822872507286885f,0f,0f,0f,0f,1f],start_interpolation:0}
execute if entity @s[tag=aj.corrupted_beacon_core.bone.17] run data modify entity @s {} merge value {transformation:[-0.9829091764778944f,0.0032602489511587285f,0.18406227634234f,0f,-0.0032602489511587285f,0.9993780742507941f,-0.03511175705587465f,1.5f,-0.18406227634234f,-0.03511175705587465f,-0.9822872507286885f,0f,0f,0f,0f,1f],start_interpolation:0}
execute if entity @s[tag=aj.corrupted_beacon_core.bone.18] run data modify entity @s {} merge value {transformation:[-0.9829091764778944f,0.0032602489511587285f,0.18406227634234f,0f,-0.0032602489511587285f,0.9993780742507941f,-0.03511175705587465f,1.5f,-0.18406227634234f,-0.03511175705587465f,-0.9822872507286885f,0f,0f,0f,0f,1f],start_interpolation:0}
execute if entity @s[tag=aj.corrupted_beacon_core.bone.19] run data modify entity @s {} merge value {transformation:[-0.9829091764778944f,0.0032602489511587285f,0.18406227634234f,0f,-0.0032602489511587285f,0.9993780742507941f,-0.03511175705587465f,1.5f,-0.18406227634234f,-0.03511175705587465f,-0.9822872507286885f,0f,0f,0f,0f,1f],start_interpolation:0}
execute if entity @s[tag=aj.corrupted_beacon_core.bone.20] run data modify entity @s {} merge value {transformation:[-0.9829091764778944f,0.0032602489511587285f,0.18406227634234f,0f,-0.0032602489511587285f,0.9993780742507941f,-0.03511175705587465f,1.5f,-0.18406227634234f,-0.03511175705587465f,-0.9822872507286885f,0f,0f,0f,0f,1f],start_interpolation:0}
execute if entity @s[tag=aj.corrupted_beacon_core.bone.21] run data modify entity @s {} merge value {transformation:[-0.04955799234097907f,-0.9816644456344579f,0.18406227634234f,0f,-0.9984222183846291f,0.043820524327824656f,-0.03511175705587465f,1.5f,0.026402258067212653f,-0.18551193445389705f,-0.9822872507286885f,0f,0f,0f,0f,1f],start_interpolation:0}
execute if entity @s[tag=aj.corrupted_beacon_core.bone.22] run data modify entity @s {} merge value {transformation:[-0.04955799234097907f,-0.9816644456344579f,0.18406227634234f,0f,-0.9984222183846291f,0.043820524327824656f,-0.03511175705587465f,1.5f,0.026402258067212653f,-0.18551193445389705f,-0.9822872507286885f,0f,0f,0f,0f,1f],start_interpolation:0}
execute if entity @s[tag=aj.corrupted_beacon_core.bone.23] run data modify entity @s {} merge value {transformation:[-0.04955799234097907f,-0.9816644456344579f,0.18406227634234f,0f,-0.9984222183846291f,0.043820524327824656f,-0.03511175705587465f,1.5f,0.026402258067212653f,-0.18551193445389705f,-0.9822872507286885f,0f,0f,0f,0f,1f],start_interpolation:0}
execute if entity @s[tag=aj.corrupted_beacon_core.bone.24] run data modify entity @s {} merge value {transformation:[-0.04955799234097907f,-0.9816644456344579f,0.18406227634234f,0f,-0.9984222183846291f,0.043820524327824656f,-0.03511175705587465f,1.5f,0.026402258067212653f,-0.18551193445389705f,-0.9822872507286885f,0f,0f,0f,0f,1f],start_interpolation:0}
execute if entity @s[tag=aj.corrupted_beacon_core.bone.25] run data modify entity @s {} merge value {transformation:[-0.04955799234097907f,-0.9816644456344579f,0.18406227634234f,0f,-0.9984222183846291f,0.043820524327824656f,-0.03511175705587465f,1.5f,0.026402258067212653f,-0.18551193445389705f,-0.9822872507286885f,0f,0f,0f,0f,1f],start_interpolation:0}
execute if entity @s[tag=aj.corrupted_beacon_core.bone.26] run data modify entity @s {} merge value {transformation:[-0.04955799234097907f,-0.9816644456344579f,0.18406227634234f,0f,-0.9984222183846291f,0.043820524327824656f,-0.03511175705587465f,1.5f,0.026402258067212653f,-0.18551193445389705f,-0.9822872507286885f,0f,0f,0f,0f,1f],start_interpolation:0}
execute if entity @s[tag=aj.corrupted_beacon_core.bone.27] run data modify entity @s {} merge value {transformation:[-0.984547358438691f,0.00326568269941066f,0.18436904680291055f,0f,-0.00326568269941066f,1.0010437043745455f,-0.03517027665096778f,1.5f,-0.18436904680291055f,-0.03517027665096778f,-0.9839243961465697f,0f,0f,0f,0f,1f],start_interpolation:0}