execute if entity @s[tag=aj.corrupted_beacon_core.bone.exterior] run data modify entity @s {} merge value {transformation:[-3.0396961653394516f,-3.2636108275132942f,-2.5146553618654433f,0f,-2.514655361865444f,3.9450278030120387f,-2.080303834660549f,1.5025f,3.263610827513294f,-5.417856025097001e-16f,-3.945027803012039f,0f,0f,0f,0f,1f],start_interpolation:0}
execute if entity @s[tag=aj.corrupted_beacon_core.bone.1] run data modify entity @s {} merge value {transformation:[-0.8651954493573232f,0.1128988095127334f,0.49196219807328523f,0f,-0.11289880951273334f,0.908268648823092f,-0.4069865249449837f,1.5f,-0.4919621980732852f,-0.4069865249449837f,-0.7717974315137484f,0f,0f,0f,0f,1f],start_interpolation:0}
execute if entity @s[tag=aj.corrupted_beacon_core.bone.2] run data modify entity @s {} merge value {transformation:[-0.8651954493573232f,0.1128988095127334f,0.49196219807328523f,0f,-0.11289880951273334f,0.908268648823092f,-0.4069865249449837f,1.5f,-0.4919621980732852f,-0.4069865249449837f,-0.7717974315137484f,0f,0f,0f,0f,1f],start_interpolation:0}
execute if entity @s[tag=aj.corrupted_beacon_core.bone.3] run data modify entity @s {} merge value {transformation:[0.34324356629530733f,-0.8021802546653038f,0.49196219807328523f,0f,-0.7243148280212286f,-0.5595231090249049f,-0.4069865249449837f,1.5f,0.6007395402473258f,-0.21627954272959748f,-0.7717974315137484f,0f,0f,0f,0f,1f],start_interpolation:0}
execute if entity @s[tag=aj.corrupted_beacon_core.bone.4] run data modify entity @s {} merge value {transformation:[-0.25996994533660966f,-0.8329015153664286f,0.49196219807328523f,0f,-0.9141545073517637f,0.04494014144138495f,-0.4069865249449837f,1.5f,0.316343603256405f,-0.5546093764972302f,-0.7717974315137484f,0f,0f,0f,0f,1f],start_interpolation:0}
execute if entity @s[tag=aj.corrupted_beacon_core.bone.5] run data modify entity @s {} merge value {transformation:[-0.25996994533660966f,-0.8329015153664286f,0.49196219807328523f,0f,-0.9141545073517637f,0.04494014144138495f,-0.4069865249449837f,1.5f,0.316343603256405f,-0.5546093764972302f,-0.7717974315137484f,0f,0f,0f,0f,1f],start_interpolation:0}
execute if entity @s[tag=aj.corrupted_beacon_core.bone.6] run data modify entity @s {} merge value {transformation:[-0.25996994533660966f,-0.8329015153664286f,0.49196219807328523f,0f,-0.9141545073517637f,0.04494014144138495f,-0.4069865249449837f,1.5f,0.316343603256405f,-0.5546093764972302f,-0.7717974315137484f,0f,0f,0f,0f,1f],start_interpolation:0}
execute if entity @s[tag=aj.corrupted_beacon_core.bone.7] run data modify entity @s {} merge value {transformation:[0.34324356629530733f,-0.8021802546653038f,0.49196219807328523f,0f,-0.7243148280212286f,-0.5595231090249049f,-0.4069865249449837f,1.5f,0.6007395402473258f,-0.21627954272959748f,-0.7717974315137484f,0f,0f,0f,0f,1f],start_interpolation:0}
execute if entity @s[tag=aj.corrupted_beacon_core.bone.8] run data modify entity @s {} merge value {transformation:[0.34324356629530733f,-0.8021802546653038f,0.49196219807328523f,0f,-0.7243148280212286f,-0.5595231090249049f,-0.4069865249449837f,1.5f,0.6007395402473258f,-0.21627954272959748f,-0.7717974315137484f,0f,0f,0f,0f,1f],start_interpolation:0}
execute if entity @s[tag=aj.corrupted_beacon_core.bone.9] run data modify entity @s {} merge value {transformation:[-0.5936906572928614f,0.6374239897486903f,0.49114362536434464f,0f,0.4911436253643445f,0.7705132427757888f,-0.4063093427071385f,1.5f,-0.6374239897486904f,5.0306349258917974e-17f,-0.7705132427757887f,0f,0f,0f,0f,1f],start_interpolation:0}
execute if entity @s[tag=aj.corrupted_beacon_core.bone.10] run data modify entity @s {} merge value {transformation:[0.3426724455527195f,-0.800845512145062f,0.49114362536434464f,0f,-0.7231096452790967f,-0.5585921221546472f,-0.4063093427071385f,1.5f,0.5997399736246181f,-0.2159196766019276f,-0.7705132427757887f,0f,0f,0f,0f,1f],start_interpolation:0}
execute if entity @s[tag=aj.corrupted_beacon_core.bone.11] run data modify entity @s {} merge value {transformation:[0.3426724455527195f,-0.800845512145062f,0.49114362536434464f,0f,-0.7231096452790967f,-0.5585921221546472f,-0.4063093427071385f,1.5f,0.5997399736246181f,-0.2159196766019276f,-0.7705132427757887f,0f,0f,0f,0f,1f],start_interpolation:0}
execute if entity @s[tag=aj.corrupted_beacon_core.bone.12] run data modify entity @s {} merge value {transformation:[0.3426724455527195f,-0.800845512145062f,0.49114362536434464f,0f,-0.7231096452790967f,-0.5585921221546472f,-0.4063093427071385f,1.5f,0.5997399736246181f,-0.2159196766019276f,-0.7705132427757887f,0f,0f,0f,0f,1f],start_interpolation:0}
execute if entity @s[tag=aj.corrupted_beacon_core.bone.13] run data modify entity @s {} merge value {transformation:[0.3426724455527195f,-0.800845512145062f,0.49114362536434464f,0f,-0.7231096452790967f,-0.5585921221546472f,-0.4063093427071385f,1.5f,0.5997399736246181f,-0.2159196766019276f,-0.7705132427757887f,0f,0f,0f,0f,1f],start_interpolation:0}
execute if entity @s[tag=aj.corrupted_beacon_core.bone.14] run data modify entity @s {} merge value {transformation:[0.3426724455527195f,-0.800845512145062f,0.49114362536434464f,0f,-0.7231096452790967f,-0.5585921221546472f,-0.4063093427071385f,1.5f,0.5997399736246181f,-0.2159196766019276f,-0.7705132427757887f,0f,0f,0f,0f,1f],start_interpolation:0}
execute if entity @s[tag=aj.corrupted_beacon_core.bone.15] run data modify entity @s {} merge value {transformation:[-0.8637558562635506f,0.11271095791620639f,0.49114362536434464f,0f,-0.11271095791620633f,0.9067573865122383f,-0.4063093427071385f,1.5f,-0.4911436253643446f,-0.4063093427071385f,-0.7705132427757887f,0f,0f,0f,0f,1f],start_interpolation:0}
execute if entity @s[tag=aj.corrupted_beacon_core.bone.16] run data modify entity @s {} merge value {transformation:[-0.8637558562635506f,0.11271095791620639f,0.49114362536434464f,0f,-0.11271095791620633f,0.9067573865122383f,-0.4063093427071385f,1.5f,-0.4911436253643446f,-0.4063093427071385f,-0.7705132427757887f,0f,0f,0f,0f,1f],start_interpolation:0}
execute if entity @s[tag=aj.corrupted_beacon_core.bone.17] run data modify entity @s {} merge value {transformation:[-0.8637558562635506f,0.11271095791620639f,0.49114362536434464f,0f,-0.11271095791620633f,0.9067573865122383f,-0.4063093427071385f,1.5f,-0.4911436253643446f,-0.4063093427071385f,-0.7705132427757887f,0f,0f,0f,0f,1f],start_interpolation:0}
execute if entity @s[tag=aj.corrupted_beacon_core.bone.18] run data modify entity @s {} merge value {transformation:[-0.8637558562635506f,0.11271095791620639f,0.49114362536434464f,0f,-0.11271095791620633f,0.9067573865122383f,-0.4063093427071385f,1.5f,-0.4911436253643446f,-0.4063093427071385f,-0.7705132427757887f,0f,0f,0f,0f,1f],start_interpolation:0}
execute if entity @s[tag=aj.corrupted_beacon_core.bone.19] run data modify entity @s {} merge value {transformation:[-0.8637558562635506f,0.11271095791620639f,0.49114362536434464f,0f,-0.11271095791620633f,0.9067573865122383f,-0.4063093427071385f,1.5f,-0.4911436253643446f,-0.4063093427071385f,-0.7705132427757887f,0f,0f,0f,0f,1f],start_interpolation:0}
execute if entity @s[tag=aj.corrupted_beacon_core.bone.20] run data modify entity @s {} merge value {transformation:[-0.8637558562635506f,0.11271095791620639f,0.49114362536434464f,0f,-0.11271095791620633f,0.9067573865122383f,-0.4063093427071385f,1.5f,-0.4911436253643446f,-0.4063093427071385f,-0.7705132427757887f,0f,0f,0f,0f,1f],start_interpolation:0}
execute if entity @s[tag=aj.corrupted_beacon_core.bone.21] run data modify entity @s {} merge value {transformation:[-0.25953738303155705f,-0.8315156559398622f,0.49114362536434464f,0f,-0.9126334515990986f,0.044865365831665505f,-0.4063093427071385f,1.5f,0.3158172411877587f,-0.5536865655546391f,-0.7705132427757887f,0f,0f,0f,0f,1f],start_interpolation:0}
execute if entity @s[tag=aj.corrupted_beacon_core.bone.22] run data modify entity @s {} merge value {transformation:[-0.25953738303155705f,-0.8315156559398622f,0.49114362536434464f,0f,-0.9126334515990986f,0.044865365831665505f,-0.4063093427071385f,1.5f,0.3158172411877587f,-0.5536865655546391f,-0.7705132427757887f,0f,0f,0f,0f,1f],start_interpolation:0}
execute if entity @s[tag=aj.corrupted_beacon_core.bone.23] run data modify entity @s {} merge value {transformation:[-0.25953738303155705f,-0.8315156559398622f,0.49114362536434464f,0f,-0.9126334515990986f,0.044865365831665505f,-0.4063093427071385f,1.5f,0.3158172411877587f,-0.5536865655546391f,-0.7705132427757887f,0f,0f,0f,0f,1f],start_interpolation:0}
execute if entity @s[tag=aj.corrupted_beacon_core.bone.24] run data modify entity @s {} merge value {transformation:[-0.25953738303155705f,-0.8315156559398622f,0.49114362536434464f,0f,-0.9126334515990986f,0.044865365831665505f,-0.4063093427071385f,1.5f,0.3158172411877587f,-0.5536865655546391f,-0.7705132427757887f,0f,0f,0f,0f,1f],start_interpolation:0}
execute if entity @s[tag=aj.corrupted_beacon_core.bone.25] run data modify entity @s {} merge value {transformation:[-0.25953738303155705f,-0.8315156559398622f,0.49114362536434464f,0f,-0.9126334515990986f,0.044865365831665505f,-0.4063093427071385f,1.5f,0.3158172411877587f,-0.5536865655546391f,-0.7705132427757887f,0f,0f,0f,0f,1f],start_interpolation:0}
execute if entity @s[tag=aj.corrupted_beacon_core.bone.26] run data modify entity @s {} merge value {transformation:[-0.25953738303155705f,-0.8315156559398622f,0.49114362536434464f,0f,-0.9126334515990986f,0.044865365831665505f,-0.4063093427071385f,1.5f,0.3158172411877587f,-0.5536865655546391f,-0.7705132427757887f,0f,0f,0f,0f,1f],start_interpolation:0}
execute if entity @s[tag=aj.corrupted_beacon_core.bone.27] run data modify entity @s {} merge value {transformation:[-0.8651954493573232f,0.1128988095127334f,0.49196219807328523f,0f,-0.11289880951273334f,0.908268648823092f,-0.4069865249449837f,1.5f,-0.4919621980732852f,-0.4069865249449837f,-0.7717974315137484f,0f,0f,0f,0f,1f],start_interpolation:0}