execute if entity @s[tag=aj.corrupted_beacon_core.bone.exterior] run data modify entity @s {} merge value {transformation:[-2.080303834660546f,-3.945027803012041f,2.514655361865442f,0f,2.5146553618654424f,-3.2636108275132902f,-3.0396961653394556f,1.5025f,3.945027803012041f,-7.673436614546411e-16f,3.263610827513291f,0f,0f,0f,0f,1f],start_interpolation:0}
execute if entity @s[tag=aj.corrupted_beacon_core.bone.1] run data modify entity @s {} merge value {transformation:[-0.3352571672172982f,-0.8055507051746932f,-0.49196219807328484f,0f,0.8055507051746931f,0.02792313638443084f,-0.5946801417216838f,1.5f,0.49196219807328473f,-0.5946801417216837f,0.6384863630649372f,0f,0f,0f,0f,1f],start_interpolation:0}
execute if entity @s[tag=aj.corrupted_beacon_core.bone.2] run data modify entity @s {} merge value {transformation:[-0.3352571672172982f,-0.8055507051746932f,-0.49196219807328484f,0f,0.8055507051746931f,0.02792313638443084f,-0.5946801417216838f,1.5f,0.49196219807328473f,-0.5946801417216837f,0.6384863630649372f,0f,0f,0f,0f,1f],start_interpolation:0}
execute if entity @s[tag=aj.corrupted_beacon_core.bone.3] run data modify entity @s {} merge value {transformation:[-0.5250567607898243f,-0.6968677813810236f,-0.49196219807328484f,0f,0.7871870501042351f,-0.17328643426760545f,-0.5946801417216838f,1.5f,0.3286153636216666f,-0.6983431950574299f,0.6384863630649372f,0f,0f,0f,0f,1f],start_interpolation:0}
execute if entity @s[tag=aj.corrupted_beacon_core.bone.4] run data modify entity @s {} merge value {transformation:[0.5005091823830515f,-0.7147026410530901f,-0.49196219807328484f,0f,0.40805936872985f,0.6951109204614649f,-0.5946801417216838f,1.5f,0.7657115782415442f,0.09673186774824265f,0.6384863630649372f,0f,0f,0f,0f,1f],start_interpolation:0}
execute if entity @s[tag=aj.corrupted_beacon_core.bone.5] run data modify entity @s {} merge value {transformation:[0.5005091823830515f,-0.7147026410530901f,-0.49196219807328484f,0f,0.40805936872985f,0.6951109204614649f,-0.5946801417216838f,1.5f,0.7657115782415442f,0.09673186774824265f,0.6384863630649372f,0f,0f,0f,0f,1f],start_interpolation:0}
execute if entity @s[tag=aj.corrupted_beacon_core.bone.6] run data modify entity @s {} merge value {transformation:[0.5005091823830515f,-0.7147026410530901f,-0.49196219807328484f,0f,0.40805936872985f,0.6951109204614649f,-0.5946801417216838f,1.5f,0.7657115782415442f,0.09673186774824265f,0.6384863630649372f,0f,0f,0f,0f,1f],start_interpolation:0}
execute if entity @s[tag=aj.corrupted_beacon_core.bone.7] run data modify entity @s {} merge value {transformation:[-0.5250567607898243f,-0.6968677813810236f,-0.49196219807328484f,0f,0.7871870501042351f,-0.17328643426760545f,-0.5946801417216838f,1.5f,0.3286153636216666f,-0.6983431950574299f,0.6384863630649372f,0f,0f,0f,0f,1f],start_interpolation:0}
execute if entity @s[tag=aj.corrupted_beacon_core.bone.8] run data modify entity @s {} merge value {transformation:[-0.5250567607898243f,-0.6968677813810236f,-0.49196219807328484f,0f,0.7871870501042351f,-0.17328643426760545f,-0.5946801417216838f,1.5f,0.3286153636216666f,-0.6983431950574299f,0.6384863630649372f,0f,0f,0f,0f,1f],start_interpolation:0}
execute if entity @s[tag=aj.corrupted_beacon_core.bone.9] run data modify entity @s {} merge value {transformation:[-0.4063093427071376f,0.7705132427757893f,-0.49114362536434425f,0f,-0.4911436253643442f,-0.6374239897486895f,-0.5936906572928624f,1.5f,-0.7705132427757893f,3.884950641534395e-17f,0.6374239897486894f,0f,0f,0f,0f,1f],start_interpolation:0}
execute if entity @s[tag=aj.corrupted_beacon_core.bone.10] run data modify entity @s {} merge value {transformation:[-0.5241831222527364f,-0.6957082676016874f,-0.49114362536434425f,0f,0.7858772546797688f,-0.17299810409411526f,-0.5936906572928624f,1.5f,0.3280685826505823f,-0.6971812263468518f,0.6374239897486894f,0f,0f,0f,0f,1f],start_interpolation:0}
execute if entity @s[tag=aj.corrupted_beacon_core.bone.11] run data modify entity @s {} merge value {transformation:[-0.5241831222527364f,-0.6957082676016874f,-0.49114362536434425f,0f,0.7858772546797688f,-0.17299810409411526f,-0.5936906572928624f,1.5f,0.3280685826505823f,-0.6971812263468518f,0.6374239897486894f,0f,0f,0f,0f,1f],start_interpolation:0}
execute if entity @s[tag=aj.corrupted_beacon_core.bone.12] run data modify entity @s {} merge value {transformation:[-0.5241831222527364f,-0.6957082676016874f,-0.49114362536434425f,0f,0.7858772546797688f,-0.17299810409411526f,-0.5936906572928624f,1.5f,0.3280685826505823f,-0.6971812263468518f,0.6374239897486894f,0f,0f,0f,0f,1f],start_interpolation:0}
execute if entity @s[tag=aj.corrupted_beacon_core.bone.13] run data modify entity @s {} merge value {transformation:[-0.5241831222527364f,-0.6957082676016874f,-0.49114362536434425f,0f,0.7858772546797688f,-0.17299810409411526f,-0.5936906572928624f,1.5f,0.3280685826505823f,-0.6971812263468518f,0.6374239897486894f,0f,0f,0f,0f,1f],start_interpolation:0}
execute if entity @s[tag=aj.corrupted_beacon_core.bone.14] run data modify entity @s {} merge value {transformation:[-0.5241831222527364f,-0.6957082676016874f,-0.49114362536434425f,0f,0.7858772546797688f,-0.17299810409411526f,-0.5936906572928624f,1.5f,0.3280685826505823f,-0.6971812263468518f,0.6374239897486894f,0f,0f,0f,0f,1f],start_interpolation:0}
execute if entity @s[tag=aj.corrupted_beacon_core.bone.15] run data modify entity @s {} merge value {transformation:[-0.334699334992311f,-0.8042103545837203f,-0.49114362536434425f,0f,0.8042103545837201f,0.027876675258999173f,-0.5936906572928624f,1.5f,0.49114362536434414f,-0.5936906572928623f,0.6374239897486894f,0f,0f,0f,0f,1f],start_interpolation:0}
execute if entity @s[tag=aj.corrupted_beacon_core.bone.16] run data modify entity @s {} merge value {transformation:[-0.334699334992311f,-0.8042103545837203f,-0.49114362536434425f,0f,0.8042103545837201f,0.027876675258999173f,-0.5936906572928624f,1.5f,0.49114362536434414f,-0.5936906572928623f,0.6374239897486894f,0f,0f,0f,0f,1f],start_interpolation:0}
execute if entity @s[tag=aj.corrupted_beacon_core.bone.17] run data modify entity @s {} merge value {transformation:[-0.334699334992311f,-0.8042103545837203f,-0.49114362536434425f,0f,0.8042103545837201f,0.027876675258999173f,-0.5936906572928624f,1.5f,0.49114362536434414f,-0.5936906572928623f,0.6374239897486894f,0f,0f,0f,0f,1f],start_interpolation:0}
execute if entity @s[tag=aj.corrupted_beacon_core.bone.18] run data modify entity @s {} merge value {transformation:[-0.334699334992311f,-0.8042103545837203f,-0.49114362536434425f,0f,0.8042103545837201f,0.027876675258999173f,-0.5936906572928624f,1.5f,0.49114362536434414f,-0.5936906572928623f,0.6374239897486894f,0f,0f,0f,0f,1f],start_interpolation:0}
execute if entity @s[tag=aj.corrupted_beacon_core.bone.19] run data modify entity @s {} merge value {transformation:[-0.334699334992311f,-0.8042103545837203f,-0.49114362536434425f,0f,0.8042103545837201f,0.027876675258999173f,-0.5936906572928624f,1.5f,0.49114362536434414f,-0.5936906572928623f,0.6374239897486894f,0f,0f,0f,0f,1f],start_interpolation:0}
execute if entity @s[tag=aj.corrupted_beacon_core.bone.20] run data modify entity @s {} merge value {transformation:[-0.334699334992311f,-0.8042103545837203f,-0.49114362536434425f,0f,0.8042103545837201f,0.027876675258999173f,-0.5936906572928624f,1.5f,0.49114362536434414f,-0.5936906572928623f,0.6374239897486894f,0f,0f,0f,0f,1f],start_interpolation:0}
execute if entity @s[tag=aj.corrupted_beacon_core.bone.21] run data modify entity @s {} merge value {transformation:[0.49967638840238093f,-0.7135134519664793f,-0.49114362536434425f,0f,0.407380401394193f,0.6939543299116122f,-0.5936906572928624f,1.5f,0.7644375157153519f,0.0965709162212073f,0.6374239897486894f,0f,0f,0f,0f,1f],start_interpolation:0}
execute if entity @s[tag=aj.corrupted_beacon_core.bone.22] run data modify entity @s {} merge value {transformation:[0.49967638840238093f,-0.7135134519664793f,-0.49114362536434425f,0f,0.407380401394193f,0.6939543299116122f,-0.5936906572928624f,1.5f,0.7644375157153519f,0.0965709162212073f,0.6374239897486894f,0f,0f,0f,0f,1f],start_interpolation:0}
execute if entity @s[tag=aj.corrupted_beacon_core.bone.23] run data modify entity @s {} merge value {transformation:[0.49967638840238093f,-0.7135134519664793f,-0.49114362536434425f,0f,0.407380401394193f,0.6939543299116122f,-0.5936906572928624f,1.5f,0.7644375157153519f,0.0965709162212073f,0.6374239897486894f,0f,0f,0f,0f,1f],start_interpolation:0}
execute if entity @s[tag=aj.corrupted_beacon_core.bone.24] run data modify entity @s {} merge value {transformation:[0.49967638840238093f,-0.7135134519664793f,-0.49114362536434425f,0f,0.407380401394193f,0.6939543299116122f,-0.5936906572928624f,1.5f,0.7644375157153519f,0.0965709162212073f,0.6374239897486894f,0f,0f,0f,0f,1f],start_interpolation:0}
execute if entity @s[tag=aj.corrupted_beacon_core.bone.25] run data modify entity @s {} merge value {transformation:[0.49967638840238093f,-0.7135134519664793f,-0.49114362536434425f,0f,0.407380401394193f,0.6939543299116122f,-0.5936906572928624f,1.5f,0.7644375157153519f,0.0965709162212073f,0.6374239897486894f,0f,0f,0f,0f,1f],start_interpolation:0}
execute if entity @s[tag=aj.corrupted_beacon_core.bone.26] run data modify entity @s {} merge value {transformation:[0.49967638840238093f,-0.7135134519664793f,-0.49114362536434425f,0f,0.407380401394193f,0.6939543299116122f,-0.5936906572928624f,1.5f,0.7644375157153519f,0.0965709162212073f,0.6374239897486894f,0f,0f,0f,0f,1f],start_interpolation:0}
execute if entity @s[tag=aj.corrupted_beacon_core.bone.27] run data modify entity @s {} merge value {transformation:[-0.3352571672172982f,-0.8055507051746932f,-0.49196219807328484f,0f,0.8055507051746931f,0.02792313638443084f,-0.5946801417216838f,1.5f,0.49196219807328473f,-0.5946801417216837f,0.6384863630649372f,0f,0f,0f,0f,1f],start_interpolation:0}