execute if entity @s[tag=aj.corrupted_beacon_core.bone.exterior] run data modify entity @s {} merge value {transformation:[-0.4889164944001345f,-4.869409363431187f,-1.5047302458687302f,0f,-1.5047302458687304f,1.5821670111997292f,-4.631083505599867f,1.5025f,4.869409363431187f,-8.805477533704555e-16f,-1.5821670111997295f,0f,0f,0f,0f,1f],start_interpolation:0}
execute if entity @s[tag=aj.corrupted_beacon_core.bone.1] run data modify entity @s {} merge value {transformation:[-0.9355736893655724f,0.20341326816247568f,0.29438244718981355f,0f,-0.20341326816247562f,0.37562499999999965f,-0.9060160113494531f,1.5f,-0.29438244718981343f,-0.906016011349453f,-0.30953202269890534f,0f,0f,0f,0f,1f],start_interpolation:0}
execute if entity @s[tag=aj.corrupted_beacon_core.bone.2] run data modify entity @s {} merge value {transformation:[-0.9355736893655724f,0.20341326816247568f,0.29438244718981355f,0f,-0.20341326816247562f,0.37562499999999965f,-0.9060160113494531f,1.5f,-0.29438244718981343f,-0.906016011349453f,-0.30953202269890534f,0f,0f,0f,0f,1f],start_interpolation:0}
execute if entity @s[tag=aj.corrupted_beacon_core.bone.3] run data modify entity @s {} merge value {transformation:[-0.4825656836908462f,-0.8269252970018717f,0.29438244718981355f,0f,-0.4200987606769201f,-0.07738300567472621f,-0.9060160113494531f,1.5f,0.7707032524343029f,-0.5599486893655724f,-0.30953202269890534f,0f,0f,0f,0f,1f],start_interpolation:0}
execute if entity @s[tag=aj.corrupted_beacon_core.bone.4] run data modify entity @s {} merge value {transformation:[-0.482565683690846f,-0.8269252970018721f,0.29438244718981355f,0f,-0.4200987606769202f,-0.07738300567472638f,-0.9060160113494531f,1.5f,0.7707032524343034f,-0.5599486893655723f,-0.30953202269890534f,0f,0f,0f,0f,1f],start_interpolation:0}
execute if entity @s[tag=aj.corrupted_beacon_core.bone.5] run data modify entity @s {} merge value {transformation:[-0.482565683690846f,-0.8269252970018721f,0.29438244718981355f,0f,-0.4200987606769202f,-0.07738300567472638f,-0.9060160113494531f,1.5f,0.7707032524343034f,-0.5599486893655723f,-0.30953202269890534f,0f,0f,0f,0f,1f],start_interpolation:0}
execute if entity @s[tag=aj.corrupted_beacon_core.bone.6] run data modify entity @s {} merge value {transformation:[-0.482565683690846f,-0.8269252970018721f,0.29438244718981355f,0f,-0.4200987606769202f,-0.07738300567472638f,-0.9060160113494531f,1.5f,0.7707032524343034f,-0.5599486893655723f,-0.30953202269890534f,0f,0f,0f,0f,1f],start_interpolation:0}
execute if entity @s[tag=aj.corrupted_beacon_core.bone.7] run data modify entity @s {} merge value {transformation:[-0.4825656836908462f,-0.8269252970018717f,0.29438244718981355f,0f,-0.4200987606769201f,-0.07738300567472621f,-0.9060160113494531f,1.5f,0.7707032524343029f,-0.5599486893655724f,-0.30953202269890534f,0f,0f,0f,0f,1f],start_interpolation:0}
execute if entity @s[tag=aj.corrupted_beacon_core.bone.8] run data modify entity @s {} merge value {transformation:[-0.4825656836908462f,-0.8269252970018717f,0.29438244718981355f,0f,-0.4200987606769201f,-0.07738300567472621f,-0.9060160113494531f,1.5f,0.7707032524343029f,-0.5599486893655724f,-0.30953202269890534f,0f,0f,0f,0f,1f],start_interpolation:0}
execute if entity @s[tag=aj.corrupted_beacon_core.bone.9] run data modify entity @s {} merge value {transformation:[-0.09549150281252605f,0.9510565162951536f,0.29389262614623646f,0f,0.2938926261462364f,0.3090169943749471f,-0.904508497187474f,1.5f,-0.9510565162951536f,6.095968061765143e-17f,-0.30901699437494706f,0f,0f,0f,0f,1f],start_interpolation:0}
execute if entity @s[tag=aj.corrupted_beacon_core.bone.10] run data modify entity @s {} merge value {transformation:[-0.4817627457812108f,-0.8255493813662612f,0.29389262614623646f,0f,-0.4193997610751282f,-0.07725424859373664f,-0.904508497187474f,1.5f,0.7694208842938132f,-0.5590169943749475f,-0.30901699437494706f,0f,0f,0f,0f,1f],start_interpolation:0}
execute if entity @s[tag=aj.corrupted_beacon_core.bone.11] run data modify entity @s {} merge value {transformation:[-0.4817627457812108f,-0.8255493813662612f,0.29389262614623646f,0f,-0.4193997610751282f,-0.07725424859373664f,-0.904508497187474f,1.5f,0.7694208842938132f,-0.5590169943749475f,-0.30901699437494706f,0f,0f,0f,0f,1f],start_interpolation:0}
execute if entity @s[tag=aj.corrupted_beacon_core.bone.12] run data modify entity @s {} merge value {transformation:[-0.4817627457812108f,-0.8255493813662612f,0.29389262614623646f,0f,-0.4193997610751282f,-0.07725424859373664f,-0.904508497187474f,1.5f,0.7694208842938132f,-0.5590169943749475f,-0.30901699437494706f,0f,0f,0f,0f,1f],start_interpolation:0}
execute if entity @s[tag=aj.corrupted_beacon_core.bone.13] run data modify entity @s {} merge value {transformation:[-0.4817627457812108f,-0.8255493813662612f,0.29389262614623646f,0f,-0.4193997610751282f,-0.07725424859373664f,-0.904508497187474f,1.5f,0.7694208842938132f,-0.5590169943749475f,-0.30901699437494706f,0f,0f,0f,0f,1f],start_interpolation:0}
execute if entity @s[tag=aj.corrupted_beacon_core.bone.14] run data modify entity @s {} merge value {transformation:[-0.4817627457812108f,-0.8255493813662612f,0.29389262614623646f,0f,-0.4193997610751282f,-0.07725424859373664f,-0.904508497187474f,1.5f,0.7694208842938132f,-0.5590169943749475f,-0.30901699437494706f,0f,0f,0f,0f,1f],start_interpolation:0}
execute if entity @s[tag=aj.corrupted_beacon_core.bone.15] run data modify entity @s {} merge value {transformation:[-0.9340169943749475f,0.2030748101455664f,0.29389262614623646f,0f,-0.20307481014556633f,0.37499999999999967f,-0.904508497187474f,1.5f,-0.29389262614623635f,-0.9045084971874738f,-0.30901699437494706f,0f,0f,0f,0f,1f],start_interpolation:0}
execute if entity @s[tag=aj.corrupted_beacon_core.bone.16] run data modify entity @s {} merge value {transformation:[-0.9340169943749475f,0.2030748101455664f,0.29389262614623646f,0f,-0.20307481014556633f,0.37499999999999967f,-0.904508497187474f,1.5f,-0.29389262614623635f,-0.9045084971874738f,-0.30901699437494706f,0f,0f,0f,0f,1f],start_interpolation:0}
execute if entity @s[tag=aj.corrupted_beacon_core.bone.17] run data modify entity @s {} merge value {transformation:[-0.9340169943749475f,0.2030748101455664f,0.29389262614623646f,0f,-0.20307481014556633f,0.37499999999999967f,-0.904508497187474f,1.5f,-0.29389262614623635f,-0.9045084971874738f,-0.30901699437494706f,0f,0f,0f,0f,1f],start_interpolation:0}
execute if entity @s[tag=aj.corrupted_beacon_core.bone.18] run data modify entity @s {} merge value {transformation:[-0.9340169943749475f,0.2030748101455664f,0.29389262614623646f,0f,-0.20307481014556633f,0.37499999999999967f,-0.904508497187474f,1.5f,-0.29389262614623635f,-0.9045084971874738f,-0.30901699437494706f,0f,0f,0f,0f,1f],start_interpolation:0}
execute if entity @s[tag=aj.corrupted_beacon_core.bone.19] run data modify entity @s {} merge value {transformation:[-0.9340169943749475f,0.2030748101455664f,0.29389262614623646f,0f,-0.20307481014556633f,0.37499999999999967f,-0.904508497187474f,1.5f,-0.29389262614623635f,-0.9045084971874738f,-0.30901699437494706f,0f,0f,0f,0f,1f],start_interpolation:0}
execute if entity @s[tag=aj.corrupted_beacon_core.bone.20] run data modify entity @s {} merge value {transformation:[-0.9340169943749475f,0.2030748101455664f,0.29389262614623646f,0f,-0.20307481014556633f,0.37499999999999967f,-0.904508497187474f,1.5f,-0.29389262614623635f,-0.9045084971874738f,-0.30901699437494706f,0f,0f,0f,0f,1f],start_interpolation:0}
execute if entity @s[tag=aj.corrupted_beacon_core.bone.21] run data modify entity @s {} merge value {transformation:[-0.48176274578121064f,-0.8255493813662617f,0.29389262614623646f,0f,-0.41939976107512833f,-0.07725424859373681f,-0.904508497187474f,1.5f,0.7694208842938136f,-0.5590169943749473f,-0.30901699437494706f,0f,0f,0f,0f,1f],start_interpolation:0}
execute if entity @s[tag=aj.corrupted_beacon_core.bone.22] run data modify entity @s {} merge value {transformation:[-0.48176274578121064f,-0.8255493813662617f,0.29389262614623646f,0f,-0.41939976107512833f,-0.07725424859373681f,-0.904508497187474f,1.5f,0.7694208842938136f,-0.5590169943749473f,-0.30901699437494706f,0f,0f,0f,0f,1f],start_interpolation:0}
execute if entity @s[tag=aj.corrupted_beacon_core.bone.23] run data modify entity @s {} merge value {transformation:[-0.48176274578121064f,-0.8255493813662617f,0.29389262614623646f,0f,-0.41939976107512833f,-0.07725424859373681f,-0.904508497187474f,1.5f,0.7694208842938136f,-0.5590169943749473f,-0.30901699437494706f,0f,0f,0f,0f,1f],start_interpolation:0}
execute if entity @s[tag=aj.corrupted_beacon_core.bone.24] run data modify entity @s {} merge value {transformation:[-0.48176274578121064f,-0.8255493813662617f,0.29389262614623646f,0f,-0.41939976107512833f,-0.07725424859373681f,-0.904508497187474f,1.5f,0.7694208842938136f,-0.5590169943749473f,-0.30901699437494706f,0f,0f,0f,0f,1f],start_interpolation:0}
execute if entity @s[tag=aj.corrupted_beacon_core.bone.25] run data modify entity @s {} merge value {transformation:[-0.48176274578121064f,-0.8255493813662617f,0.29389262614623646f,0f,-0.41939976107512833f,-0.07725424859373681f,-0.904508497187474f,1.5f,0.7694208842938136f,-0.5590169943749473f,-0.30901699437494706f,0f,0f,0f,0f,1f],start_interpolation:0}
execute if entity @s[tag=aj.corrupted_beacon_core.bone.26] run data modify entity @s {} merge value {transformation:[-0.48176274578121064f,-0.8255493813662617f,0.29389262614623646f,0f,-0.41939976107512833f,-0.07725424859373681f,-0.904508497187474f,1.5f,0.7694208842938136f,-0.5590169943749473f,-0.30901699437494706f,0f,0f,0f,0f,1f],start_interpolation:0}
execute if entity @s[tag=aj.corrupted_beacon_core.bone.27] run data modify entity @s {} merge value {transformation:[-0.9355736893655724f,0.20341326816247568f,0.29438244718981355f,0f,-0.20341326816247562f,0.37562499999999965f,-0.9060160113494531f,1.5f,-0.29438244718981343f,-0.906016011349453f,-0.30953202269890534f,0f,0f,0f,0f,1f],start_interpolation:0}