execute if entity @s[tag=aj.corrupted_beacon_core.bone.exterior] run data modify entity @s {} merge value {transformation:[-0.020186364634936296f,5.10989684955275f,-0.32085307792461953f,0f,-0.3208530779246195f,-0.321487459990085f,-5.099813635365063f,1.5025f,-5.10989684955275f,9.09998976381832e-16f,0.32148745999008493f,0f,0f,0f,0f,1f],start_interpolation:0}
execute if entity @s[tag=aj.corrupted_beacon_core.bone.1] run data modify entity @s {} merge value {transformation:[-0.9974694726394461f,0.06671248868405984f,0.06277106114345582f,0f,-0.0667124886840597f,-0.058697976367975184f,-0.9977174462416676f,1.5f,-0.06277106114345588f,-0.9977174462416676f,0.06289517039519568f,0f,0f,0f,0f,1f],start_interpolation:0}
execute if entity @s[tag=aj.corrupted_beacon_core.bone.2] run data modify entity @s {} merge value {transformation:[-0.9974694726394461f,0.06671248868405984f,0.06277106114345582f,0f,-0.0667124886840597f,-0.058697976367975184f,-0.9977174462416676f,1.5f,-0.06277106114345588f,-0.9977174462416676f,0.06289517039519568f,0f,0f,0f,0f,1f],start_interpolation:0}
execute if entity @s[tag=aj.corrupted_beacon_core.bone.3] run data modify entity @s {} merge value {transformation:[0.7260392972302183f,-0.6872138268919552f,0.06277106114345582f,0f,0.08881835427624704f,0.0027034274126075636f,-0.9977174462416676f,1.5f,0.684334969099359f,0.728742724642826f,0.06289517039519568f,0f,0f,0f,0f,1f],start_interpolation:0}
execute if entity @s[tag=aj.corrupted_beacon_core.bone.4] run data modify entity @s {} merge value {transformation:[-0.9419269466532839f,-0.33491720195065694f,0.06277106114345582f,0f,-0.03791391758161448f,-0.08036506348986922f,-0.9977174462416676f,1.5f,0.33863294750089984f,-0.9405891959399294f,0.06289517039519568f,0f,0f,0f,0f,1f],start_interpolation:0}
execute if entity @s[tag=aj.corrupted_beacon_core.bone.5] run data modify entity @s {} merge value {transformation:[-0.9419269466532839f,-0.33491720195065694f,0.06277106114345582f,0f,-0.03791391758161448f,-0.08036506348986922f,-0.9977174462416676f,1.5f,0.33863294750089984f,-0.9405891959399294f,0.06289517039519568f,0f,0f,0f,0f,1f],start_interpolation:0}
execute if entity @s[tag=aj.corrupted_beacon_core.bone.6] run data modify entity @s {} merge value {transformation:[-0.9419269466532839f,-0.33491720195065694f,0.06277106114345582f,0f,-0.03791391758161448f,-0.08036506348986922f,-0.9977174462416676f,1.5f,0.33863294750089984f,-0.9405891959399294f,0.06289517039519568f,0f,0f,0f,0f,1f],start_interpolation:0}
execute if entity @s[tag=aj.corrupted_beacon_core.bone.7] run data modify entity @s {} merge value {transformation:[0.7260392972302183f,-0.6872138268919552f,0.06277106114345582f,0f,0.08881835427624704f,0.0027034274126075636f,-0.9977174462416676f,1.5f,0.684334969099359f,0.728742724642826f,0.06289517039519568f,0f,0f,0f,0f,1f],start_interpolation:0}
execute if entity @s[tag=aj.corrupted_beacon_core.bone.8] run data modify entity @s {} merge value {transformation:[0.7260392972302183f,-0.6872138268919552f,0.06277106114345582f,0f,0.08881835427624704f,0.0027034274126075636f,-0.9977174462416676f,1.5f,0.684334969099359f,0.728742724642826f,0.06289517039519568f,0f,0f,0f,0f,1f],start_interpolation:0}
execute if entity @s[tag=aj.corrupted_beacon_core.bone.9] run data modify entity @s {} merge value {transformation:[-0.00394264934276124f,-0.9980267284282714f,0.06266661678215223f,0f,0.06266661678215224f,-0.06279051952931347f,-0.9960573506572388f,1.5f,0.9980267284282714f,-6.671187261206091e-17f,0.06279051952931348f,0f,0f,0f,0f,1f],start_interpolation:0}
execute if entity @s[tag=aj.corrupted_beacon_core.bone.10] run data modify entity @s {} merge value {transformation:[0.72483124515496f,-0.6860703762648471f,0.06266661678215223f,0f,0.0886705699929255f,0.0026989291972787655f,-0.9960573506572388f,1.5f,0.6831963085850505f,0.7275301743522389f,0.06279051952931348f,0f,0f,0f,0f,1f],start_interpolation:0}
execute if entity @s[tag=aj.corrupted_beacon_core.bone.11] run data modify entity @s {} merge value {transformation:[0.72483124515496f,-0.6860703762648471f,0.06266661678215223f,0f,0.0886705699929255f,0.0026989291972787655f,-0.9960573506572388f,1.5f,0.6831963085850505f,0.7275301743522389f,0.06279051952931348f,0f,0f,0f,0f,1f],start_interpolation:0}
execute if entity @s[tag=aj.corrupted_beacon_core.bone.12] run data modify entity @s {} merge value {transformation:[0.72483124515496f,-0.6860703762648471f,0.06266661678215223f,0f,0.0886705699929255f,0.0026989291972787655f,-0.9960573506572388f,1.5f,0.6831963085850505f,0.7275301743522389f,0.06279051952931348f,0f,0f,0f,0f,1f],start_interpolation:0}
execute if entity @s[tag=aj.corrupted_beacon_core.bone.13] run data modify entity @s {} merge value {transformation:[0.72483124515496f,-0.6860703762648471f,0.06266661678215223f,0f,0.0886705699929255f,0.0026989291972787655f,-0.9960573506572388f,1.5f,0.6831963085850505f,0.7275301743522389f,0.06279051952931348f,0f,0f,0f,0f,1f],start_interpolation:0}
execute if entity @s[tag=aj.corrupted_beacon_core.bone.14] run data modify entity @s {} merge value {transformation:[0.72483124515496f,-0.6860703762648471f,0.06266661678215223f,0f,0.0886705699929255f,0.0026989291972787655f,-0.9960573506572388f,1.5f,0.6831963085850505f,0.7275301743522389f,0.06279051952931348f,0f,0f,0f,0f,1f],start_interpolation:0}
execute if entity @s[tag=aj.corrupted_beacon_core.bone.15] run data modify entity @s {} merge value {transformation:[-0.9958097896566849f,0.06660148620704809f,0.06266661678215223f,0f,-0.06660148620704795f,-0.05860030918599852f,-0.9960573506572388f,1.5f,-0.06266661678215228f,-0.9960573506572388f,0.06279051952931348f,0f,0f,0f,0f,1f],start_interpolation:0}
execute if entity @s[tag=aj.corrupted_beacon_core.bone.16] run data modify entity @s {} merge value {transformation:[-0.9958097896566849f,0.06660148620704809f,0.06266661678215223f,0f,-0.06660148620704795f,-0.05860030918599852f,-0.9960573506572388f,1.5f,-0.06266661678215228f,-0.9960573506572388f,0.06279051952931348f,0f,0f,0f,0f,1f],start_interpolation:0}
execute if entity @s[tag=aj.corrupted_beacon_core.bone.17] run data modify entity @s {} merge value {transformation:[-0.9958097896566849f,0.06660148620704809f,0.06266661678215223f,0f,-0.06660148620704795f,-0.05860030918599852f,-0.9960573506572388f,1.5f,-0.06266661678215228f,-0.9960573506572388f,0.06279051952931348f,0f,0f,0f,0f,1f],start_interpolation:0}
execute if entity @s[tag=aj.corrupted_beacon_core.bone.18] run data modify entity @s {} merge value {transformation:[-0.9958097896566849f,0.06660148620704809f,0.06266661678215223f,0f,-0.06660148620704795f,-0.05860030918599852f,-0.9960573506572388f,1.5f,-0.06266661678215228f,-0.9960573506572388f,0.06279051952931348f,0f,0f,0f,0f,1f],start_interpolation:0}
execute if entity @s[tag=aj.corrupted_beacon_core.bone.19] run data modify entity @s {} merge value {transformation:[-0.9958097896566849f,0.06660148620704809f,0.06266661678215223f,0f,-0.06660148620704795f,-0.05860030918599852f,-0.9960573506572388f,1.5f,-0.06266661678215228f,-0.9960573506572388f,0.06279051952931348f,0f,0f,0f,0f,1f],start_interpolation:0}
execute if entity @s[tag=aj.corrupted_beacon_core.bone.20] run data modify entity @s {} merge value {transformation:[-0.9958097896566849f,0.06660148620704809f,0.06266661678215223f,0f,-0.06660148620704795f,-0.05860030918599852f,-0.9960573506572388f,1.5f,-0.06266661678215228f,-0.9960573506572388f,0.06279051952931348f,0f,0f,0f,0f,1f],start_interpolation:0}
execute if entity @s[tag=aj.corrupted_beacon_core.bone.21] run data modify entity @s {} merge value {transformation:[-0.9403596805190854f,-0.3343599353916708f,0.06266661678215223f,0f,-0.037850832860180844f,-0.08023134458223216f,-0.9960573506572388f,1.5f,0.33806949833700484f,-0.9390241556804619f,0.06279051952931348f,0f,0f,0f,0f,1f],start_interpolation:0}
execute if entity @s[tag=aj.corrupted_beacon_core.bone.22] run data modify entity @s {} merge value {transformation:[-0.9403596805190854f,-0.3343599353916708f,0.06266661678215223f,0f,-0.037850832860180844f,-0.08023134458223216f,-0.9960573506572388f,1.5f,0.33806949833700484f,-0.9390241556804619f,0.06279051952931348f,0f,0f,0f,0f,1f],start_interpolation:0}
execute if entity @s[tag=aj.corrupted_beacon_core.bone.23] run data modify entity @s {} merge value {transformation:[-0.9403596805190854f,-0.3343599353916708f,0.06266661678215223f,0f,-0.037850832860180844f,-0.08023134458223216f,-0.9960573506572388f,1.5f,0.33806949833700484f,-0.9390241556804619f,0.06279051952931348f,0f,0f,0f,0f,1f],start_interpolation:0}
execute if entity @s[tag=aj.corrupted_beacon_core.bone.24] run data modify entity @s {} merge value {transformation:[-0.9403596805190854f,-0.3343599353916708f,0.06266661678215223f,0f,-0.037850832860180844f,-0.08023134458223216f,-0.9960573506572388f,1.5f,0.33806949833700484f,-0.9390241556804619f,0.06279051952931348f,0f,0f,0f,0f,1f],start_interpolation:0}
execute if entity @s[tag=aj.corrupted_beacon_core.bone.25] run data modify entity @s {} merge value {transformation:[-0.9403596805190854f,-0.3343599353916708f,0.06266661678215223f,0f,-0.037850832860180844f,-0.08023134458223216f,-0.9960573506572388f,1.5f,0.33806949833700484f,-0.9390241556804619f,0.06279051952931348f,0f,0f,0f,0f,1f],start_interpolation:0}
execute if entity @s[tag=aj.corrupted_beacon_core.bone.26] run data modify entity @s {} merge value {transformation:[-0.9403596805190854f,-0.3343599353916708f,0.06266661678215223f,0f,-0.037850832860180844f,-0.08023134458223216f,-0.9960573506572388f,1.5f,0.33806949833700484f,-0.9390241556804619f,0.06279051952931348f,0f,0f,0f,0f,1f],start_interpolation:0}
execute if entity @s[tag=aj.corrupted_beacon_core.bone.27] run data modify entity @s {} merge value {transformation:[-0.9974694726394461f,0.06671248868405984f,0.06277106114345582f,0f,-0.0667124886840597f,-0.058697976367975184f,-0.9977174462416676f,1.5f,-0.06277106114345588f,-0.9977174462416676f,0.06289517039519568f,0f,0f,0f,0f,1f],start_interpolation:0}