execute if entity @s[tag=aj.corrupted_beacon_core.bone.exterior] run data modify entity @s {} merge value {transformation:[-0.9281945862433565f,-4.6327145086260195f,1.9725139015060216f,0f,1.972513901506022f,-2.1799899728131744f,-4.1918054137566445f,1.5025f,4.6327145086260195f,-8.515609937392758e-16f,2.1799899728131744f,0f,0f,0f,0f,1f],start_interpolation:0}
execute if entity @s[tag=aj.corrupted_beacon_core.bone.1] run data modify entity @s {} merge value {transformation:[-0.7427591886768355f,-0.5502063975677083f,-0.3858987157568748f,0f,0.5502063975677084f,-0.16758144572785025f,-0.8200765148658019f,1.5f,0.38589871575687473f,-0.8200765148658018f,0.42648892371768155f,0f,0f,0f,0f,1f],start_interpolation:0}
execute if entity @s[tag=aj.corrupted_beacon_core.bone.2] run data modify entity @s {} merge value {transformation:[-0.7427591886768355f,-0.5502063975677083f,-0.3858987157568748f,0f,0.5502063975677084f,-0.16758144572785025f,-0.8200765148658019f,1.5f,0.38589871575687473f,-0.8200765148658018f,0.42648892371768155f,0f,0f,0f,0f,1f],start_interpolation:0}
execute if entity @s[tag=aj.corrupted_beacon_core.bone.3] run data modify entity @s {} merge value {transformation:[-0.6679431636877748f,-0.6389602666606683f,-0.3858987157568748f,0f,0.5668713802626543f,-0.09730086903920677f,-0.8200765148658019f,1.5f,0.48563863049904804f,-0.7652440327269817f,0.42648892371768155f,0f,0f,0f,0f,1f],start_interpolation:0}
execute if entity @s[tag=aj.corrupted_beacon_core.bone.4] run data modify entity @s {} merge value {transformation:[0.12432257347357789f,-0.9159487922439841f,-0.3858987157568748f,0f,0.41191669388523594f,0.4014165644007837f,-0.8200765148658019f,1.5f,0.904546652271001f,-0.05690925164303247f,0.42648892371768155f,0f,0f,0f,0f,1f],start_interpolation:0}
execute if entity @s[tag=aj.corrupted_beacon_core.bone.5] run data modify entity @s {} merge value {transformation:[0.12432257347357789f,-0.9159487922439841f,-0.3858987157568748f,0f,0.41191669388523594f,0.4014165644007837f,-0.8200765148658019f,1.5f,0.904546652271001f,-0.05690925164303247f,0.42648892371768155f,0f,0f,0f,0f,1f],start_interpolation:0}
execute if entity @s[tag=aj.corrupted_beacon_core.bone.6] run data modify entity @s {} merge value {transformation:[0.12432257347357789f,-0.9159487922439841f,-0.3858987157568748f,0f,0.41191669388523594f,0.4014165644007837f,-0.8200765148658019f,1.5f,0.904546652271001f,-0.05690925164303247f,0.42648892371768155f,0f,0f,0f,0f,1f],start_interpolation:0}
execute if entity @s[tag=aj.corrupted_beacon_core.bone.7] run data modify entity @s {} merge value {transformation:[-0.6679431636877748f,-0.6389602666606683f,-0.3858987157568748f,0f,0.5668713802626543f,-0.09730086903920677f,-0.8200765148658019f,1.5f,0.48563863049904804f,-0.7652440327269817f,0.42648892371768155f,0f,0f,0f,0f,1f],start_interpolation:0}
execute if entity @s[tag=aj.corrupted_beacon_core.bone.8] run data modify entity @s {} merge value {transformation:[-0.6679431636877748f,-0.6389602666606683f,-0.3858987157568748f,0f,0.5668713802626543f,-0.09730086903920677f,-0.8200765148658019f,1.5f,0.48563863049904804f,-0.7652440327269817f,0.42648892371768155f,0f,0f,0f,0f,1f],start_interpolation:0}
execute if entity @s[tag=aj.corrupted_beacon_core.bone.9] run data modify entity @s {} merge value {transformation:[-0.18128800512565535f,0.9048270524660194f,-0.38525662138789496f,0f,-0.3852566213878949f,-0.4257792915650731f,-0.8187119948743447f,1.5f,-0.9048270524660194f,5.529820412718665e-17f,0.42577929156507305f,0f,0f,0f,0f,1f],start_interpolation:0}
execute if entity @s[tag=aj.corrupted_beacon_core.bone.10] run data modify entity @s {} merge value {transformation:[-0.6668317773921213f,-0.6378971048193027f,-0.38525662138789496f,0f,0.5659281666515683f,-0.09713897075461575f,-0.8187119948743447f,1.5f,0.48483057953315944f,-0.7639707481467372f,0.42577929156507305f,0f,0f,0f,0f,1f],start_interpolation:0}
execute if entity @s[tag=aj.corrupted_beacon_core.bone.11] run data modify entity @s {} merge value {transformation:[-0.6668317773921213f,-0.6378971048193027f,-0.38525662138789496f,0f,0.5659281666515683f,-0.09713897075461575f,-0.8187119948743447f,1.5f,0.48483057953315944f,-0.7639707481467372f,0.42577929156507305f,0f,0f,0f,0f,1f],start_interpolation:0}
execute if entity @s[tag=aj.corrupted_beacon_core.bone.12] run data modify entity @s {} merge value {transformation:[-0.6668317773921213f,-0.6378971048193027f,-0.38525662138789496f,0f,0.5659281666515683f,-0.09713897075461575f,-0.8187119948743447f,1.5f,0.48483057953315944f,-0.7639707481467372f,0.42577929156507305f,0f,0f,0f,0f,1f],start_interpolation:0}
execute if entity @s[tag=aj.corrupted_beacon_core.bone.13] run data modify entity @s {} merge value {transformation:[-0.6668317773921213f,-0.6378971048193027f,-0.38525662138789496f,0f,0.5659281666515683f,-0.09713897075461575f,-0.8187119948743447f,1.5f,0.48483057953315944f,-0.7639707481467372f,0.42577929156507305f,0f,0f,0f,0f,1f],start_interpolation:0}
execute if entity @s[tag=aj.corrupted_beacon_core.bone.14] run data modify entity @s {} merge value {transformation:[-0.6668317773921213f,-0.6378971048193027f,-0.38525662138789496f,0f,0.5659281666515683f,-0.09713897075461575f,-0.8187119948743447f,1.5f,0.48483057953315944f,-0.7639707481467372f,0.42577929156507305f,0f,0f,0f,0f,1f],start_interpolation:0}
execute if entity @s[tag=aj.corrupted_beacon_core.bone.15] run data modify entity @s {} merge value {transformation:[-0.7415233164826976f,-0.5492909127131863f,-0.38525662138789496f,0f,0.5492909127131864f,-0.1673026080477706f,-0.8187119948743447f,1.5f,0.3852566213878949f,-0.8187119948743445f,0.42577929156507305f,0f,0f,0f,0f,1f],start_interpolation:0}
execute if entity @s[tag=aj.corrupted_beacon_core.bone.16] run data modify entity @s {} merge value {transformation:[-0.7415233164826976f,-0.5492909127131863f,-0.38525662138789496f,0f,0.5492909127131864f,-0.1673026080477706f,-0.8187119948743447f,1.5f,0.3852566213878949f,-0.8187119948743445f,0.42577929156507305f,0f,0f,0f,0f,1f],start_interpolation:0}
execute if entity @s[tag=aj.corrupted_beacon_core.bone.17] run data modify entity @s {} merge value {transformation:[-0.7415233164826976f,-0.5492909127131863f,-0.38525662138789496f,0f,0.5492909127131864f,-0.1673026080477706f,-0.8187119948743447f,1.5f,0.3852566213878949f,-0.8187119948743445f,0.42577929156507305f,0f,0f,0f,0f,1f],start_interpolation:0}
execute if entity @s[tag=aj.corrupted_beacon_core.bone.18] run data modify entity @s {} merge value {transformation:[-0.7415233164826976f,-0.5492909127131863f,-0.38525662138789496f,0f,0.5492909127131864f,-0.1673026080477706f,-0.8187119948743447f,1.5f,0.3852566213878949f,-0.8187119948743445f,0.42577929156507305f,0f,0f,0f,0f,1f],start_interpolation:0}
execute if entity @s[tag=aj.corrupted_beacon_core.bone.19] run data modify entity @s {} merge value {transformation:[-0.7415233164826976f,-0.5492909127131863f,-0.38525662138789496f,0f,0.5492909127131864f,-0.1673026080477706f,-0.8187119948743447f,1.5f,0.3852566213878949f,-0.8187119948743445f,0.42577929156507305f,0f,0f,0f,0f,1f],start_interpolation:0}
execute if entity @s[tag=aj.corrupted_beacon_core.bone.20] run data modify entity @s {} merge value {transformation:[-0.7415233164826976f,-0.5492909127131863f,-0.38525662138789496f,0f,0.5492909127131864f,-0.1673026080477706f,-0.8187119948743447f,1.5f,0.3852566213878949f,-0.8187119948743445f,0.42577929156507305f,0f,0f,0f,0f,1f],start_interpolation:0}
execute if entity @s[tag=aj.corrupted_beacon_core.bone.21] run data modify entity @s {} merge value {transformation:[0.12411571395032735f,-0.9144247509923301f,-0.38525662138789496f,0f,0.4112313083712838f,0.40074864998414345f,-0.8187119948743447f,1.5f,0.9030415829660575f,-0.05681456070851827f,0.42577929156507305f,0f,0f,0f,0f,1f],start_interpolation:0}
execute if entity @s[tag=aj.corrupted_beacon_core.bone.22] run data modify entity @s {} merge value {transformation:[0.12411571395032735f,-0.9144247509923301f,-0.38525662138789496f,0f,0.4112313083712838f,0.40074864998414345f,-0.8187119948743447f,1.5f,0.9030415829660575f,-0.05681456070851827f,0.42577929156507305f,0f,0f,0f,0f,1f],start_interpolation:0}
execute if entity @s[tag=aj.corrupted_beacon_core.bone.23] run data modify entity @s {} merge value {transformation:[0.12411571395032735f,-0.9144247509923301f,-0.38525662138789496f,0f,0.4112313083712838f,0.40074864998414345f,-0.8187119948743447f,1.5f,0.9030415829660575f,-0.05681456070851827f,0.42577929156507305f,0f,0f,0f,0f,1f],start_interpolation:0}
execute if entity @s[tag=aj.corrupted_beacon_core.bone.24] run data modify entity @s {} merge value {transformation:[0.12411571395032735f,-0.9144247509923301f,-0.38525662138789496f,0f,0.4112313083712838f,0.40074864998414345f,-0.8187119948743447f,1.5f,0.9030415829660575f,-0.05681456070851827f,0.42577929156507305f,0f,0f,0f,0f,1f],start_interpolation:0}
execute if entity @s[tag=aj.corrupted_beacon_core.bone.25] run data modify entity @s {} merge value {transformation:[0.12411571395032735f,-0.9144247509923301f,-0.38525662138789496f,0f,0.4112313083712838f,0.40074864998414345f,-0.8187119948743447f,1.5f,0.9030415829660575f,-0.05681456070851827f,0.42577929156507305f,0f,0f,0f,0f,1f],start_interpolation:0}
execute if entity @s[tag=aj.corrupted_beacon_core.bone.26] run data modify entity @s {} merge value {transformation:[0.12411571395032735f,-0.9144247509923301f,-0.38525662138789496f,0f,0.4112313083712838f,0.40074864998414345f,-0.8187119948743447f,1.5f,0.9030415829660575f,-0.05681456070851827f,0.42577929156507305f,0f,0f,0f,0f,1f],start_interpolation:0}
execute if entity @s[tag=aj.corrupted_beacon_core.bone.27] run data modify entity @s {} merge value {transformation:[-0.7427591886768355f,-0.5502063975677083f,-0.3858987157568748f,0f,0.5502063975677084f,-0.16758144572785025f,-0.8200765148658019f,1.5f,0.38589871575687473f,-0.8200765148658018f,0.42648892371768155f,0f,0f,0f,0f,1f],start_interpolation:0}