execute if entity @s[tag=aj.corrupted_beacon_core.bone.exterior] run data modify entity @s {} merge value {transformation:[-0.02018636463493755f,-5.10989684955275f,-0.32085307792462053f,0f,-0.3208530779246206f,0.3214874599900867f,-5.099813635365063f,1.5025f,5.10989684955275f,-3.4156478777375184e-16f,-0.32148745999008677f,0f,0f,0f,0f,1f],start_interpolation:0}
execute if entity @s[tag=aj.corrupted_beacon_core.bone.1] run data modify entity @s {} merge value {transformation:[-0.997965419843889f,0.058829633602852344f,0.06277106114345607f,0f,-0.05882963360285221f,0.0665964172179735f,-0.9977174462416676f,1.5f,-0.06277106114345632f,-0.9977174462416676f,-0.06289517039519599f,0f,0f,0f,0f,1f],start_interpolation:0}
execute if entity @s[tag=aj.corrupted_beacon_core.bone.2] run data modify entity @s {} merge value {transformation:[-0.997965419843889f,0.058829633602852344f,0.06277106114345607f,0f,-0.05882963360285221f,0.0665964172179735f,-0.9977174462416676f,1.5f,-0.06277106114345632f,-0.9977174462416676f,-0.06289517039519599f,0f,0f,0f,0f,1f],start_interpolation:0}
execute if entity @s[tag=aj.corrupted_beacon_core.bone.3] run data modify entity @s {} merge value {transformation:[-0.6814561113067628f,-0.7314461520554336f,0.06277106114345607f,0f,-0.08881284115445381f,-0.0028788577925962493f,-0.9977174462416676f,1.5f,0.7287427246428261f,-0.6843349690993589f,-0.06289517039519599f,0f,0f,0f,0f,1f],start_interpolation:0}
execute if entity @s[tag=aj.corrupted_beacon_core.bone.4] run data modify entity @s {} merge value {transformation:[-0.42207398377216115f,-0.9062281485457911f,0.06277106114345607f,0f,-0.08357641532832868f,-0.030182633698584694f,-0.9977174462416676f,1.5f,0.9045466522710007f,-0.42564734524885167f,-0.06289517039519599f,0f,0f,0f,0f,1f],start_interpolation:0}
execute if entity @s[tag=aj.corrupted_beacon_core.bone.5] run data modify entity @s {} merge value {transformation:[-0.42207398377216115f,-0.9062281485457911f,0.06277106114345607f,0f,-0.08357641532832868f,-0.030182633698584694f,-0.9977174462416676f,1.5f,0.9045466522710007f,-0.42564734524885167f,-0.06289517039519599f,0f,0f,0f,0f,1f],start_interpolation:0}
execute if entity @s[tag=aj.corrupted_beacon_core.bone.6] run data modify entity @s {} merge value {transformation:[-0.42207398377216115f,-0.9062281485457911f,0.06277106114345607f,0f,-0.08357641532832868f,-0.030182633698584694f,-0.9977174462416676f,1.5f,0.9045466522710007f,-0.42564734524885167f,-0.06289517039519599f,0f,0f,0f,0f,1f],start_interpolation:0}
execute if entity @s[tag=aj.corrupted_beacon_core.bone.7] run data modify entity @s {} merge value {transformation:[-0.6814561113067628f,-0.7314461520554336f,0.06277106114345607f,0f,-0.08881284115445381f,-0.0028788577925962493f,-0.9977174462416676f,1.5f,0.7287427246428261f,-0.6843349690993589f,-0.06289517039519599f,0f,0f,0f,0f,1f],start_interpolation:0}
execute if entity @s[tag=aj.corrupted_beacon_core.bone.8] run data modify entity @s {} merge value {transformation:[-0.6814561113067628f,-0.7314461520554336f,0.06277106114345607f,0f,-0.08881284115445381f,-0.0028788577925962493f,-0.9977174462416676f,1.5f,0.7287427246428261f,-0.6843349690993589f,-0.06289517039519599f,0f,0f,0f,0f,1f],start_interpolation:0}
execute if entity @s[tag=aj.corrupted_beacon_core.bone.9] run data modify entity @s {} merge value {transformation:[-0.003942649342760995f,0.9980267284282714f,0.06266661678215248f,0f,0.06266661678215246f,0.0627905195293138f,-0.9960573506572388f,1.5f,-0.9980267284282714f,1.7773417507457656e-16f,-0.06279051952931379f,0f,0f,0f,0f,1f],start_interpolation:0}
execute if entity @s[tag=aj.corrupted_beacon_core.bone.10] run data modify entity @s {} merge value {transformation:[-0.680322240905254f,-0.7302291035495178f,0.06266661678215248f,0f,-0.08866506604437985f,-0.002874067679796588f,-0.9960573506572388f,1.5f,0.727530174352239f,-0.6831963085850504f,-0.06279051952931379f,0f,0f,0f,0f,1f],start_interpolation:0}
execute if entity @s[tag=aj.corrupted_beacon_core.bone.11] run data modify entity @s {} merge value {transformation:[-0.680322240905254f,-0.7302291035495178f,0.06266661678215248f,0f,-0.08866506604437985f,-0.002874067679796588f,-0.9960573506572388f,1.5f,0.727530174352239f,-0.6831963085850504f,-0.06279051952931379f,0f,0f,0f,0f,1f],start_interpolation:0}
execute if entity @s[tag=aj.corrupted_beacon_core.bone.12] run data modify entity @s {} merge value {transformation:[-0.680322240905254f,-0.7302291035495178f,0.06266661678215248f,0f,-0.08866506604437985f,-0.002874067679796588f,-0.9960573506572388f,1.5f,0.727530174352239f,-0.6831963085850504f,-0.06279051952931379f,0f,0f,0f,0f,1f],start_interpolation:0}
execute if entity @s[tag=aj.corrupted_beacon_core.bone.13] run data modify entity @s {} merge value {transformation:[-0.680322240905254f,-0.7302291035495178f,0.06266661678215248f,0f,-0.08866506604437985f,-0.002874067679796588f,-0.9960573506572388f,1.5f,0.727530174352239f,-0.6831963085850504f,-0.06279051952931379f,0f,0f,0f,0f,1f],start_interpolation:0}
execute if entity @s[tag=aj.corrupted_beacon_core.bone.14] run data modify entity @s {} merge value {transformation:[-0.680322240905254f,-0.7302291035495178f,0.06266661678215248f,0f,-0.08866506604437985f,-0.002874067679796588f,-0.9960573506572388f,1.5f,0.727530174352239f,-0.6831963085850504f,-0.06279051952931379f,0f,0f,0f,0f,1f],start_interpolation:0}
execute if entity @s[tag=aj.corrupted_beacon_core.bone.15] run data modify entity @s {} merge value {transformation:[-0.9963049116577927f,0.05873174735725691f,0.06266661678215248f,0f,-0.05873174735725678f,0.06648560787152097f,-0.9960573506572388f,1.5f,-0.06266661678215273f,-0.9960573506572388f,-0.06279051952931379f,0f,0f,0f,0f,1f],start_interpolation:0}
execute if entity @s[tag=aj.corrupted_beacon_core.bone.16] run data modify entity @s {} merge value {transformation:[-0.9963049116577927f,0.05873174735725691f,0.06266661678215248f,0f,-0.05873174735725678f,0.06648560787152097f,-0.9960573506572388f,1.5f,-0.06266661678215273f,-0.9960573506572388f,-0.06279051952931379f,0f,0f,0f,0f,1f],start_interpolation:0}
execute if entity @s[tag=aj.corrupted_beacon_core.bone.17] run data modify entity @s {} merge value {transformation:[-0.9963049116577927f,0.05873174735725691f,0.06266661678215248f,0f,-0.05873174735725678f,0.06648560787152097f,-0.9960573506572388f,1.5f,-0.06266661678215273f,-0.9960573506572388f,-0.06279051952931379f,0f,0f,0f,0f,1f],start_interpolation:0}
execute if entity @s[tag=aj.corrupted_beacon_core.bone.18] run data modify entity @s {} merge value {transformation:[-0.9963049116577927f,0.05873174735725691f,0.06266661678215248f,0f,-0.05873174735725678f,0.06648560787152097f,-0.9960573506572388f,1.5f,-0.06266661678215273f,-0.9960573506572388f,-0.06279051952931379f,0f,0f,0f,0f,1f],start_interpolation:0}
execute if entity @s[tag=aj.corrupted_beacon_core.bone.19] run data modify entity @s {} merge value {transformation:[-0.9963049116577927f,0.05873174735725691f,0.06266661678215248f,0f,-0.05873174735725678f,0.06648560787152097f,-0.9960573506572388f,1.5f,-0.06266661678215273f,-0.9960573506572388f,-0.06279051952931379f,0f,0f,0f,0f,1f],start_interpolation:0}
execute if entity @s[tag=aj.corrupted_beacon_core.bone.20] run data modify entity @s {} merge value {transformation:[-0.9963049116577927f,0.05873174735725691f,0.06266661678215248f,0f,-0.05873174735725678f,0.06648560787152097f,-0.9960573506572388f,1.5f,-0.06266661678215273f,-0.9960573506572388f,-0.06279051952931379f,0f,0f,0f,0f,1f],start_interpolation:0}
execute if entity @s[tag=aj.corrupted_beacon_core.bone.21] run data modify entity @s {} merge value {transformation:[-0.4213716976094787f,-0.9047202814101076f,0.06266661678215248f,0f,-0.08343735307320667f,-0.030132413010234303f,-0.9960573506572388f,1.5f,0.9030415829660573f,-0.42493911339319634f,-0.06279051952931379f,0f,0f,0f,0f,1f],start_interpolation:0}
execute if entity @s[tag=aj.corrupted_beacon_core.bone.22] run data modify entity @s {} merge value {transformation:[-0.4213716976094787f,-0.9047202814101076f,0.06266661678215248f,0f,-0.08343735307320667f,-0.030132413010234303f,-0.9960573506572388f,1.5f,0.9030415829660573f,-0.42493911339319634f,-0.06279051952931379f,0f,0f,0f,0f,1f],start_interpolation:0}
execute if entity @s[tag=aj.corrupted_beacon_core.bone.23] run data modify entity @s {} merge value {transformation:[-0.4213716976094787f,-0.9047202814101076f,0.06266661678215248f,0f,-0.08343735307320667f,-0.030132413010234303f,-0.9960573506572388f,1.5f,0.9030415829660573f,-0.42493911339319634f,-0.06279051952931379f,0f,0f,0f,0f,1f],start_interpolation:0}
execute if entity @s[tag=aj.corrupted_beacon_core.bone.24] run data modify entity @s {} merge value {transformation:[-0.4213716976094787f,-0.9047202814101076f,0.06266661678215248f,0f,-0.08343735307320667f,-0.030132413010234303f,-0.9960573506572388f,1.5f,0.9030415829660573f,-0.42493911339319634f,-0.06279051952931379f,0f,0f,0f,0f,1f],start_interpolation:0}
execute if entity @s[tag=aj.corrupted_beacon_core.bone.25] run data modify entity @s {} merge value {transformation:[-0.4213716976094787f,-0.9047202814101076f,0.06266661678215248f,0f,-0.08343735307320667f,-0.030132413010234303f,-0.9960573506572388f,1.5f,0.9030415829660573f,-0.42493911339319634f,-0.06279051952931379f,0f,0f,0f,0f,1f],start_interpolation:0}
execute if entity @s[tag=aj.corrupted_beacon_core.bone.26] run data modify entity @s {} merge value {transformation:[-0.4213716976094787f,-0.9047202814101076f,0.06266661678215248f,0f,-0.08343735307320667f,-0.030132413010234303f,-0.9960573506572388f,1.5f,0.9030415829660573f,-0.42493911339319634f,-0.06279051952931379f,0f,0f,0f,0f,1f],start_interpolation:0}
execute if entity @s[tag=aj.corrupted_beacon_core.bone.27] run data modify entity @s {} merge value {transformation:[-0.997965419843889f,0.058829633602852344f,0.06277106114345607f,0f,-0.05882963360285221f,0.0665964172179735f,-0.9977174462416676f,1.5f,-0.06277106114345632f,-0.9977174462416676f,-0.06289517039519599f,0f,0f,0f,0f,1f],start_interpolation:0}