execute if entity @s[tag=aj.corrupted_beacon_core.bone.exterior] run data modify entity @s {} merge value {transformation:[-0.08042710751070326f,5.0796272707301275f,0.6366461111420294f,0f,0.6366461111420293f,0.6417061558492378f,-5.039572892489296f,1.5025f,-5.0796272707301275f,6.220749277961255e-16f,-0.6417061558492376f,0f,0f,0f,0f,1f],start_interpolation:0}
execute if entity @s[tag=aj.corrupted_beacon_core.bone.1] run data modify entity @s {} merge value {transformation:[-0.9879041348456518f,-0.1089416570420807f,-0.12455218515506496f,0f,0.10894165704208056f,0.13930465410792675f,-0.9859320665319229f,1.5f,0.12455218515506479f,-0.985932066531923f,-0.12554212228691147f,0f,0f,0f,0f,1f],start_interpolation:0}
execute if entity @s[tag=aj.corrupted_beacon_core.bone.2] run data modify entity @s {} merge value {transformation:[-0.9879041348456518f,-0.1089416570420807f,-0.12455218515506496f,0f,0.10894165704208056f,0.13930465410792675f,-0.9859320665319229f,1.5f,0.12455218515506479f,-0.985932066531923f,-0.12554212228691147f,0f,0f,0f,0f,1f],start_interpolation:0}
execute if entity @s[tag=aj.corrupted_beacon_core.bone.3] run data modify entity @s {} merge value {transformation:[0.6453880213769171f,-0.7558420245973347f,-0.12455218515506496f,0f,-0.17645046789772423f,0.011802697737280198f,-0.9859320665319229f,1.5f,0.7454365468321056f,0.6571907191141972f,-0.12554212228691147f,0f,0f,0f,0f,1f],start_interpolation:0}
execute if entity @s[tag=aj.corrupted_beacon_core.bone.4] run data modify entity @s {} merge value {transformation:[-0.8856208907695063f,-0.4511080825221779f,-0.12455218515506496f,0f,0.052668131940205976f,0.16881984235608224f,-0.9859320665319229f,1.5f,0.46501378132445337f,-0.8782582022509914f,-0.12554212228691147f,0f,0f,0f,0f,1f],start_interpolation:0}
execute if entity @s[tag=aj.corrupted_beacon_core.bone.5] run data modify entity @s {} merge value {transformation:[-0.8856208907695063f,-0.4511080825221779f,-0.12455218515506496f,0f,0.052668131940205976f,0.16881984235608224f,-0.9859320665319229f,1.5f,0.46501378132445337f,-0.8782582022509914f,-0.12554212228691147f,0f,0f,0f,0f,1f],start_interpolation:0}
execute if entity @s[tag=aj.corrupted_beacon_core.bone.6] run data modify entity @s {} merge value {transformation:[-0.8856208907695063f,-0.4511080825221779f,-0.12455218515506496f,0f,0.052668131940205976f,0.16881984235608224f,-0.9859320665319229f,1.5f,0.46501378132445337f,-0.8782582022509914f,-0.12554212228691147f,0f,0f,0f,0f,1f],start_interpolation:0}
execute if entity @s[tag=aj.corrupted_beacon_core.bone.7] run data modify entity @s {} merge value {transformation:[0.6453880213769171f,-0.7558420245973347f,-0.12455218515506496f,0f,-0.17645046789772423f,0.011802697737280198f,-0.9859320665319229f,1.5f,0.7454365468321056f,0.6571907191141972f,-0.12554212228691147f,0f,0f,0f,0f,1f],start_interpolation:0}
execute if entity @s[tag=aj.corrupted_beacon_core.bone.8] run data modify entity @s {} merge value {transformation:[0.6453880213769171f,-0.7558420245973347f,-0.12455218515506496f,0f,-0.17645046789772423f,0.011802697737280198f,-0.9859320665319229f,1.5f,0.7454365468321056f,0.6571907191141972f,-0.12554212228691147f,0f,0f,0f,0f,1f],start_interpolation:0}
execute if entity @s[tag=aj.corrupted_beacon_core.bone.9] run data modify entity @s {} merge value {transformation:[-0.015708419435684472f,-0.992114701314478f,-0.12434494358242758f,0f,-0.12434494358242759f,0.12533323356430426f,-0.9842915805643156f,1.5f,0.992114701314478f,-1.2149900933518077e-16f,-0.12533323356430429f,0f,0f,0f,0f,1f],start_interpolation:0}
execute if entity @s[tag=aj.corrupted_beacon_core.bone.10] run data modify entity @s {} merge value {transformation:[0.64431416443619f,-0.7545843839574057f,-0.12434494358242758f,0f,-0.17615687310920888f,0.011783059305105023f,-0.9842915805643156f,1.5f,0.744196219799107f,0.6560972237412951f,-0.12533323356430429f,0f,0f,0f,0f,1f],start_interpolation:0}
execute if entity @s[tag=aj.corrupted_beacon_core.bone.11] run data modify entity @s {} merge value {transformation:[0.64431416443619f,-0.7545843839574057f,-0.12434494358242758f,0f,-0.17615687310920888f,0.011783059305105023f,-0.9842915805643156f,1.5f,0.744196219799107f,0.6560972237412951f,-0.12533323356430429f,0f,0f,0f,0f,1f],start_interpolation:0}
execute if entity @s[tag=aj.corrupted_beacon_core.bone.12] run data modify entity @s {} merge value {transformation:[0.64431416443619f,-0.7545843839574057f,-0.12434494358242758f,0f,-0.17615687310920888f,0.011783059305105023f,-0.9842915805643156f,1.5f,0.744196219799107f,0.6560972237412951f,-0.12533323356430429f,0f,0f,0f,0f,1f],start_interpolation:0}
execute if entity @s[tag=aj.corrupted_beacon_core.bone.13] run data modify entity @s {} merge value {transformation:[0.64431416443619f,-0.7545843839574057f,-0.12434494358242758f,0f,-0.17615687310920888f,0.011783059305105023f,-0.9842915805643156f,1.5f,0.744196219799107f,0.6560972237412951f,-0.12533323356430429f,0f,0f,0f,0f,1f],start_interpolation:0}
execute if entity @s[tag=aj.corrupted_beacon_core.bone.14] run data modify entity @s {} merge value {transformation:[0.64431416443619f,-0.7545843839574057f,-0.12434494358242758f,0f,-0.17615687310920888f,0.011783059305105023f,-0.9842915805643156f,1.5f,0.744196219799107f,0.6560972237412951f,-0.12533323356430429f,0f,0f,0f,0f,1f],start_interpolation:0}
execute if entity @s[tag=aj.corrupted_beacon_core.bone.15] run data modify entity @s {} merge value {transformation:[-0.9862603675663745f,-0.1087603897258709f,-0.12434494358242758f,0f,0.10876038972587077f,0.1390728659979302f,-0.9842915805643156f,1.5f,0.12434494358242741f,-0.9842915805643158f,-0.12533323356430429f,0f,0f,0f,0f,1f],start_interpolation:0}
execute if entity @s[tag=aj.corrupted_beacon_core.bone.16] run data modify entity @s {} merge value {transformation:[-0.9862603675663745f,-0.1087603897258709f,-0.12434494358242758f,0f,0.10876038972587077f,0.1390728659979302f,-0.9842915805643156f,1.5f,0.12434494358242741f,-0.9842915805643158f,-0.12533323356430429f,0f,0f,0f,0f,1f],start_interpolation:0}
execute if entity @s[tag=aj.corrupted_beacon_core.bone.17] run data modify entity @s {} merge value {transformation:[-0.9862603675663745f,-0.1087603897258709f,-0.12434494358242758f,0f,0.10876038972587077f,0.1390728659979302f,-0.9842915805643156f,1.5f,0.12434494358242741f,-0.9842915805643158f,-0.12533323356430429f,0f,0f,0f,0f,1f],start_interpolation:0}
execute if entity @s[tag=aj.corrupted_beacon_core.bone.18] run data modify entity @s {} merge value {transformation:[-0.9862603675663745f,-0.1087603897258709f,-0.12434494358242758f,0f,0.10876038972587077f,0.1390728659979302f,-0.9842915805643156f,1.5f,0.12434494358242741f,-0.9842915805643158f,-0.12533323356430429f,0f,0f,0f,0f,1f],start_interpolation:0}
execute if entity @s[tag=aj.corrupted_beacon_core.bone.19] run data modify entity @s {} merge value {transformation:[-0.9862603675663745f,-0.1087603897258709f,-0.12434494358242758f,0f,0.10876038972587077f,0.1390728659979302f,-0.9842915805643156f,1.5f,0.12434494358242741f,-0.9842915805643158f,-0.12533323356430429f,0f,0f,0f,0f,1f],start_interpolation:0}
execute if entity @s[tag=aj.corrupted_beacon_core.bone.20] run data modify entity @s {} merge value {transformation:[-0.9862603675663745f,-0.1087603897258709f,-0.12434494358242758f,0f,0.10876038972587077f,0.1390728659979302f,-0.9842915805643156f,1.5f,0.12434494358242741f,-0.9842915805643158f,-0.12533323356430429f,0f,0f,0f,0f,1f],start_interpolation:0}
execute if entity @s[tag=aj.corrupted_beacon_core.bone.21] run data modify entity @s {} merge value {transformation:[-0.8841473119163125f,-0.45035748671099285f,-0.12434494358242758f,0f,0.0525804977772439f,0.1685389441158891f,-0.9842915805643156f,1.5f,0.4642400479112679f,-0.8767968741274456f,-0.12533323356430429f,0f,0f,0f,0f,1f],start_interpolation:0}
execute if entity @s[tag=aj.corrupted_beacon_core.bone.22] run data modify entity @s {} merge value {transformation:[-0.8841473119163125f,-0.45035748671099285f,-0.12434494358242758f,0f,0.0525804977772439f,0.1685389441158891f,-0.9842915805643156f,1.5f,0.4642400479112679f,-0.8767968741274456f,-0.12533323356430429f,0f,0f,0f,0f,1f],start_interpolation:0}
execute if entity @s[tag=aj.corrupted_beacon_core.bone.23] run data modify entity @s {} merge value {transformation:[-0.8841473119163125f,-0.45035748671099285f,-0.12434494358242758f,0f,0.0525804977772439f,0.1685389441158891f,-0.9842915805643156f,1.5f,0.4642400479112679f,-0.8767968741274456f,-0.12533323356430429f,0f,0f,0f,0f,1f],start_interpolation:0}
execute if entity @s[tag=aj.corrupted_beacon_core.bone.24] run data modify entity @s {} merge value {transformation:[-0.8841473119163125f,-0.45035748671099285f,-0.12434494358242758f,0f,0.0525804977772439f,0.1685389441158891f,-0.9842915805643156f,1.5f,0.4642400479112679f,-0.8767968741274456f,-0.12533323356430429f,0f,0f,0f,0f,1f],start_interpolation:0}
execute if entity @s[tag=aj.corrupted_beacon_core.bone.25] run data modify entity @s {} merge value {transformation:[-0.8841473119163125f,-0.45035748671099285f,-0.12434494358242758f,0f,0.0525804977772439f,0.1685389441158891f,-0.9842915805643156f,1.5f,0.4642400479112679f,-0.8767968741274456f,-0.12533323356430429f,0f,0f,0f,0f,1f],start_interpolation:0}
execute if entity @s[tag=aj.corrupted_beacon_core.bone.26] run data modify entity @s {} merge value {transformation:[-0.8841473119163125f,-0.45035748671099285f,-0.12434494358242758f,0f,0.0525804977772439f,0.1685389441158891f,-0.9842915805643156f,1.5f,0.4642400479112679f,-0.8767968741274456f,-0.12533323356430429f,0f,0f,0f,0f,1f],start_interpolation:0}
execute if entity @s[tag=aj.corrupted_beacon_core.bone.27] run data modify entity @s {} merge value {transformation:[-0.9879041348456518f,-0.1089416570420807f,-0.12455218515506496f,0f,0.10894165704208056f,0.13930465410792675f,-0.9859320665319229f,1.5f,0.12455218515506479f,-0.985932066531923f,-0.12554212228691147f,0f,0f,0f,0f,1f],start_interpolation:0}