execute if entity @s[tag=aj.corrupted_beacon_core.bone.exterior] run data modify entity @s {} merge value {transformation:[-4.191805413756645f,-2.179989972813172f,1.9725139015060202f,0f,1.972513901506021f,-4.632714508626021f,-0.9281945862433546f,1.5025f,2.1799899728131718f,-1.2486322708587766e-16f,4.632714508626021f,0f,0f,0f,0f,1f],start_interpolation:0}
execute if entity @s[tag=aj.corrupted_beacon_core.bone.1] run data modify entity @s {} merge value {transformation:[0.560437263941765f,-0.7350703132855895f,-0.3858987157568746f,0f,0.7350703132855897f,0.655768833054969f,-0.1815901518008646f,1.5f,0.38589871575687457f,-0.18159015180086474f,0.9063350975534632f,0f,0f,0f,0f,1f],start_interpolation:0}
execute if entity @s[tag=aj.corrupted_beacon_core.bone.2] run data modify entity @s {} merge value {transformation:[0.560437263941765f,-0.7350703132855895f,-0.3858987157568746f,0f,0.7350703132855897f,0.655768833054969f,-0.1815901518008646f,1.5f,0.38589871575687457f,-0.18159015180086474f,0.9063350975534632f,0f,0f,0f,0f,1f],start_interpolation:0}
execute if entity @s[tag=aj.corrupted_beacon_core.bone.3] run data modify entity @s {} merge value {transformation:[-0.2373235402912949f,-0.8933620931693442f,-0.3858987157568746f,0f,0.968688810341782f,-0.17889414914600604f,-0.1815901518008646f,1.5f,0.09303567623949767f,-0.4162176894373009f,0.9063350975534632f,0f,0f,0f,0f,1f],start_interpolation:0}
execute if entity @s[tag=aj.corrupted_beacon_core.bone.4] run data modify entity @s {} merge value {transformation:[0.9240805076362499f,-0.02221503308655061f,-0.3858987157568746f,0f,-0.052184622228669264f,0.9836858711412408f,-0.1815901518008646f,1.5f,0.3829988142549436f,0.18762918305309925f,0.9063350975534632f,0f,0f,0f,0f,1f],start_interpolation:0}
execute if entity @s[tag=aj.corrupted_beacon_core.bone.5] run data modify entity @s {} merge value {transformation:[0.9240805076362499f,-0.02221503308655061f,-0.3858987157568746f,0f,-0.052184622228669264f,0.9836858711412408f,-0.1815901518008646f,1.5f,0.3829988142549436f,0.18762918305309925f,0.9063350975534632f,0f,0f,0f,0f,1f],start_interpolation:0}
execute if entity @s[tag=aj.corrupted_beacon_core.bone.6] run data modify entity @s {} merge value {transformation:[0.9240805076362499f,-0.02221503308655061f,-0.3858987157568746f,0f,-0.052184622228669264f,0.9836858711412408f,-0.1815901518008646f,1.5f,0.3829988142549436f,0.18762918305309925f,0.9063350975534632f,0f,0f,0f,0f,1f],start_interpolation:0}
execute if entity @s[tag=aj.corrupted_beacon_core.bone.7] run data modify entity @s {} merge value {transformation:[-0.2373235402912949f,-0.8933620931693442f,-0.3858987157568746f,0f,0.968688810341782f,-0.17889414914600604f,-0.1815901518008646f,1.5f,0.09303567623949767f,-0.4162176894373009f,0.9063350975534632f,0f,0f,0f,0f,1f],start_interpolation:0}
execute if entity @s[tag=aj.corrupted_beacon_core.bone.8] run data modify entity @s {} merge value {transformation:[-0.2373235402912949f,-0.8933620931693442f,-0.3858987157568746f,0f,0.968688810341782f,-0.17889414914600604f,-0.1815901518008646f,1.5f,0.09303567623949767f,-0.4162176894373009f,0.9063350975534632f,0f,0f,0f,0f,1f],start_interpolation:0}
execute if entity @s[tag=aj.corrupted_beacon_core.bone.9] run data modify entity @s {} merge value {transformation:[-0.8187119948743448f,0.4257792915650727f,-0.3852566213878948f,0f,-0.3852566213878947f,-0.9048270524660198f,-0.18128800512565518f,1.5f,-0.4257792915650728f,7.989850027146831e-17f,0.9048270524660198f,0f,0f,0f,0f,1f],start_interpolation:0}
execute if entity @s[tag=aj.corrupted_beacon_core.bone.10] run data modify entity @s {} merge value {transformation:[-0.2369286591926405f,-0.8918756337797114f,-0.3852566213878948f,0f,0.9670770153162549f,-0.17859648833211916f,-0.18128800512565518f,1.5f,0.09288087478152846f,-0.41552514752475966f,0.9048270524660198f,0f,0f,0f,0f,1f],start_interpolation:0}
execute if entity @s[tag=aj.corrupted_beacon_core.bone.11] run data modify entity @s {} merge value {transformation:[-0.2369286591926405f,-0.8918756337797114f,-0.3852566213878948f,0f,0.9670770153162549f,-0.17859648833211916f,-0.18128800512565518f,1.5f,0.09288087478152846f,-0.41552514752475966f,0.9048270524660198f,0f,0f,0f,0f,1f],start_interpolation:0}
execute if entity @s[tag=aj.corrupted_beacon_core.bone.12] run data modify entity @s {} merge value {transformation:[-0.2369286591926405f,-0.8918756337797114f,-0.3852566213878948f,0f,0.9670770153162549f,-0.17859648833211916f,-0.18128800512565518f,1.5f,0.09288087478152846f,-0.41552514752475966f,0.9048270524660198f,0f,0f,0f,0f,1f],start_interpolation:0}
execute if entity @s[tag=aj.corrupted_beacon_core.bone.13] run data modify entity @s {} merge value {transformation:[-0.2369286591926405f,-0.8918756337797114f,-0.3852566213878948f,0f,0.9670770153162549f,-0.17859648833211916f,-0.18128800512565518f,1.5f,0.09288087478152846f,-0.41552514752475966f,0.9048270524660198f,0f,0f,0f,0f,1f],start_interpolation:0}
execute if entity @s[tag=aj.corrupted_beacon_core.bone.14] run data modify entity @s {} merge value {transformation:[-0.2369286591926405f,-0.8918756337797114f,-0.3852566213878948f,0f,0.9670770153162549f,-0.17859648833211916f,-0.18128800512565518f,1.5f,0.09288087478152846f,-0.41552514752475966f,0.9048270524660198f,0f,0f,0f,0f,1f],start_interpolation:0}
execute if entity @s[tag=aj.corrupted_beacon_core.bone.15] run data modify entity @s {} merge value {transformation:[0.5595047560150731f,-0.7338472345613206f,-0.3852566213878948f,0f,0.7338472345613208f,0.6546777035490539f,-0.18128800512565518f,1.5f,0.38525662138789474f,-0.18128800512565532f,0.9048270524660198f,0f,0f,0f,0f,1f],start_interpolation:0}
execute if entity @s[tag=aj.corrupted_beacon_core.bone.16] run data modify entity @s {} merge value {transformation:[0.5595047560150731f,-0.7338472345613206f,-0.3852566213878948f,0f,0.7338472345613208f,0.6546777035490539f,-0.18128800512565518f,1.5f,0.38525662138789474f,-0.18128800512565532f,0.9048270524660198f,0f,0f,0f,0f,1f],start_interpolation:0}
execute if entity @s[tag=aj.corrupted_beacon_core.bone.17] run data modify entity @s {} merge value {transformation:[0.5595047560150731f,-0.7338472345613206f,-0.3852566213878948f,0f,0.7338472345613208f,0.6546777035490539f,-0.18128800512565518f,1.5f,0.38525662138789474f,-0.18128800512565532f,0.9048270524660198f,0f,0f,0f,0f,1f],start_interpolation:0}
execute if entity @s[tag=aj.corrupted_beacon_core.bone.18] run data modify entity @s {} merge value {transformation:[0.5595047560150731f,-0.7338472345613206f,-0.3852566213878948f,0f,0.7338472345613208f,0.6546777035490539f,-0.18128800512565518f,1.5f,0.38525662138789474f,-0.18128800512565532f,0.9048270524660198f,0f,0f,0f,0f,1f],start_interpolation:0}
execute if entity @s[tag=aj.corrupted_beacon_core.bone.19] run data modify entity @s {} merge value {transformation:[0.5595047560150731f,-0.7338472345613206f,-0.3852566213878948f,0f,0.7338472345613208f,0.6546777035490539f,-0.18128800512565518f,1.5f,0.38525662138789474f,-0.18128800512565532f,0.9048270524660198f,0f,0f,0f,0f,1f],start_interpolation:0}
execute if entity @s[tag=aj.corrupted_beacon_core.bone.20] run data modify entity @s {} merge value {transformation:[0.5595047560150731f,-0.7338472345613206f,-0.3852566213878948f,0f,0.7338472345613208f,0.6546777035490539f,-0.18128800512565518f,1.5f,0.38525662138789474f,-0.18128800512565532f,0.9048270524660198f,0f,0f,0f,0f,1f],start_interpolation:0}
execute if entity @s[tag=aj.corrupted_beacon_core.bone.21] run data modify entity @s {} merge value {transformation:[0.922542936076123f,-0.02217806963715535f,-0.3852566213878948f,0f,-0.05209779257437863f,0.9820491226035681f,-0.18128800512565518f,1.5f,0.3823615450132548f,0.1873169880729776f,0.9048270524660198f,0f,0f,0f,0f,1f],start_interpolation:0}
execute if entity @s[tag=aj.corrupted_beacon_core.bone.22] run data modify entity @s {} merge value {transformation:[0.922542936076123f,-0.02217806963715535f,-0.3852566213878948f,0f,-0.05209779257437863f,0.9820491226035681f,-0.18128800512565518f,1.5f,0.3823615450132548f,0.1873169880729776f,0.9048270524660198f,0f,0f,0f,0f,1f],start_interpolation:0}
execute if entity @s[tag=aj.corrupted_beacon_core.bone.23] run data modify entity @s {} merge value {transformation:[0.922542936076123f,-0.02217806963715535f,-0.3852566213878948f,0f,-0.05209779257437863f,0.9820491226035681f,-0.18128800512565518f,1.5f,0.3823615450132548f,0.1873169880729776f,0.9048270524660198f,0f,0f,0f,0f,1f],start_interpolation:0}
execute if entity @s[tag=aj.corrupted_beacon_core.bone.24] run data modify entity @s {} merge value {transformation:[0.922542936076123f,-0.02217806963715535f,-0.3852566213878948f,0f,-0.05209779257437863f,0.9820491226035681f,-0.18128800512565518f,1.5f,0.3823615450132548f,0.1873169880729776f,0.9048270524660198f,0f,0f,0f,0f,1f],start_interpolation:0}
execute if entity @s[tag=aj.corrupted_beacon_core.bone.25] run data modify entity @s {} merge value {transformation:[0.922542936076123f,-0.02217806963715535f,-0.3852566213878948f,0f,-0.05209779257437863f,0.9820491226035681f,-0.18128800512565518f,1.5f,0.3823615450132548f,0.1873169880729776f,0.9048270524660198f,0f,0f,0f,0f,1f],start_interpolation:0}
execute if entity @s[tag=aj.corrupted_beacon_core.bone.26] run data modify entity @s {} merge value {transformation:[0.922542936076123f,-0.02217806963715535f,-0.3852566213878948f,0f,-0.05209779257437863f,0.9820491226035681f,-0.18128800512565518f,1.5f,0.3823615450132548f,0.1873169880729776f,0.9048270524660198f,0f,0f,0f,0f,1f],start_interpolation:0}
execute if entity @s[tag=aj.corrupted_beacon_core.bone.27] run data modify entity @s {} merge value {transformation:[0.560437263941765f,-0.7350703132855895f,-0.3858987157568746f,0f,0.7350703132855897f,0.655768833054969f,-0.1815901518008646f,1.5f,0.38589871575687457f,-0.18159015180086474f,0.9063350975534632f,0f,0f,0f,0f,1f],start_interpolation:0}