execute if entity @s[tag=aj.corrupted_beacon_core.bone.exterior] run data modify entity @s {} merge value {transformation:[-0.48891649440013796f,-4.869409363431185f,1.5047302458687355f,0f,1.5047302458687357f,-1.5821670111997366f,-4.631083505599863f,1.5025f,4.869409363431185f,-5.963306590664152e-16f,1.582167011199737f,0f,0f,0f,0f,1f],start_interpolation:0}
execute if entity @s[tag=aj.corrupted_beacon_core.bone.1] run data modify entity @s {} merge value {transformation:[-0.8764583333333326f,-0.38535162621715296f,-0.2943824471898146f,0f,0.3853516262171532f,-0.18432368936557242f,-0.9060160113494523f,1.5f,0.29438244718981454f,-0.9060160113494523f,0.3095320226989068f,0f,0f,0f,0f,1f],start_interpolation:0}
execute if entity @s[tag=aj.corrupted_beacon_core.bone.2] run data modify entity @s {} merge value {transformation:[-0.8764583333333326f,-0.38535162621715296f,-0.2943824471898146f,0f,0.3853516262171532f,-0.18432368936557242f,-0.9060160113494523f,1.5f,0.29438244718981454f,-0.9060160113494523f,0.3095320226989068f,0f,0f,0f,0f,1f],start_interpolation:0}
execute if entity @s[tag=aj.corrupted_beacon_core.bone.3] run data modify entity @s {} merge value {transformation:[-0.7144812078667341f,-0.6373316950402989f,-0.2943824471898146f,0f,0.42345032765860846f,-0.05622204456756913f,-0.9060160113494523f,1.5f,0.559948689365572f,-0.7707032524343034f,0.3095320226989068f,0f,0f,0f,0f,1f],start_interpolation:0}
execute if entity @s[tag=aj.corrupted_beacon_core.bone.4] run data modify entity @s {} merge value {transformation:[-0.05455294368481037f,-0.9558760705410347f,-0.2943824471898146f,0f,0.33917958714896773f,0.2596696092171672f,-0.9060160113494523f,1.5f,0.9409130114457388f,-0.14902598071190734f,0.3095320226989068f,0f,0f,0f,0f,1f],start_interpolation:0}
execute if entity @s[tag=aj.corrupted_beacon_core.bone.5] run data modify entity @s {} merge value {transformation:[-0.05455294368481037f,-0.9558760705410347f,-0.2943824471898146f,0f,0.33917958714896773f,0.2596696092171672f,-0.9060160113494523f,1.5f,0.9409130114457388f,-0.14902598071190734f,0.3095320226989068f,0f,0f,0f,0f,1f],start_interpolation:0}
execute if entity @s[tag=aj.corrupted_beacon_core.bone.6] run data modify entity @s {} merge value {transformation:[-0.05455294368481037f,-0.9558760705410347f,-0.2943824471898146f,0f,0.33917958714896773f,0.2596696092171672f,-0.9060160113494523f,1.5f,0.9409130114457388f,-0.14902598071190734f,0.3095320226989068f,0f,0f,0f,0f,1f],start_interpolation:0}
execute if entity @s[tag=aj.corrupted_beacon_core.bone.7] run data modify entity @s {} merge value {transformation:[-0.7144812078667341f,-0.6373316950402989f,-0.2943824471898146f,0f,0.42345032765860846f,-0.05622204456756913f,-0.9060160113494523f,1.5f,0.559948689365572f,-0.7707032524343034f,0.3095320226989068f,0f,0f,0f,0f,1f],start_interpolation:0}
execute if entity @s[tag=aj.corrupted_beacon_core.bone.8] run data modify entity @s {} merge value {transformation:[-0.7144812078667341f,-0.6373316950402989f,-0.2943824471898146f,0f,0.42345032765860846f,-0.05622204456756913f,-0.9060160113494523f,1.5f,0.559948689365572f,-0.7707032524343034f,0.3095320226989068f,0f,0f,0f,0f,1f],start_interpolation:0}
execute if entity @s[tag=aj.corrupted_beacon_core.bone.9] run data modify entity @s {} merge value {transformation:[-0.09549150281252672f,0.9510565162951533f,-0.2938926261462375f,0f,-0.29389262614623746f,-0.30901699437494856f,-0.9045084971874732f,1.5f,-0.9510565162951533f,1.164708318489092e-16f,0.3090169943749485f,0f,0f,0f,0f,1f],start_interpolation:0}
execute if entity @s[tag=aj.corrupted_beacon_core.bone.10] run data modify entity @s {} merge value {transformation:[-0.7132923872213651f,-0.6362712429686843f,-0.2938926261462375f,0f,0.4227457514062647f,-0.05612849707244838f,-0.9045084971874732f,1.5f,0.559016994374947f,-0.7694208842938136f,0.3090169943749485f,0f,0f,0f,0f,1f],start_interpolation:0}
execute if entity @s[tag=aj.corrupted_beacon_core.bone.11] run data modify entity @s {} merge value {transformation:[-0.7132923872213651f,-0.6362712429686843f,-0.2938926261462375f,0f,0.4227457514062647f,-0.05612849707244838f,-0.9045084971874732f,1.5f,0.559016994374947f,-0.7694208842938136f,0.3090169943749485f,0f,0f,0f,0f,1f],start_interpolation:0}
execute if entity @s[tag=aj.corrupted_beacon_core.bone.12] run data modify entity @s {} merge value {transformation:[-0.7132923872213651f,-0.6362712429686843f,-0.2938926261462375f,0f,0.4227457514062647f,-0.05612849707244838f,-0.9045084971874732f,1.5f,0.559016994374947f,-0.7694208842938136f,0.3090169943749485f,0f,0f,0f,0f,1f],start_interpolation:0}
execute if entity @s[tag=aj.corrupted_beacon_core.bone.13] run data modify entity @s {} merge value {transformation:[-0.7132923872213651f,-0.6362712429686843f,-0.2938926261462375f,0f,0.4227457514062647f,-0.05612849707244838f,-0.9045084971874732f,1.5f,0.559016994374947f,-0.7694208842938136f,0.3090169943749485f,0f,0f,0f,0f,1f],start_interpolation:0}
execute if entity @s[tag=aj.corrupted_beacon_core.bone.14] run data modify entity @s {} merge value {transformation:[-0.7132923872213651f,-0.6362712429686843f,-0.2938926261462375f,0f,0.4227457514062647f,-0.05612849707244838f,-0.9045084971874732f,1.5f,0.559016994374947f,-0.7694208842938136f,0.3090169943749485f,0f,0f,0f,0f,1f],start_interpolation:0}
execute if entity @s[tag=aj.corrupted_beacon_core.bone.15] run data modify entity @s {} merge value {transformation:[-0.8749999999999992f,-0.3847104421469081f,-0.2938926261462375f,0f,0.3847104421469083f,-0.1840169943749475f,-0.9045084971874732f,1.5f,0.29389262614623746f,-0.9045084971874732f,0.3090169943749485f,0f,0f,0f,0f,1f],start_interpolation:0}
execute if entity @s[tag=aj.corrupted_beacon_core.bone.16] run data modify entity @s {} merge value {transformation:[-0.8749999999999992f,-0.3847104421469081f,-0.2938926261462375f,0f,0.3847104421469083f,-0.1840169943749475f,-0.9045084971874732f,1.5f,0.29389262614623746f,-0.9045084971874732f,0.3090169943749485f,0f,0f,0f,0f,1f],start_interpolation:0}
execute if entity @s[tag=aj.corrupted_beacon_core.bone.17] run data modify entity @s {} merge value {transformation:[-0.8749999999999992f,-0.3847104421469081f,-0.2938926261462375f,0f,0.3847104421469083f,-0.1840169943749475f,-0.9045084971874732f,1.5f,0.29389262614623746f,-0.9045084971874732f,0.3090169943749485f,0f,0f,0f,0f,1f],start_interpolation:0}
execute if entity @s[tag=aj.corrupted_beacon_core.bone.18] run data modify entity @s {} merge value {transformation:[-0.8749999999999992f,-0.3847104421469081f,-0.2938926261462375f,0f,0.3847104421469083f,-0.1840169943749475f,-0.9045084971874732f,1.5f,0.29389262614623746f,-0.9045084971874732f,0.3090169943749485f,0f,0f,0f,0f,1f],start_interpolation:0}
execute if entity @s[tag=aj.corrupted_beacon_core.bone.19] run data modify entity @s {} merge value {transformation:[-0.8749999999999992f,-0.3847104421469081f,-0.2938926261462375f,0f,0.3847104421469083f,-0.1840169943749475f,-0.9045084971874732f,1.5f,0.29389262614623746f,-0.9045084971874732f,0.3090169943749485f,0f,0f,0f,0f,1f],start_interpolation:0}
execute if entity @s[tag=aj.corrupted_beacon_core.bone.20] run data modify entity @s {} merge value {transformation:[-0.8749999999999992f,-0.3847104421469081f,-0.2938926261462375f,0f,0.3847104421469083f,-0.1840169943749475f,-0.9045084971874732f,1.5f,0.29389262614623746f,-0.9045084971874732f,0.3090169943749485f,0f,0f,0f,0f,1f],start_interpolation:0}
execute if entity @s[tag=aj.corrupted_beacon_core.bone.21] run data modify entity @s {} merge value {transformation:[-0.05446217339581734f,-0.9542855945501179f,-0.2938926261462375f,0f,0.33861522843490954f,0.25923754663943477f,-0.9045084971874732f,1.5f,0.9393474323917526f,-0.1487780173496579f,0.3090169943749485f,0f,0f,0f,0f,1f],start_interpolation:0}
execute if entity @s[tag=aj.corrupted_beacon_core.bone.22] run data modify entity @s {} merge value {transformation:[-0.05446217339581734f,-0.9542855945501179f,-0.2938926261462375f,0f,0.33861522843490954f,0.25923754663943477f,-0.9045084971874732f,1.5f,0.9393474323917526f,-0.1487780173496579f,0.3090169943749485f,0f,0f,0f,0f,1f],start_interpolation:0}
execute if entity @s[tag=aj.corrupted_beacon_core.bone.23] run data modify entity @s {} merge value {transformation:[-0.05446217339581734f,-0.9542855945501179f,-0.2938926261462375f,0f,0.33861522843490954f,0.25923754663943477f,-0.9045084971874732f,1.5f,0.9393474323917526f,-0.1487780173496579f,0.3090169943749485f,0f,0f,0f,0f,1f],start_interpolation:0}
execute if entity @s[tag=aj.corrupted_beacon_core.bone.24] run data modify entity @s {} merge value {transformation:[-0.05446217339581734f,-0.9542855945501179f,-0.2938926261462375f,0f,0.33861522843490954f,0.25923754663943477f,-0.9045084971874732f,1.5f,0.9393474323917526f,-0.1487780173496579f,0.3090169943749485f,0f,0f,0f,0f,1f],start_interpolation:0}
execute if entity @s[tag=aj.corrupted_beacon_core.bone.25] run data modify entity @s {} merge value {transformation:[-0.05446217339581734f,-0.9542855945501179f,-0.2938926261462375f,0f,0.33861522843490954f,0.25923754663943477f,-0.9045084971874732f,1.5f,0.9393474323917526f,-0.1487780173496579f,0.3090169943749485f,0f,0f,0f,0f,1f],start_interpolation:0}
execute if entity @s[tag=aj.corrupted_beacon_core.bone.26] run data modify entity @s {} merge value {transformation:[-0.05446217339581734f,-0.9542855945501179f,-0.2938926261462375f,0f,0.33861522843490954f,0.25923754663943477f,-0.9045084971874732f,1.5f,0.9393474323917526f,-0.1487780173496579f,0.3090169943749485f,0f,0f,0f,0f,1f],start_interpolation:0}
execute if entity @s[tag=aj.corrupted_beacon_core.bone.27] run data modify entity @s {} merge value {transformation:[-0.8764583333333326f,-0.38535162621715296f,-0.2943824471898146f,0f,0.3853516262171532f,-0.18432368936557242f,-0.9060160113494523f,1.5f,0.29438244718981454f,-0.9060160113494523f,0.3095320226989068f,0f,0f,0f,0f,1f],start_interpolation:0}