execute if entity @s[tag=aj.corrupted_beacon_core.bone.exterior] run data modify entity @s {} merge value {transformation:[-4.4261596861988135f,1.884797709745551f,1.7524405911774437f,0f,1.7524405911774432f,4.760455607747848f,-0.6938403138011863f,1.5025f,-1.8847977097455515f,2.308211482280151e-16f,-4.760455607747848f,0f,0f,0f,0f,1f],start_interpolation:0}
execute if entity @s[tag=aj.corrupted_beacon_core.bone.1] run data modify entity @s {} merge value {transformation:[-0.9408583617194123f,-0.024075711096131106f,-0.3428440088859515f,0f,0.024075711096130995f,0.9921344183119865f,-0.135741545766443f,1.5f,0.34284400888595146f,-0.13574154576644304f,-0.9313261133647319f,0f,0f,0f,0f,1f],start_interpolation:0}
execute if entity @s[tag=aj.corrupted_beacon_core.bone.2] run data modify entity @s {} merge value {transformation:[-0.9408583617194123f,-0.024075711096131106f,-0.3428440088859515f,0f,0.024075711096130995f,0.9921344183119865f,-0.135741545766443f,1.5f,0.34284400888595146f,-0.13574154576644304f,-0.9313261133647319f,0f,0f,0f,0f,1f],start_interpolation:0}
execute if entity @s[tag=aj.corrupted_beacon_core.bone.3] run data modify entity @s {} merge value {transformation:[-0.7814925776282958f,-0.5244649156940843f,-0.3428440088859515f,0f,-0.5112844103476807f,0.8505872063459882f,-0.135741545766443f,1.5f,0.3622067282069978f,0.06909462871769229f,-0.9313261133647319f,0f,0f,0f,0f,1f],start_interpolation:0}
execute if entity @s[tag=aj.corrupted_beacon_core.bone.4] run data modify entity @s {} merge value {transformation:[-0.9344170744434126f,-0.11251145573111487f,-0.3428440088859515f,0f,-0.06939923445450592f,0.9899970152082158f,-0.135741545766443f,1.5f,0.3540968629582215f,-0.10287464857388433f,-0.9313261133647319f,0f,0f,0f,0f,1f],start_interpolation:0}
execute if entity @s[tag=aj.corrupted_beacon_core.bone.5] run data modify entity @s {} merge value {transformation:[-0.9344170744434126f,-0.11251145573111487f,-0.3428440088859515f,0f,-0.06939923445450592f,0.9899970152082158f,-0.135741545766443f,1.5f,0.3540968629582215f,-0.10287464857388433f,-0.9313261133647319f,0f,0f,0f,0f,1f],start_interpolation:0}
execute if entity @s[tag=aj.corrupted_beacon_core.bone.6] run data modify entity @s {} merge value {transformation:[-0.9344170744434126f,-0.11251145573111487f,-0.3428440088859515f,0f,-0.06939923445450592f,0.9899970152082158f,-0.135741545766443f,1.5f,0.3540968629582215f,-0.10287464857388433f,-0.9313261133647319f,0f,0f,0f,0f,1f],start_interpolation:0}
execute if entity @s[tag=aj.corrupted_beacon_core.bone.7] run data modify entity @s {} merge value {transformation:[-0.7814925776282958f,-0.5244649156940843f,-0.3428440088859515f,0f,-0.5112844103476807f,0.8505872063459882f,-0.135741545766443f,1.5f,0.3622067282069978f,0.06909462871769229f,-0.9313261133647319f,0f,0f,0f,0f,1f],start_interpolation:0}
execute if entity @s[tag=aj.corrupted_beacon_core.bone.8] run data modify entity @s {} merge value {transformation:[-0.7814925776282958f,-0.5244649156940843f,-0.3428440088859515f,0f,-0.5112844103476807f,0.8505872063459882f,-0.135741545766443f,1.5f,0.3622067282069978f,0.06909462871769229f,-0.9313261133647319f,0f,0f,0f,0f,1f],start_interpolation:0}
execute if entity @s[tag=aj.corrupted_beacon_core.bone.9] run data modify entity @s {} merge value {transformation:[-0.8644843137107058f,-0.3681245526846779f,-0.34227355296434425f,0f,-0.34227355296434436f,0.9297764858882515f,-0.1355156862892942f,1.5f,0.3681245526846778f,-4.50822555132842e-17f,-0.9297764858882515f,0f,0f,0f,0f,1f],start_interpolation:0}
execute if entity @s[tag=aj.corrupted_beacon_core.bone.10] run data modify entity @s {} merge value {transformation:[-0.7801922571996297f,-0.5235922619242106f,-0.34227355296434425f,0f,-0.5104336875351221f,0.8491719198129665f,-0.1355156862892942f,1.5f,0.3616040547823605f,0.06897966261333673f,-0.9297764858882515f,0f,0f,0f,0f,1f],start_interpolation:0}
execute if entity @s[tag=aj.corrupted_beacon_core.bone.11] run data modify entity @s {} merge value {transformation:[-0.7801922571996297f,-0.5235922619242106f,-0.34227355296434425f,0f,-0.5104336875351221f,0.8491719198129665f,-0.1355156862892942f,1.5f,0.3616040547823605f,0.06897966261333673f,-0.9297764858882515f,0f,0f,0f,0f,1f],start_interpolation:0}
execute if entity @s[tag=aj.corrupted_beacon_core.bone.12] run data modify entity @s {} merge value {transformation:[-0.7801922571996297f,-0.5235922619242106f,-0.34227355296434425f,0f,-0.5104336875351221f,0.8491719198129665f,-0.1355156862892942f,1.5f,0.3616040547823605f,0.06897966261333673f,-0.9297764858882515f,0f,0f,0f,0f,1f],start_interpolation:0}
execute if entity @s[tag=aj.corrupted_beacon_core.bone.13] run data modify entity @s {} merge value {transformation:[-0.7801922571996297f,-0.5235922619242106f,-0.34227355296434425f,0f,-0.5104336875351221f,0.8491719198129665f,-0.1355156862892942f,1.5f,0.3616040547823605f,0.06897966261333673f,-0.9297764858882515f,0f,0f,0f,0f,1f],start_interpolation:0}
execute if entity @s[tag=aj.corrupted_beacon_core.bone.14] run data modify entity @s {} merge value {transformation:[-0.7801922571996297f,-0.5235922619242106f,-0.34227355296434425f,0f,-0.5104336875351221f,0.8491719198129665f,-0.1355156862892942f,1.5f,0.3616040547823605f,0.06897966261333673f,-0.9297764858882515f,0f,0f,0f,0f,1f],start_interpolation:0}
execute if entity @s[tag=aj.corrupted_beacon_core.bone.15] run data modify entity @s {} merge value {transformation:[-0.939292873596751f,-0.02403565167666999f,-0.34227355296434425f,0f,0.024035651676669878f,0.9904836122915006f,-0.1355156862892942f,1.5f,0.3422735529643442f,-0.13551568628929422f,-0.9297764858882515f,0f,0f,0f,0f,1f],start_interpolation:0}
execute if entity @s[tag=aj.corrupted_beacon_core.bone.16] run data modify entity @s {} merge value {transformation:[-0.939292873596751f,-0.02403565167666999f,-0.34227355296434425f,0f,0.024035651676669878f,0.9904836122915006f,-0.1355156862892942f,1.5f,0.3422735529643442f,-0.13551568628929422f,-0.9297764858882515f,0f,0f,0f,0f,1f],start_interpolation:0}
execute if entity @s[tag=aj.corrupted_beacon_core.bone.17] run data modify entity @s {} merge value {transformation:[-0.939292873596751f,-0.02403565167666999f,-0.34227355296434425f,0f,0.024035651676669878f,0.9904836122915006f,-0.1355156862892942f,1.5f,0.3422735529643442f,-0.13551568628929422f,-0.9297764858882515f,0f,0f,0f,0f,1f],start_interpolation:0}
execute if entity @s[tag=aj.corrupted_beacon_core.bone.18] run data modify entity @s {} merge value {transformation:[-0.939292873596751f,-0.02403565167666999f,-0.34227355296434425f,0f,0.024035651676669878f,0.9904836122915006f,-0.1355156862892942f,1.5f,0.3422735529643442f,-0.13551568628929422f,-0.9297764858882515f,0f,0f,0f,0f,1f],start_interpolation:0}
execute if entity @s[tag=aj.corrupted_beacon_core.bone.19] run data modify entity @s {} merge value {transformation:[-0.939292873596751f,-0.02403565167666999f,-0.34227355296434425f,0f,0.024035651676669878f,0.9904836122915006f,-0.1355156862892942f,1.5f,0.3422735529643442f,-0.13551568628929422f,-0.9297764858882515f,0f,0f,0f,0f,1f],start_interpolation:0}
execute if entity @s[tag=aj.corrupted_beacon_core.bone.20] run data modify entity @s {} merge value {transformation:[-0.939292873596751f,-0.02403565167666999f,-0.34227355296434425f,0f,0.024035651676669878f,0.9904836122915006f,-0.1355156862892942f,1.5f,0.3422735529643442f,-0.13551568628929422f,-0.9297764858882515f,0f,0f,0f,0f,1f],start_interpolation:0}
execute if entity @s[tag=aj.corrupted_beacon_core.bone.21] run data modify entity @s {} merge value {transformation:[-0.9328623039368511f,-0.11232424865003149f,-0.34227355296434425f,0f,-0.06928376151864152f,0.9883497655988843f,-0.1355156862892942f,1.5f,0.35350768348574524f,-0.10270347611369483f,-0.9297764858882515f,0f,0f,0f,0f,1f],start_interpolation:0}
execute if entity @s[tag=aj.corrupted_beacon_core.bone.22] run data modify entity @s {} merge value {transformation:[-0.9328623039368511f,-0.11232424865003149f,-0.34227355296434425f,0f,-0.06928376151864152f,0.9883497655988843f,-0.1355156862892942f,1.5f,0.35350768348574524f,-0.10270347611369483f,-0.9297764858882515f,0f,0f,0f,0f,1f],start_interpolation:0}
execute if entity @s[tag=aj.corrupted_beacon_core.bone.23] run data modify entity @s {} merge value {transformation:[-0.9328623039368511f,-0.11232424865003149f,-0.34227355296434425f,0f,-0.06928376151864152f,0.9883497655988843f,-0.1355156862892942f,1.5f,0.35350768348574524f,-0.10270347611369483f,-0.9297764858882515f,0f,0f,0f,0f,1f],start_interpolation:0}
execute if entity @s[tag=aj.corrupted_beacon_core.bone.24] run data modify entity @s {} merge value {transformation:[-0.9328623039368511f,-0.11232424865003149f,-0.34227355296434425f,0f,-0.06928376151864152f,0.9883497655988843f,-0.1355156862892942f,1.5f,0.35350768348574524f,-0.10270347611369483f,-0.9297764858882515f,0f,0f,0f,0f,1f],start_interpolation:0}
execute if entity @s[tag=aj.corrupted_beacon_core.bone.25] run data modify entity @s {} merge value {transformation:[-0.9328623039368511f,-0.11232424865003149f,-0.34227355296434425f,0f,-0.06928376151864152f,0.9883497655988843f,-0.1355156862892942f,1.5f,0.35350768348574524f,-0.10270347611369483f,-0.9297764858882515f,0f,0f,0f,0f,1f],start_interpolation:0}
execute if entity @s[tag=aj.corrupted_beacon_core.bone.26] run data modify entity @s {} merge value {transformation:[-0.9328623039368511f,-0.11232424865003149f,-0.34227355296434425f,0f,-0.06928376151864152f,0.9883497655988843f,-0.1355156862892942f,1.5f,0.35350768348574524f,-0.10270347611369483f,-0.9297764858882515f,0f,0f,0f,0f,1f],start_interpolation:0}
execute if entity @s[tag=aj.corrupted_beacon_core.bone.27] run data modify entity @s {} merge value {transformation:[-0.9408583617194123f,-0.024075711096131106f,-0.3428440088859515f,0f,0.024075711096130995f,0.9921344183119865f,-0.135741545766443f,1.5f,0.34284400888595146f,-0.13574154576644304f,-0.9313261133647319f,0f,0f,0f,0f,1f],start_interpolation:0}