execute if entity @s[tag=aj.corrupted_beacon_core.bone.exterior] run data modify entity @s {} merge value {transformation:[-4.940227803873923f,-0.9593923306789107f,0.9423988548727756f,0f,0.9423988548727762f,-5.029310723730886f,-0.17977219612607662f,1.5025f,0.9593923306789102f,-1.174916746892447e-16f,5.029310723730886f,0f,0f,0f,0f,1f],start_interpolation:0}
execute if entity @s[tag=aj.corrupted_beacon_core.bone.1] run data modify entity @s {} merge value {transformation:[0.9142068051367562f,-0.36547241090640875f,-0.18436904680290978f,0f,0.36547241090640875f,0.9319490756568528f,-0.03517027665096747f,1.5f,0.18436904680290975f,-0.03517027665096751f,0.9839243961465698f,0f,0f,0f,0f,1f],start_interpolation:0}
execute if entity @s[tag=aj.corrupted_beacon_core.bone.2] run data modify entity @s {} merge value {transformation:[0.9142068051367562f,-0.36547241090640875f,-0.18436904680290978f,0f,0.36547241090640875f,0.9319490756568528f,-0.03517027665096747f,1.5f,0.18436904680290975f,-0.03517027665096751f,0.9839243961465698f,0f,0f,0f,0f,1f],start_interpolation:0}
execute if entity @s[tag=aj.corrupted_beacon_core.bone.3] run data modify entity @s {} merge value {transformation:[-0.09590528076885957f,-0.9798705745213211f,-0.18436904680290978f,0f,0.9969083648713422f,-0.09095534509281056f,-0.03517027665096747f,1.5f,0.017663529695506917f,-0.18686062586167013f,0.9839243961465698f,0f,0f,0f,0f,1f],start_interpolation:0}
execute if entity @s[tag=aj.corrupted_beacon_core.bone.4] run data modify entity @s {} merge value {transformation:[0.8855873792560072f,0.4302082744375968f,-0.18436904680290978f,0f,-0.44333100940978276f,0.8975281493341078f,-0.03517027665096747f,1.5f,0.15009570583228302f,0.11269504367729699f,0.9839243961465698f,0f,0f,0f,0f,1f],start_interpolation:0}
execute if entity @s[tag=aj.corrupted_beacon_core.bone.5] run data modify entity @s {} merge value {transformation:[0.8855873792560072f,0.4302082744375968f,-0.18436904680290978f,0f,-0.44333100940978276f,0.8975281493341078f,-0.03517027665096747f,1.5f,0.15009570583228302f,0.11269504367729699f,0.9839243961465698f,0f,0f,0f,0f,1f],start_interpolation:0}
execute if entity @s[tag=aj.corrupted_beacon_core.bone.6] run data modify entity @s {} merge value {transformation:[0.8855873792560072f,0.4302082744375968f,-0.18436904680290978f,0f,-0.44333100940978276f,0.8975281493341078f,-0.03517027665096747f,1.5f,0.15009570583228302f,0.11269504367729699f,0.9839243961465698f,0f,0f,0f,0f,1f],start_interpolation:0}
execute if entity @s[tag=aj.corrupted_beacon_core.bone.7] run data modify entity @s {} merge value {transformation:[-0.09590528076885957f,-0.9798705745213211f,-0.18436904680290978f,0f,0.9969083648713422f,-0.09095534509281056f,-0.03517027665096747f,1.5f,0.017663529695506917f,-0.18686062586167013f,0.9839243961465698f,0f,0f,0f,0f,1f],start_interpolation:0}
execute if entity @s[tag=aj.corrupted_beacon_core.bone.8] run data modify entity @s {} merge value {transformation:[-0.09590528076885957f,-0.9798705745213211f,-0.18436904680290978f,0f,0.9969083648713422f,-0.09095534509281056f,-0.03517027665096747f,1.5f,0.017663529695506917f,-0.18686062586167013f,0.9839243961465698f,0f,0f,0f,0f,1f],start_interpolation:0}
execute if entity @s[tag=aj.corrupted_beacon_core.bone.9] run data modify entity @s {} merge value {transformation:[-0.9648882429441257f,0.18738131458572474f,-0.1840622763423392f,0f,-0.1840622763423391f,-0.9822872507286886f,-0.03511175705587434f,1.5f,-0.18738131458572485f,2.2947592712743104e-17f,0.9822872507286886f,0f,0f,0f,0f,1f],start_interpolation:0}
execute if entity @s[tag=aj.corrupted_beacon_core.bone.10] run data modify entity @s {} merge value {transformation:[-0.09574570459453534f,-0.9782401742309361f,-0.1840622763423392f,0f,0.9952496155121552f,-0.09080400508433666f,-0.03511175705587434f,1.5f,0.01763413946306847f,-0.186549709678872f,0.9822872507286886f,0f,0f,0f,0f,1f],start_interpolation:0}
execute if entity @s[tag=aj.corrupted_beacon_core.bone.11] run data modify entity @s {} merge value {transformation:[-0.09574570459453534f,-0.9782401742309361f,-0.1840622763423392f,0f,0.9952496155121552f,-0.09080400508433666f,-0.03511175705587434f,1.5f,0.01763413946306847f,-0.186549709678872f,0.9822872507286886f,0f,0f,0f,0f,1f],start_interpolation:0}
execute if entity @s[tag=aj.corrupted_beacon_core.bone.12] run data modify entity @s {} merge value {transformation:[-0.09574570459453534f,-0.9782401742309361f,-0.1840622763423392f,0f,0.9952496155121552f,-0.09080400508433666f,-0.03511175705587434f,1.5f,0.01763413946306847f,-0.186549709678872f,0.9822872507286886f,0f,0f,0f,0f,1f],start_interpolation:0}
execute if entity @s[tag=aj.corrupted_beacon_core.bone.13] run data modify entity @s {} merge value {transformation:[-0.09574570459453534f,-0.9782401742309361f,-0.1840622763423392f,0f,0.9952496155121552f,-0.09080400508433666f,-0.03511175705587434f,1.5f,0.01763413946306847f,-0.186549709678872f,0.9822872507286886f,0f,0f,0f,0f,1f],start_interpolation:0}
execute if entity @s[tag=aj.corrupted_beacon_core.bone.14] run data modify entity @s {} merge value {transformation:[-0.09574570459453534f,-0.9782401742309361f,-0.1840622763423392f,0f,0.9952496155121552f,-0.09080400508433666f,-0.03511175705587434f,1.5f,0.01763413946306847f,-0.186549709678872f,0.9822872507286886f,0f,0f,0f,0f,1f],start_interpolation:0}
execute if entity @s[tag=aj.corrupted_beacon_core.bone.15] run data modify entity @s {} merge value {transformation:[0.9126856623661459f,-0.3648643037335195f,-0.1840622763423392f,0f,0.3648643037335195f,0.9303984116374571f,-0.03511175705587434f,1.5f,0.18406227634233918f,-0.03511175705587438f,0.9822872507286886f,0f,0f,0f,0f,1f],start_interpolation:0}
execute if entity @s[tag=aj.corrupted_beacon_core.bone.16] run data modify entity @s {} merge value {transformation:[0.9126856623661459f,-0.3648643037335195f,-0.1840622763423392f,0f,0.3648643037335195f,0.9303984116374571f,-0.03511175705587434f,1.5f,0.18406227634233918f,-0.03511175705587438f,0.9822872507286886f,0f,0f,0f,0f,1f],start_interpolation:0}
execute if entity @s[tag=aj.corrupted_beacon_core.bone.17] run data modify entity @s {} merge value {transformation:[0.9126856623661459f,-0.3648643037335195f,-0.1840622763423392f,0f,0.3648643037335195f,0.9303984116374571f,-0.03511175705587434f,1.5f,0.18406227634233918f,-0.03511175705587438f,0.9822872507286886f,0f,0f,0f,0f,1f],start_interpolation:0}
execute if entity @s[tag=aj.corrupted_beacon_core.bone.18] run data modify entity @s {} merge value {transformation:[0.9126856623661459f,-0.3648643037335195f,-0.1840622763423392f,0f,0.3648643037335195f,0.9303984116374571f,-0.03511175705587434f,1.5f,0.18406227634233918f,-0.03511175705587438f,0.9822872507286886f,0f,0f,0f,0f,1f],start_interpolation:0}
execute if entity @s[tag=aj.corrupted_beacon_core.bone.19] run data modify entity @s {} merge value {transformation:[0.9126856623661459f,-0.3648643037335195f,-0.1840622763423392f,0f,0.3648643037335195f,0.9303984116374571f,-0.03511175705587434f,1.5f,0.18406227634233918f,-0.03511175705587438f,0.9822872507286886f,0f,0f,0f,0f,1f],start_interpolation:0}
execute if entity @s[tag=aj.corrupted_beacon_core.bone.20] run data modify entity @s {} merge value {transformation:[0.9126856623661459f,-0.3648643037335195f,-0.1840622763423392f,0f,0.3648643037335195f,0.9303984116374571f,-0.03511175705587434f,1.5f,0.18406227634233918f,-0.03511175705587438f,0.9822872507286886f,0f,0f,0f,0f,1f],start_interpolation:0}
execute if entity @s[tag=aj.corrupted_beacon_core.bone.21] run data modify entity @s {} merge value {transformation:[0.8841138561624031f,0.429492453681461f,-0.1840622763423392f,0f,-0.4425933538200826f,0.8960347580706567f,-0.03511175705587434f,1.5f,0.14984596256134744f,0.11250753112542128f,0.9822872507286886f,0f,0f,0f,0f,1f],start_interpolation:0}
execute if entity @s[tag=aj.corrupted_beacon_core.bone.22] run data modify entity @s {} merge value {transformation:[0.8841138561624031f,0.429492453681461f,-0.1840622763423392f,0f,-0.4425933538200826f,0.8960347580706567f,-0.03511175705587434f,1.5f,0.14984596256134744f,0.11250753112542128f,0.9822872507286886f,0f,0f,0f,0f,1f],start_interpolation:0}
execute if entity @s[tag=aj.corrupted_beacon_core.bone.23] run data modify entity @s {} merge value {transformation:[0.8841138561624031f,0.429492453681461f,-0.1840622763423392f,0f,-0.4425933538200826f,0.8960347580706567f,-0.03511175705587434f,1.5f,0.14984596256134744f,0.11250753112542128f,0.9822872507286886f,0f,0f,0f,0f,1f],start_interpolation:0}
execute if entity @s[tag=aj.corrupted_beacon_core.bone.24] run data modify entity @s {} merge value {transformation:[0.8841138561624031f,0.429492453681461f,-0.1840622763423392f,0f,-0.4425933538200826f,0.8960347580706567f,-0.03511175705587434f,1.5f,0.14984596256134744f,0.11250753112542128f,0.9822872507286886f,0f,0f,0f,0f,1f],start_interpolation:0}
execute if entity @s[tag=aj.corrupted_beacon_core.bone.25] run data modify entity @s {} merge value {transformation:[0.8841138561624031f,0.429492453681461f,-0.1840622763423392f,0f,-0.4425933538200826f,0.8960347580706567f,-0.03511175705587434f,1.5f,0.14984596256134744f,0.11250753112542128f,0.9822872507286886f,0f,0f,0f,0f,1f],start_interpolation:0}
execute if entity @s[tag=aj.corrupted_beacon_core.bone.26] run data modify entity @s {} merge value {transformation:[0.8841138561624031f,0.429492453681461f,-0.1840622763423392f,0f,-0.4425933538200826f,0.8960347580706567f,-0.03511175705587434f,1.5f,0.14984596256134744f,0.11250753112542128f,0.9822872507286886f,0f,0f,0f,0f,1f],start_interpolation:0}
execute if entity @s[tag=aj.corrupted_beacon_core.bone.27] run data modify entity @s {} merge value {transformation:[0.9142068051367562f,-0.36547241090640875f,-0.18436904680290978f,0f,0.36547241090640875f,0.9319490756568528f,-0.03517027665096747f,1.5f,0.18436904680290975f,-0.03517027665096751f,0.9839243961465698f,0f,0f,0f,0f,1f],start_interpolation:0}