execute if entity @s[tag=aj.corrupted_beacon_core.bone.exterior] run data modify entity @s {} merge value {transformation:[-3.649994986406584f,-2.7434331902924654f,-2.3163572543130106f,0f,-2.316357254313011f,4.322958978570315f,-1.4700050135934168f,1.5025f,2.7434331902924645f,-4.78082214668648e-16f,-4.322958978570315f,0f,0f,0f,0f,1f],start_interpolation:0}
execute if entity @s[tag=aj.corrupted_beacon_core.bone.1] run data modify entity @s {} merge value {transformation:[-0.8905046949361534f,0.07054553241324084f,0.45316754877673177f,0f,-0.07054553241324078f,0.9568971104416978f,-0.28758887147449336f,1.5f,-0.45316754877673177f,-0.2875888714744933f,-0.8457351387111848f,0f,0f,0f,0f,1f],start_interpolation:0}
execute if entity @s[tag=aj.corrupted_beacon_core.bone.2] run data modify entity @s {} merge value {transformation:[-0.8905046949361534f,0.07054553241324084f,0.45316754877673177f,0f,-0.07054553241324078f,0.9568971104416978f,-0.28758887147449336f,1.5f,-0.45316754877673177f,-0.2875888714744933f,-0.8457351387111848f,0f,0f,0f,0f,1f],start_interpolation:0}
execute if entity @s[tag=aj.corrupted_beacon_core.bone.3] run data modify entity @s {} merge value {transformation:[0.5359843361115502f,-0.714630026859955f,0.45316754877673177f,0f,-0.6711265174092681f,-0.6857243978051574f,-0.28758887147449336f,1.5f,0.5154086729812363f,-0.14974006169360704f,-0.8457351387111848f,0f,0f,0f,0f,1f],start_interpolation:0}
execute if entity @s[tag=aj.corrupted_beacon_core.bone.4] run data modify entity @s {} merge value {transformation:[-0.19531495459802392f,-0.8716807628697397f,0.45316754877673177f,0f,-0.9572907297626129f,0.06498623566342977f,-0.28758887147449336f,1.5f,0.2208679205589788f,-0.4891682204806818f,-0.8457351387111848f,0f,0f,0f,0f,1f],start_interpolation:0}
execute if entity @s[tag=aj.corrupted_beacon_core.bone.5] run data modify entity @s {} merge value {transformation:[-0.19531495459802392f,-0.8716807628697397f,0.45316754877673177f,0f,-0.9572907297626129f,0.06498623566342977f,-0.28758887147449336f,1.5f,0.2208679205589788f,-0.4891682204806818f,-0.8457351387111848f,0f,0f,0f,0f,1f],start_interpolation:0}
execute if entity @s[tag=aj.corrupted_beacon_core.bone.6] run data modify entity @s {} merge value {transformation:[-0.19531495459802392f,-0.8716807628697397f,0.45316754877673177f,0f,-0.9572907297626129f,0.06498623566342977f,-0.28758887147449336f,1.5f,0.2208679205589788f,-0.4891682204806818f,-0.8457351387111848f,0f,0f,0f,0f,1f],start_interpolation:0}
execute if entity @s[tag=aj.corrupted_beacon_core.bone.7] run data modify entity @s {} merge value {transformation:[0.5359843361115502f,-0.714630026859955f,0.45316754877673177f,0f,-0.6711265174092681f,-0.6857243978051574f,-0.28758887147449336f,1.5f,0.5154086729812363f,-0.14974006169360704f,-0.8457351387111848f,0f,0f,0f,0f,1f],start_interpolation:0}
execute if entity @s[tag=aj.corrupted_beacon_core.bone.8] run data modify entity @s {} merge value {transformation:[0.5359843361115502f,-0.714630026859955f,0.45316754877673177f,0f,-0.6711265174092681f,-0.6857243978051574f,-0.28758887147449336f,1.5f,0.5154086729812363f,-0.14974006169360704f,-0.8457351387111848f,0f,0f,0f,0f,1f],start_interpolation:0}
execute if entity @s[tag=aj.corrupted_beacon_core.bone.9] run data modify entity @s {} merge value {transformation:[-0.7128896457825357f,0.5358267949789971f,0.45241352623301007f,0f,0.45241352623300995f,0.8443279255020147f,-0.2871103542174642f,1.5f,-0.5358267949789972f,3.7864281321212477e-17f,-0.8443279255020147f,0f,0f,0f,0f,1f],start_interpolation:0}
execute if entity @s[tag=aj.corrupted_beacon_core.bone.10] run data modify entity @s {} merge value {transformation:[0.5350925152527954f,-0.713440958595629f,0.45241352623301007f,0f,-0.6700098343520147f,-0.6845834254294416f,-0.2871103542174642f,1.5f,0.5145510878348448f,-0.14949091017664595f,-0.8443279255020147f,0f,0f,0f,0f,1f],start_interpolation:0}
execute if entity @s[tag=aj.corrupted_beacon_core.bone.11] run data modify entity @s {} merge value {transformation:[0.5350925152527954f,-0.713440958595629f,0.45241352623301007f,0f,-0.6700098343520147f,-0.6845834254294416f,-0.2871103542174642f,1.5f,0.5145510878348448f,-0.14949091017664595f,-0.8443279255020147f,0f,0f,0f,0f,1f],start_interpolation:0}
execute if entity @s[tag=aj.corrupted_beacon_core.bone.12] run data modify entity @s {} merge value {transformation:[0.5350925152527954f,-0.713440958595629f,0.45241352623301007f,0f,-0.6700098343520147f,-0.6845834254294416f,-0.2871103542174642f,1.5f,0.5145510878348448f,-0.14949091017664595f,-0.8443279255020147f,0f,0f,0f,0f,1f],start_interpolation:0}
execute if entity @s[tag=aj.corrupted_beacon_core.bone.13] run data modify entity @s {} merge value {transformation:[0.5350925152527954f,-0.713440958595629f,0.45241352623301007f,0f,-0.6700098343520147f,-0.6845834254294416f,-0.2871103542174642f,1.5f,0.5145510878348448f,-0.14949091017664595f,-0.8443279255020147f,0f,0f,0f,0f,1f],start_interpolation:0}
execute if entity @s[tag=aj.corrupted_beacon_core.bone.14] run data modify entity @s {} merge value {transformation:[0.5350925152527954f,-0.713440958595629f,0.45241352623301007f,0f,-0.6700098343520147f,-0.6845834254294416f,-0.2871103542174642f,1.5f,0.5145510878348448f,-0.14949091017664595f,-0.8443279255020147f,0f,0f,0f,0f,1f],start_interpolation:0}
execute if entity @s[tag=aj.corrupted_beacon_core.bone.15] run data modify entity @s {} merge value {transformation:[-0.8890229899528985f,0.07042815215964143f,0.45241352623301007f,0f,-0.07042815215964138f,0.9553049355491159f,-0.2871103542174642f,1.5f,-0.45241352623301007f,-0.28711035421746417f,-0.8443279255020147f,0f,0f,0f,0f,1f],start_interpolation:0}
execute if entity @s[tag=aj.corrupted_beacon_core.bone.16] run data modify entity @s {} merge value {transformation:[-0.8890229899528985f,0.07042815215964143f,0.45241352623301007f,0f,-0.07042815215964138f,0.9553049355491159f,-0.2871103542174642f,1.5f,-0.45241352623301007f,-0.28711035421746417f,-0.8443279255020147f,0f,0f,0f,0f,1f],start_interpolation:0}
execute if entity @s[tag=aj.corrupted_beacon_core.bone.17] run data modify entity @s {} merge value {transformation:[-0.8890229899528985f,0.07042815215964143f,0.45241352623301007f,0f,-0.07042815215964138f,0.9553049355491159f,-0.2871103542174642f,1.5f,-0.45241352623301007f,-0.28711035421746417f,-0.8443279255020147f,0f,0f,0f,0f,1f],start_interpolation:0}
execute if entity @s[tag=aj.corrupted_beacon_core.bone.18] run data modify entity @s {} merge value {transformation:[-0.8890229899528985f,0.07042815215964143f,0.45241352623301007f,0f,-0.07042815215964138f,0.9553049355491159f,-0.2871103542174642f,1.5f,-0.45241352623301007f,-0.28711035421746417f,-0.8443279255020147f,0f,0f,0f,0f,1f],start_interpolation:0}
execute if entity @s[tag=aj.corrupted_beacon_core.bone.19] run data modify entity @s {} merge value {transformation:[-0.8890229899528985f,0.07042815215964143f,0.45241352623301007f,0f,-0.07042815215964138f,0.9553049355491159f,-0.2871103542174642f,1.5f,-0.45241352623301007f,-0.28711035421746417f,-0.8443279255020147f,0f,0f,0f,0f,1f],start_interpolation:0}
execute if entity @s[tag=aj.corrupted_beacon_core.bone.20] run data modify entity @s {} merge value {transformation:[-0.8890229899528985f,0.07042815215964143f,0.45241352623301007f,0f,-0.07042815215964138f,0.9553049355491159f,-0.2871103542174642f,1.5f,-0.45241352623301007f,-0.28711035421746417f,-0.8443279255020147f,0f,0f,0f,0f,1f],start_interpolation:0}
execute if entity @s[tag=aj.corrupted_beacon_core.bone.21] run data modify entity @s {} merge value {transformation:[-0.19498997131250306f,-0.8702303789048982f,0.45241352623301007f,0f,-0.9556978999293971f,0.06487810548761708f,-0.2871103542174642f,1.5f,0.22050041985921343f,-0.4883542966529269f,-0.8443279255020147f,0f,0f,0f,0f,1f],start_interpolation:0}
execute if entity @s[tag=aj.corrupted_beacon_core.bone.22] run data modify entity @s {} merge value {transformation:[-0.19498997131250306f,-0.8702303789048982f,0.45241352623301007f,0f,-0.9556978999293971f,0.06487810548761708f,-0.2871103542174642f,1.5f,0.22050041985921343f,-0.4883542966529269f,-0.8443279255020147f,0f,0f,0f,0f,1f],start_interpolation:0}
execute if entity @s[tag=aj.corrupted_beacon_core.bone.23] run data modify entity @s {} merge value {transformation:[-0.19498997131250306f,-0.8702303789048982f,0.45241352623301007f,0f,-0.9556978999293971f,0.06487810548761708f,-0.2871103542174642f,1.5f,0.22050041985921343f,-0.4883542966529269f,-0.8443279255020147f,0f,0f,0f,0f,1f],start_interpolation:0}
execute if entity @s[tag=aj.corrupted_beacon_core.bone.24] run data modify entity @s {} merge value {transformation:[-0.19498997131250306f,-0.8702303789048982f,0.45241352623301007f,0f,-0.9556978999293971f,0.06487810548761708f,-0.2871103542174642f,1.5f,0.22050041985921343f,-0.4883542966529269f,-0.8443279255020147f,0f,0f,0f,0f,1f],start_interpolation:0}
execute if entity @s[tag=aj.corrupted_beacon_core.bone.25] run data modify entity @s {} merge value {transformation:[-0.19498997131250306f,-0.8702303789048982f,0.45241352623301007f,0f,-0.9556978999293971f,0.06487810548761708f,-0.2871103542174642f,1.5f,0.22050041985921343f,-0.4883542966529269f,-0.8443279255020147f,0f,0f,0f,0f,1f],start_interpolation:0}
execute if entity @s[tag=aj.corrupted_beacon_core.bone.26] run data modify entity @s {} merge value {transformation:[-0.19498997131250306f,-0.8702303789048982f,0.45241352623301007f,0f,-0.9556978999293971f,0.06487810548761708f,-0.2871103542174642f,1.5f,0.22050041985921343f,-0.4883542966529269f,-0.8443279255020147f,0f,0f,0f,0f,1f],start_interpolation:0}
execute if entity @s[tag=aj.corrupted_beacon_core.bone.27] run data modify entity @s {} merge value {transformation:[-0.8905046949361534f,0.07054553241324084f,0.45316754877673177f,0f,-0.07054553241324078f,0.9568971104416978f,-0.28758887147449336f,1.5f,-0.45316754877673177f,-0.2875888714744933f,-0.8457351387111848f,0f,0f,0f,0f,1f],start_interpolation:0}