execute if entity @s[tag=aj.corrupted_beacon_core.bone.exterior] run data modify entity @s {} merge value {transformation:[-1.4700050135934124f,4.322958978570318f,-2.3163572543130098f,0f,-2.3163572543130098f,-2.7434331902924622f,-3.6499949864065866f,1.5025f,-4.322958978570318f,8.136268818991852e-16f,2.7434331902924622f,0f,0f,0f,0f,1f],start_interpolation:0}
execute if entity @s[tag=aj.corrupted_beacon_core.bone.1] run data modify entity @s {} merge value {transformation:[-0.5599799719183701f,0.6959868640262554f,0.4531675487767313f,0f,-0.6959868640262554f,-0.09503314488899814f,-0.7140777951921741f,1.5f,-0.4531675487767315f,-0.7140777951921742f,0.5367198396372949f,0f,0f,0f,0f,1f],start_interpolation:0}
execute if entity @s[tag=aj.corrupted_beacon_core.bone.2] run data modify entity @s {} merge value {transformation:[-0.5599799719183701f,0.6959868640262554f,0.4531675487767313f,0f,-0.6959868640262554f,-0.09503314488899814f,-0.7140777951921741f,1.5f,-0.4531675487767315f,-0.7140777951921742f,0.5367198396372949f,0f,0f,0f,0f,1f],start_interpolation:0}
execute if entity @s[tag=aj.corrupted_beacon_core.bone.3] run data modify entity @s {} merge value {transformation:[0.6025763561368324f,-0.6594520595704113f,0.4531675487767313f,0f,0.6886463123930913f,0.1385469954636029f,-0.7140777951921741f,1.5f,0.40743601039103733f,0.7411233516004352f,0.5367198396372949f,0f,0f,0f,0f,1f],start_interpolation:0}
execute if entity @s[tag=aj.corrupted_beacon_core.bone.4] run data modify entity @s {} merge value {transformation:[-0.8362844347182156f,0.3140121464128967f,0.4531675487767313f,0f,-0.5506893374925713f,-0.43608516037190215f,-0.7140777951921741f,1.5f,-0.026565182685964125f,-0.8453178194736516f,0.5367198396372949f,0f,0f,0f,0f,1f],start_interpolation:0}
execute if entity @s[tag=aj.corrupted_beacon_core.bone.5] run data modify entity @s {} merge value {transformation:[-0.8362844347182156f,0.3140121464128967f,0.4531675487767313f,0f,-0.5506893374925713f,-0.43608516037190215f,-0.7140777951921741f,1.5f,-0.026565182685964125f,-0.8453178194736516f,0.5367198396372949f,0f,0f,0f,0f,1f],start_interpolation:0}
execute if entity @s[tag=aj.corrupted_beacon_core.bone.6] run data modify entity @s {} merge value {transformation:[-0.8362844347182156f,0.3140121464128967f,0.4531675487767313f,0f,-0.5506893374925713f,-0.43608516037190215f,-0.7140777951921741f,1.5f,-0.026565182685964125f,-0.8453178194736516f,0.5367198396372949f,0f,0f,0f,0f,1f],start_interpolation:0}
execute if entity @s[tag=aj.corrupted_beacon_core.bone.7] run data modify entity @s {} merge value {transformation:[0.6025763561368324f,-0.6594520595704113f,0.4531675487767313f,0f,0.6886463123930913f,0.1385469954636029f,-0.7140777951921741f,1.5f,0.40743601039103733f,0.7411233516004352f,0.5367198396372949f,0f,0f,0f,0f,1f],start_interpolation:0}
execute if entity @s[tag=aj.corrupted_beacon_core.bone.8] run data modify entity @s {} merge value {transformation:[0.6025763561368324f,-0.6594520595704113f,0.4531675487767313f,0f,0.6886463123930913f,0.1385469954636029f,-0.7140777951921741f,1.5f,0.40743601039103733f,0.7411233516004352f,0.5367198396372949f,0f,0f,0f,0f,1f],start_interpolation:0}
execute if entity @s[tag=aj.corrupted_beacon_core.bone.9] run data modify entity @s {} merge value {transformation:[-0.28711035421746356f,-0.8443279255020152f,0.4524135262330096f,0f,0.4524135262330097f,-0.5358267949789965f,-0.7128896457825364f,1.5f,0.8443279255020152f,-4.788919790841895e-17f,0.5358267949789965f,0f,0f,0f,0f,1f],start_interpolation:0}
execute if entity @s[tag=aj.corrupted_beacon_core.bone.10] run data modify entity @s {} merge value {transformation:[0.6015737332480855f,-0.6583548015677982f,0.4524135262330096f,0f,0.6875004782626535f,0.13831646801690806f,-0.7128896457825364f,1.5f,0.40675808025727517f,0.7398902012649935f,0.5358267949789965f,0f,0f,0f,0f,1f],start_interpolation:0}
execute if entity @s[tag=aj.corrupted_beacon_core.bone.11] run data modify entity @s {} merge value {transformation:[0.6015737332480855f,-0.6583548015677982f,0.4524135262330096f,0f,0.6875004782626535f,0.13831646801690806f,-0.7128896457825364f,1.5f,0.40675808025727517f,0.7398902012649935f,0.5358267949789965f,0f,0f,0f,0f,1f],start_interpolation:0}
execute if entity @s[tag=aj.corrupted_beacon_core.bone.12] run data modify entity @s {} merge value {transformation:[0.6015737332480855f,-0.6583548015677982f,0.4524135262330096f,0f,0.6875004782626535f,0.13831646801690806f,-0.7128896457825364f,1.5f,0.40675808025727517f,0.7398902012649935f,0.5358267949789965f,0f,0f,0f,0f,1f],start_interpolation:0}
execute if entity @s[tag=aj.corrupted_beacon_core.bone.13] run data modify entity @s {} merge value {transformation:[0.6015737332480855f,-0.6583548015677982f,0.4524135262330096f,0f,0.6875004782626535f,0.13831646801690806f,-0.7128896457825364f,1.5f,0.40675808025727517f,0.7398902012649935f,0.5358267949789965f,0f,0f,0f,0f,1f],start_interpolation:0}
execute if entity @s[tag=aj.corrupted_beacon_core.bone.14] run data modify entity @s {} merge value {transformation:[0.6015737332480855f,-0.6583548015677982f,0.4524135262330096f,0f,0.6875004782626535f,0.13831646801690806f,-0.7128896457825364f,1.5f,0.40675808025727517f,0.7398902012649935f,0.5358267949789965f,0f,0f,0f,0f,1f],start_interpolation:0}
execute if entity @s[tag=aj.corrupted_beacon_core.bone.15] run data modify entity @s {} merge value {transformation:[-0.5590482248769086f,0.6948288159995895f,0.4524135262330096f,0f,-0.6948288159995895f,-0.09487501985590496f,-0.7128896457825364f,1.5f,-0.4524135262330098f,-0.7128896457825366f,0.5358267949789965f,0f,0f,0f,0f,1f],start_interpolation:0}
execute if entity @s[tag=aj.corrupted_beacon_core.bone.16] run data modify entity @s {} merge value {transformation:[-0.5590482248769086f,0.6948288159995895f,0.4524135262330096f,0f,-0.6948288159995895f,-0.09487501985590496f,-0.7128896457825364f,1.5f,-0.4524135262330098f,-0.7128896457825366f,0.5358267949789965f,0f,0f,0f,0f,1f],start_interpolation:0}
execute if entity @s[tag=aj.corrupted_beacon_core.bone.17] run data modify entity @s {} merge value {transformation:[-0.5590482248769086f,0.6948288159995895f,0.4524135262330096f,0f,-0.6948288159995895f,-0.09487501985590496f,-0.7128896457825364f,1.5f,-0.4524135262330098f,-0.7128896457825366f,0.5358267949789965f,0f,0f,0f,0f,1f],start_interpolation:0}
execute if entity @s[tag=aj.corrupted_beacon_core.bone.18] run data modify entity @s {} merge value {transformation:[-0.5590482248769086f,0.6948288159995895f,0.4524135262330096f,0f,-0.6948288159995895f,-0.09487501985590496f,-0.7128896457825364f,1.5f,-0.4524135262330098f,-0.7128896457825366f,0.5358267949789965f,0f,0f,0f,0f,1f],start_interpolation:0}
execute if entity @s[tag=aj.corrupted_beacon_core.bone.19] run data modify entity @s {} merge value {transformation:[-0.5590482248769086f,0.6948288159995895f,0.4524135262330096f,0f,-0.6948288159995895f,-0.09487501985590496f,-0.7128896457825364f,1.5f,-0.4524135262330098f,-0.7128896457825366f,0.5358267949789965f,0f,0f,0f,0f,1f],start_interpolation:0}
execute if entity @s[tag=aj.corrupted_beacon_core.bone.20] run data modify entity @s {} merge value {transformation:[-0.5590482248769086f,0.6948288159995895f,0.4524135262330096f,0f,-0.6948288159995895f,-0.09487501985590496f,-0.7128896457825364f,1.5f,-0.4524135262330098f,-0.7128896457825366f,0.5358267949789965f,0f,0f,0f,0f,1f],start_interpolation:0}
execute if entity @s[tag=aj.corrupted_beacon_core.bone.21] run data modify entity @s {} merge value {transformation:[-0.8348929464740921f,0.3134896636401631f,0.4524135262330096f,0f,-0.5497730490774422f,-0.43535956110339646f,-0.7128896457825364f,1.5f,-0.026520981050879324f,-0.8439113006392528f,0.5358267949789965f,0f,0f,0f,0f,1f],start_interpolation:0}
execute if entity @s[tag=aj.corrupted_beacon_core.bone.22] run data modify entity @s {} merge value {transformation:[-0.8348929464740921f,0.3134896636401631f,0.4524135262330096f,0f,-0.5497730490774422f,-0.43535956110339646f,-0.7128896457825364f,1.5f,-0.026520981050879324f,-0.8439113006392528f,0.5358267949789965f,0f,0f,0f,0f,1f],start_interpolation:0}
execute if entity @s[tag=aj.corrupted_beacon_core.bone.23] run data modify entity @s {} merge value {transformation:[-0.8348929464740921f,0.3134896636401631f,0.4524135262330096f,0f,-0.5497730490774422f,-0.43535956110339646f,-0.7128896457825364f,1.5f,-0.026520981050879324f,-0.8439113006392528f,0.5358267949789965f,0f,0f,0f,0f,1f],start_interpolation:0}
execute if entity @s[tag=aj.corrupted_beacon_core.bone.24] run data modify entity @s {} merge value {transformation:[-0.8348929464740921f,0.3134896636401631f,0.4524135262330096f,0f,-0.5497730490774422f,-0.43535956110339646f,-0.7128896457825364f,1.5f,-0.026520981050879324f,-0.8439113006392528f,0.5358267949789965f,0f,0f,0f,0f,1f],start_interpolation:0}
execute if entity @s[tag=aj.corrupted_beacon_core.bone.25] run data modify entity @s {} merge value {transformation:[-0.8348929464740921f,0.3134896636401631f,0.4524135262330096f,0f,-0.5497730490774422f,-0.43535956110339646f,-0.7128896457825364f,1.5f,-0.026520981050879324f,-0.8439113006392528f,0.5358267949789965f,0f,0f,0f,0f,1f],start_interpolation:0}
execute if entity @s[tag=aj.corrupted_beacon_core.bone.26] run data modify entity @s {} merge value {transformation:[-0.8348929464740921f,0.3134896636401631f,0.4524135262330096f,0f,-0.5497730490774422f,-0.43535956110339646f,-0.7128896457825364f,1.5f,-0.026520981050879324f,-0.8439113006392528f,0.5358267949789965f,0f,0f,0f,0f,1f],start_interpolation:0}
execute if entity @s[tag=aj.corrupted_beacon_core.bone.27] run data modify entity @s {} merge value {transformation:[-0.5599799719183701f,0.6959868640262554f,0.4531675487767313f,0f,-0.6959868640262554f,-0.09503314488899814f,-0.7140777951921741f,1.5f,-0.4531675487767315f,-0.7140777951921742f,0.5367198396372949f,0f,0f,0f,0f,1f],start_interpolation:0}