execute if entity @s[tag=aj.corrupted_beacon_core.bone.exterior] run data modify entity @s {} merge value {transformation:[-1.1882834048537694f,-4.486690201824581f,2.1614794892851585f,0f,2.1614794892851585f,-2.466578811400782f,-3.931716595146231f,1.5025f,4.486690201824581f,-8.336781737470667e-16f,2.4665788114007823f,0f,0f,0f,0f,1f],start_interpolation:0}
execute if entity @s[tag=aj.corrupted_beacon_core.bone.1] run data modify entity @s {} merge value {transformation:[-0.6571983320603136f,-0.6265855745511111f,-0.4228675693555926f,0f,0.6265855745511112f,-0.1380882622855317f,-0.7691932531519808f,1.5f,0.42286756935559244f,-0.7691932531519808f,0.4825565968918847f,0f,0f,0f,0f,1f],start_interpolation:0}
execute if entity @s[tag=aj.corrupted_beacon_core.bone.2] run data modify entity @s {} merge value {transformation:[-0.6571983320603136f,-0.6265855745511111f,-0.4228675693555926f,0f,0.6265855745511112f,-0.1380882622855317f,-0.7691932531519808f,1.5f,0.42286756935559244f,-0.7691932531519808f,0.4825565968918847f,0f,0f,0f,0f,1f],start_interpolation:0}
execute if entity @s[tag=aj.corrupted_beacon_core.bone.3] run data modify entity @s {} merge value {transformation:[-0.6371925158316445f,-0.6469194908692608f,-0.4228675693555926f,0f,0.630613849532535f,-0.11833859553983732f,-0.7691932531519808f,1.5f,0.44681985369610416f,-0.7555311113714815f,0.4825565968918847f,0f,0f,0f,0f,1f],start_interpolation:0}
execute if entity @s[tag=aj.corrupted_beacon_core.bone.4] run data modify entity @s {} merge value {transformation:[0.2186573660488538f,-0.8813104368898518f,-0.4228675693555926f,0f,0.43039507082126793f,0.47585494998932126f,-0.7691932531519808f,1.5f,0.8776589032172145f,-0.013787367797726808f,0.4825565968918847f,0f,0f,0f,0f,1f],start_interpolation:0}
execute if entity @s[tag=aj.corrupted_beacon_core.bone.5] run data modify entity @s {} merge value {transformation:[0.2186573660488538f,-0.8813104368898518f,-0.4228675693555926f,0f,0.43039507082126793f,0.47585494998932126f,-0.7691932531519808f,1.5f,0.8776589032172145f,-0.013787367797726808f,0.4825565968918847f,0f,0f,0f,0f,1f],start_interpolation:0}
execute if entity @s[tag=aj.corrupted_beacon_core.bone.6] run data modify entity @s {} merge value {transformation:[0.2186573660488538f,-0.8813104368898518f,-0.4228675693555926f,0f,0.43039507082126793f,0.47585494998932126f,-0.7691932531519808f,1.5f,0.8776589032172145f,-0.013787367797726808f,0.4825565968918847f,0f,0f,0f,0f,1f],start_interpolation:0}
execute if entity @s[tag=aj.corrupted_beacon_core.bone.7] run data modify entity @s {} merge value {transformation:[-0.6371925158316445f,-0.6469194908692608f,-0.4228675693555926f,0f,0.630613849532535f,-0.11833859553983732f,-0.7691932531519808f,1.5f,0.44681985369610416f,-0.7555311113714815f,0.4825565968918847f,0f,0f,0f,0f,1f],start_interpolation:0}
execute if entity @s[tag=aj.corrupted_beacon_core.bone.8] run data modify entity @s {} merge value {transformation:[-0.6371925158316445f,-0.6469194908692608f,-0.4228675693555926f,0f,0.630613849532535f,-0.11833859553983732f,-0.7691932531519808f,1.5f,0.44681985369610416f,-0.7555311113714815f,0.4825565968918847f,0f,0f,0f,0f,1f],start_interpolation:0}
execute if entity @s[tag=aj.corrupted_beacon_core.bone.9] run data modify entity @s {} merge value {transformation:[-0.23208660251050162f,0.8763066800438636f,-0.4221639627510076f,0f,-0.42216396275100754f,-0.4817536741017152f,-0.7679133974894983f,1.5f,-0.8763066800438636f,5.180546584745831e-17f,0.48175367410171516f,0f,0f,0f,0f,1f],start_interpolation:0}
execute if entity @s[tag=aj.corrupted_beacon_core.bone.10] run data modify entity @s {} merge value {transformation:[-0.6361322953394121f,-0.6458430857263835f,-0.4221639627510076f,0f,0.6295645752404675f,-0.11814169271863958f,-0.7679133974894983f,1.5f,0.44607639304103575f,-0.7542739880580515f,0.48175367410171516f,0f,0f,0f,0f,1f],start_interpolation:0}
execute if entity @s[tag=aj.corrupted_beacon_core.bone.11] run data modify entity @s {} merge value {transformation:[-0.6361322953394121f,-0.6458430857263835f,-0.4221639627510076f,0f,0.6295645752404675f,-0.11814169271863958f,-0.7679133974894983f,1.5f,0.44607639304103575f,-0.7542739880580515f,0.48175367410171516f,0f,0f,0f,0f,1f],start_interpolation:0}
execute if entity @s[tag=aj.corrupted_beacon_core.bone.12] run data modify entity @s {} merge value {transformation:[-0.6361322953394121f,-0.6458430857263835f,-0.4221639627510076f,0f,0.6295645752404675f,-0.11814169271863958f,-0.7679133974894983f,1.5f,0.44607639304103575f,-0.7542739880580515f,0.48175367410171516f,0f,0f,0f,0f,1f],start_interpolation:0}
execute if entity @s[tag=aj.corrupted_beacon_core.bone.13] run data modify entity @s {} merge value {transformation:[-0.6361322953394121f,-0.6458430857263835f,-0.4221639627510076f,0f,0.6295645752404675f,-0.11814169271863958f,-0.7679133974894983f,1.5f,0.44607639304103575f,-0.7542739880580515f,0.48175367410171516f,0f,0f,0f,0f,1f],start_interpolation:0}
execute if entity @s[tag=aj.corrupted_beacon_core.bone.14] run data modify entity @s {} merge value {transformation:[-0.6361322953394121f,-0.6458430857263835f,-0.4221639627510076f,0f,0.6295645752404675f,-0.11814169271863958f,-0.7679133974894983f,1.5f,0.44607639304103575f,-0.7542739880580515f,0.48175367410171516f,0f,0f,0f,0f,1f],start_interpolation:0}
execute if entity @s[tag=aj.corrupted_beacon_core.bone.15] run data modify entity @s {} merge value {transformation:[-0.6561048240202798f,-0.6255430028796449f,-0.4221639627510076f,0f,0.625543002879645f,-0.13785849812199505f,-0.7679133974894983f,1.5f,0.4221639627510074f,-0.7679133974894983f,0.48175367410171516f,0f,0f,0f,0f,1f],start_interpolation:0}
execute if entity @s[tag=aj.corrupted_beacon_core.bone.16] run data modify entity @s {} merge value {transformation:[-0.6561048240202798f,-0.6255430028796449f,-0.4221639627510076f,0f,0.625543002879645f,-0.13785849812199505f,-0.7679133974894983f,1.5f,0.4221639627510074f,-0.7679133974894983f,0.48175367410171516f,0f,0f,0f,0f,1f],start_interpolation:0}
execute if entity @s[tag=aj.corrupted_beacon_core.bone.17] run data modify entity @s {} merge value {transformation:[-0.6561048240202798f,-0.6255430028796449f,-0.4221639627510076f,0f,0.625543002879645f,-0.13785849812199505f,-0.7679133974894983f,1.5f,0.4221639627510074f,-0.7679133974894983f,0.48175367410171516f,0f,0f,0f,0f,1f],start_interpolation:0}
execute if entity @s[tag=aj.corrupted_beacon_core.bone.18] run data modify entity @s {} merge value {transformation:[-0.6561048240202798f,-0.6255430028796449f,-0.4221639627510076f,0f,0.625543002879645f,-0.13785849812199505f,-0.7679133974894983f,1.5f,0.4221639627510074f,-0.7679133974894983f,0.48175367410171516f,0f,0f,0f,0f,1f],start_interpolation:0}
execute if entity @s[tag=aj.corrupted_beacon_core.bone.19] run data modify entity @s {} merge value {transformation:[-0.6561048240202798f,-0.6255430028796449f,-0.4221639627510076f,0f,0.625543002879645f,-0.13785849812199505f,-0.7679133974894983f,1.5f,0.4221639627510074f,-0.7679133974894983f,0.48175367410171516f,0f,0f,0f,0f,1f],start_interpolation:0}
execute if entity @s[tag=aj.corrupted_beacon_core.bone.20] run data modify entity @s {} merge value {transformation:[-0.6561048240202798f,-0.6255430028796449f,-0.4221639627510076f,0f,0.625543002879645f,-0.13785849812199505f,-0.7679133974894983f,1.5f,0.4221639627510074f,-0.7679133974894983f,0.48175367410171516f,0f,0f,0f,0f,1f],start_interpolation:0}
execute if entity @s[tag=aj.corrupted_beacon_core.bone.21] run data modify entity @s {} merge value {transformation:[0.21829354347639313f,-0.8798440301728969f,-0.4221639627510076f,0f,0.4296789392558415f,0.47506317802594467f,-0.7679133974894983f,1.5f,0.8761985722634421f,-0.013764427085916946f,0.48175367410171516f,0f,0f,0f,0f,1f],start_interpolation:0}
execute if entity @s[tag=aj.corrupted_beacon_core.bone.22] run data modify entity @s {} merge value {transformation:[0.21829354347639313f,-0.8798440301728969f,-0.4221639627510076f,0f,0.4296789392558415f,0.47506317802594467f,-0.7679133974894983f,1.5f,0.8761985722634421f,-0.013764427085916946f,0.48175367410171516f,0f,0f,0f,0f,1f],start_interpolation:0}
execute if entity @s[tag=aj.corrupted_beacon_core.bone.23] run data modify entity @s {} merge value {transformation:[0.21829354347639313f,-0.8798440301728969f,-0.4221639627510076f,0f,0.4296789392558415f,0.47506317802594467f,-0.7679133974894983f,1.5f,0.8761985722634421f,-0.013764427085916946f,0.48175367410171516f,0f,0f,0f,0f,1f],start_interpolation:0}
execute if entity @s[tag=aj.corrupted_beacon_core.bone.24] run data modify entity @s {} merge value {transformation:[0.21829354347639313f,-0.8798440301728969f,-0.4221639627510076f,0f,0.4296789392558415f,0.47506317802594467f,-0.7679133974894983f,1.5f,0.8761985722634421f,-0.013764427085916946f,0.48175367410171516f,0f,0f,0f,0f,1f],start_interpolation:0}
execute if entity @s[tag=aj.corrupted_beacon_core.bone.25] run data modify entity @s {} merge value {transformation:[0.21829354347639313f,-0.8798440301728969f,-0.4221639627510076f,0f,0.4296789392558415f,0.47506317802594467f,-0.7679133974894983f,1.5f,0.8761985722634421f,-0.013764427085916946f,0.48175367410171516f,0f,0f,0f,0f,1f],start_interpolation:0}
execute if entity @s[tag=aj.corrupted_beacon_core.bone.26] run data modify entity @s {} merge value {transformation:[0.21829354347639313f,-0.8798440301728969f,-0.4221639627510076f,0f,0.4296789392558415f,0.47506317802594467f,-0.7679133974894983f,1.5f,0.8761985722634421f,-0.013764427085916946f,0.48175367410171516f,0f,0f,0f,0f,1f],start_interpolation:0}
execute if entity @s[tag=aj.corrupted_beacon_core.bone.27] run data modify entity @s {} merge value {transformation:[-0.6571983320603136f,-0.6265855745511111f,-0.4228675693555926f,0f,0.6265855745511112f,-0.1380882622855317f,-0.7691932531519808f,1.5f,0.42286756935559244f,-0.7691932531519808f,0.4825565968918847f,0f,0f,0f,0f,1f],start_interpolation:0}