execute if entity @s[tag=aj.corrupted_beacon_core.bone.exterior] run data modify entity @s {} merge value {transformation:[-0.3166548990877078f,4.959145784978593f,1.2332894057003903f,0f,1.23328940570039f,1.2732922222840553f,-4.803345100912292f,1.5025f,-4.959145784978593f,6.073202012079121e-16f,-1.273292222284055f,0f,0f,0f,0f,1f],start_interpolation:0}
execute if entity @s[tag=aj.corrupted_beacon_core.bone.1] run data modify entity @s {} merge value {transformation:[-0.95512320221159f,-0.18127482563009265f,-0.24127829844594217f,0f,0.1812748256300927f,0.29564783476520623f,-0.9397169289219686f,1.5f,0.24127829844594206f,-0.9397169289219687f,-0.2491043703101293f,0f,0f,0f,0f,1f],start_interpolation:0}
execute if entity @s[tag=aj.corrupted_beacon_core.bone.2] run data modify entity @s {} merge value {transformation:[-0.95512320221159f,-0.18127482563009265f,-0.24127829844594217f,0f,0.1812748256300927f,0.29564783476520623f,-0.9397169289219686f,1.5f,0.24127829844594206f,-0.9397169289219687f,-0.2491043703101293f,0f,0f,0f,0f,1f],start_interpolation:0}
execute if entity @s[tag=aj.corrupted_beacon_core.bone.3] run data modify entity @s {} merge value {transformation:[0.545690974796745f,-0.804575822303604f,-0.24127829844594217f,0f,-0.34332508255340033f,0.048949895794332746f,-0.9397169289219686f,1.5f,0.7666063910679265f,0.5946408705910776f,-0.2491043703101293f,0f,0f,0f,0f,1f],start_interpolation:0}
execute if entity @s[tag=aj.corrupted_beacon_core.bone.4] run data modify entity @s {} merge value {transformation:[-0.8449100039864469f,-0.48088250017417444f,-0.24127829844594217f,0f,0.0757359751196282f,0.33842616134284637f,-0.9397169289219686f,1.5f,0.5326605470160269f,-0.8108981843956075f,-0.2491043703101293f,0f,0f,0f,0f,1f],start_interpolation:0}
execute if entity @s[tag=aj.corrupted_beacon_core.bone.5] run data modify entity @s {} merge value {transformation:[-0.8449100039864469f,-0.48088250017417444f,-0.24127829844594217f,0f,0.0757359751196282f,0.33842616134284637f,-0.9397169289219686f,1.5f,0.5326605470160269f,-0.8108981843956075f,-0.2491043703101293f,0f,0f,0f,0f,1f],start_interpolation:0}
execute if entity @s[tag=aj.corrupted_beacon_core.bone.6] run data modify entity @s {} merge value {transformation:[-0.8449100039864469f,-0.48088250017417444f,-0.24127829844594217f,0f,0.0757359751196282f,0.33842616134284637f,-0.9397169289219686f,1.5f,0.5326605470160269f,-0.8108981843956075f,-0.2491043703101293f,0f,0f,0f,0f,1f],start_interpolation:0}
execute if entity @s[tag=aj.corrupted_beacon_core.bone.7] run data modify entity @s {} merge value {transformation:[0.545690974796745f,-0.804575822303604f,-0.24127829844594217f,0f,-0.34332508255340033f,0.048949895794332746f,-0.9397169289219686f,1.5f,0.7666063910679265f,0.5946408705910776f,-0.2491043703101293f,0f,0f,0f,0f,1f],start_interpolation:0}
execute if entity @s[tag=aj.corrupted_beacon_core.bone.8] run data modify entity @s {} merge value {transformation:[0.545690974796745f,-0.804575822303604f,-0.24127829844594217f,0f,-0.34332508255340033f,0.048949895794332746f,-0.9397169289219686f,1.5f,0.7666063910679265f,0.5946408705910776f,-0.2491043703101293f,0f,0f,0f,0f,1f],start_interpolation:0}
execute if entity @s[tag=aj.corrupted_beacon_core.bone.9] run data modify entity @s {} merge value {transformation:[-0.06184665997806816f,-0.9685831611286313f,-0.2408768370508574f,0f,-0.24087683705085744f,0.24868988716485452f,-0.938153340021932f,1.5f,0.9685831611286313f,-1.1861722679842034e-16f,-0.24868988716485455f,0f,0f,0f,0f,1f],start_interpolation:0}
execute if entity @s[tag=aj.corrupted_beacon_core.bone.10] run data modify entity @s {} merge value {transformation:[0.5447830031248702f,-0.8032370938139142f,-0.2408768370508574f,0f,-0.34275382617643957f,0.04886844838036547f,-0.938153340021932f,1.5f,0.765330839668479f,0.5936514515052356f,-0.24868988716485455f,0f,0f,0f,0f,1f],start_interpolation:0}
execute if entity @s[tag=aj.corrupted_beacon_core.bone.11] run data modify entity @s {} merge value {transformation:[0.5447830031248702f,-0.8032370938139142f,-0.2408768370508574f,0f,-0.34275382617643957f,0.04886844838036547f,-0.938153340021932f,1.5f,0.765330839668479f,0.5936514515052356f,-0.24868988716485455f,0f,0f,0f,0f,1f],start_interpolation:0}
execute if entity @s[tag=aj.corrupted_beacon_core.bone.12] run data modify entity @s {} merge value {transformation:[0.5447830031248702f,-0.8032370938139142f,-0.2408768370508574f,0f,-0.34275382617643957f,0.04886844838036547f,-0.938153340021932f,1.5f,0.765330839668479f,0.5936514515052356f,-0.24868988716485455f,0f,0f,0f,0f,1f],start_interpolation:0}
execute if entity @s[tag=aj.corrupted_beacon_core.bone.13] run data modify entity @s {} merge value {transformation:[0.5447830031248702f,-0.8032370938139142f,-0.2408768370508574f,0f,-0.34275382617643957f,0.04886844838036547f,-0.938153340021932f,1.5f,0.765330839668479f,0.5936514515052356f,-0.24868988716485455f,0f,0f,0f,0f,1f],start_interpolation:0}
execute if entity @s[tag=aj.corrupted_beacon_core.bone.14] run data modify entity @s {} merge value {transformation:[0.5447830031248702f,-0.8032370938139142f,-0.2408768370508574f,0f,-0.34275382617643957f,0.04886844838036547f,-0.938153340021932f,1.5f,0.765330839668479f,0.5936514515052356f,-0.24868988716485455f,0f,0f,0f,0f,1f],start_interpolation:0}
execute if entity @s[tag=aj.corrupted_beacon_core.bone.15] run data modify entity @s {} merge value {transformation:[-0.953533978913401f,-0.18097320362405256f,-0.2408768370508574f,0f,0.18097320362405261f,0.29515590825145377f,-0.938153340021932f,1.5f,0.2408768370508573f,-0.9381533400219321f,-0.24868988716485455f,0f,0f,0f,0f,1f],start_interpolation:0}
execute if entity @s[tag=aj.corrupted_beacon_core.bone.16] run data modify entity @s {} merge value {transformation:[-0.953533978913401f,-0.18097320362405256f,-0.2408768370508574f,0f,0.18097320362405261f,0.29515590825145377f,-0.938153340021932f,1.5f,0.2408768370508573f,-0.9381533400219321f,-0.24868988716485455f,0f,0f,0f,0f,1f],start_interpolation:0}
execute if entity @s[tag=aj.corrupted_beacon_core.bone.17] run data modify entity @s {} merge value {transformation:[-0.953533978913401f,-0.18097320362405256f,-0.2408768370508574f,0f,0.18097320362405261f,0.29515590825145377f,-0.938153340021932f,1.5f,0.2408768370508573f,-0.9381533400219321f,-0.24868988716485455f,0f,0f,0f,0f,1f],start_interpolation:0}
execute if entity @s[tag=aj.corrupted_beacon_core.bone.18] run data modify entity @s {} merge value {transformation:[-0.953533978913401f,-0.18097320362405256f,-0.2408768370508574f,0f,0.18097320362405261f,0.29515590825145377f,-0.938153340021932f,1.5f,0.2408768370508573f,-0.9381533400219321f,-0.24868988716485455f,0f,0f,0f,0f,1f],start_interpolation:0}
execute if entity @s[tag=aj.corrupted_beacon_core.bone.19] run data modify entity @s {} merge value {transformation:[-0.953533978913401f,-0.18097320362405256f,-0.2408768370508574f,0f,0.18097320362405261f,0.29515590825145377f,-0.938153340021932f,1.5f,0.2408768370508573f,-0.9381533400219321f,-0.24868988716485455f,0f,0f,0f,0f,1f],start_interpolation:0}
execute if entity @s[tag=aj.corrupted_beacon_core.bone.20] run data modify entity @s {} merge value {transformation:[-0.953533978913401f,-0.18097320362405256f,-0.2408768370508574f,0f,0.18097320362405261f,0.29515590825145377f,-0.938153340021932f,1.5f,0.2408768370508573f,-0.9381533400219321f,-0.24868988716485455f,0f,0f,0f,0f,1f],start_interpolation:0}
execute if entity @s[tag=aj.corrupted_beacon_core.bone.21] run data modify entity @s {} merge value {transformation:[-0.8435041637135908f,-0.48008236290267f,-0.2408768370508574f,0f,0.07560995852209138f,0.33786305624909785f,-0.938153340021932f,1.5f,0.5317742565883796f,-0.8095489361686596f,-0.24868988716485455f,0f,0f,0f,0f,1f],start_interpolation:0}
execute if entity @s[tag=aj.corrupted_beacon_core.bone.22] run data modify entity @s {} merge value {transformation:[-0.8435041637135908f,-0.48008236290267f,-0.2408768370508574f,0f,0.07560995852209138f,0.33786305624909785f,-0.938153340021932f,1.5f,0.5317742565883796f,-0.8095489361686596f,-0.24868988716485455f,0f,0f,0f,0f,1f],start_interpolation:0}
execute if entity @s[tag=aj.corrupted_beacon_core.bone.23] run data modify entity @s {} merge value {transformation:[-0.8435041637135908f,-0.48008236290267f,-0.2408768370508574f,0f,0.07560995852209138f,0.33786305624909785f,-0.938153340021932f,1.5f,0.5317742565883796f,-0.8095489361686596f,-0.24868988716485455f,0f,0f,0f,0f,1f],start_interpolation:0}
execute if entity @s[tag=aj.corrupted_beacon_core.bone.24] run data modify entity @s {} merge value {transformation:[-0.8435041637135908f,-0.48008236290267f,-0.2408768370508574f,0f,0.07560995852209138f,0.33786305624909785f,-0.938153340021932f,1.5f,0.5317742565883796f,-0.8095489361686596f,-0.24868988716485455f,0f,0f,0f,0f,1f],start_interpolation:0}
execute if entity @s[tag=aj.corrupted_beacon_core.bone.25] run data modify entity @s {} merge value {transformation:[-0.8435041637135908f,-0.48008236290267f,-0.2408768370508574f,0f,0.07560995852209138f,0.33786305624909785f,-0.938153340021932f,1.5f,0.5317742565883796f,-0.8095489361686596f,-0.24868988716485455f,0f,0f,0f,0f,1f],start_interpolation:0}
execute if entity @s[tag=aj.corrupted_beacon_core.bone.26] run data modify entity @s {} merge value {transformation:[-0.8435041637135908f,-0.48008236290267f,-0.2408768370508574f,0f,0.07560995852209138f,0.33786305624909785f,-0.938153340021932f,1.5f,0.5317742565883796f,-0.8095489361686596f,-0.24868988716485455f,0f,0f,0f,0f,1f],start_interpolation:0}
execute if entity @s[tag=aj.corrupted_beacon_core.bone.27] run data modify entity @s {} merge value {transformation:[-0.95512320221159f,-0.18127482563009265f,-0.24127829844594217f,0f,0.1812748256300927f,0.29564783476520623f,-0.9397169289219686f,1.5f,0.24127829844594206f,-0.9397169289219687f,-0.2491043703101293f,0f,0f,0f,0f,1f],start_interpolation:0}