execute if entity @s[tag=aj.corrupted_beacon_core.bone.exterior] run data modify entity @s {} merge value {transformation:[-4.631083505599865f,1.582167011199731f,1.504730245868732f,0f,1.5047302458687313f,4.869409363431187f,-0.4889164944001347f,1.5025f,-1.5821670111997315f,2.2928671338623353e-16f,-4.869409363431187f,0f,0f,0f,0f,1f],start_interpolation:0}
execute if entity @s[tag=aj.corrupted_beacon_core.bone.1] run data modify entity @s {} merge value {transformation:[-0.9573230867788548f,-0.014408102507027449f,-0.29438244718981355f,0f,0.014408102507027449f,0.9969851903767908f,-0.09565065531721385f,1.5f,0.29438244718981355f,-0.09565065531721385f,-0.9526416104889788f,0f,0f,0f,0f,1f],start_interpolation:0}
execute if entity @s[tag=aj.corrupted_beacon_core.bone.2] run data modify entity @s {} merge value {transformation:[-0.9573230867788548f,-0.014408102507027449f,-0.29438244718981355f,0f,0.014408102507027449f,0.9969851903767908f,-0.09565065531721385f,1.5f,0.29438244718981355f,-0.09565065531721385f,-0.9526416104889788f,0f,0f,0f,0f,1f],start_interpolation:0}
execute if entity @s[tag=aj.corrupted_beacon_core.bone.3] run data modify entity @s {} merge value {transformation:[-0.8464399744186428f,-0.4474532999138741f,-0.29438244718981355f,0f,-0.4397840914771502f,0.8948614508023666f,-0.09565065531721385f,1.5f,0.30572116986053854f,0.04842147638372387f,-0.9526416104889788f,0f,0f,0f,0f,1f],start_interpolation:0}
execute if entity @s[tag=aj.corrupted_beacon_core.bone.4] run data modify entity @s {} merge value {transformation:[-0.9532415324988884f,-0.08947439084351759f,-0.29438244718981355f,0f,-0.06385886935555692f,0.9950422644557007f,-0.09565065531721385f,1.5f,0.30097962827226665f,-0.07225881566400043f,-0.9526416104889788f,0f,0f,0f,0f,1f],start_interpolation:0}
execute if entity @s[tag=aj.corrupted_beacon_core.bone.5] run data modify entity @s {} merge value {transformation:[-0.9532415324988884f,-0.08947439084351759f,-0.29438244718981355f,0f,-0.06385886935555692f,0.9950422644557007f,-0.09565065531721385f,1.5f,0.30097962827226665f,-0.07225881566400043f,-0.9526416104889788f,0f,0f,0f,0f,1f],start_interpolation:0}
execute if entity @s[tag=aj.corrupted_beacon_core.bone.6] run data modify entity @s {} merge value {transformation:[-0.9532415324988884f,-0.08947439084351759f,-0.29438244718981355f,0f,-0.06385886935555692f,0.9950422644557007f,-0.09565065531721385f,1.5f,0.30097962827226665f,-0.07225881566400043f,-0.9526416104889788f,0f,0f,0f,0f,1f],start_interpolation:0}
execute if entity @s[tag=aj.corrupted_beacon_core.bone.7] run data modify entity @s {} merge value {transformation:[-0.8464399744186428f,-0.4474532999138741f,-0.29438244718981355f,0f,-0.4397840914771502f,0.8948614508023666f,-0.09565065531721385f,1.5f,0.30572116986053854f,0.04842147638372387f,-0.9526416104889788f,0f,0f,0f,0f,1f],start_interpolation:0}
execute if entity @s[tag=aj.corrupted_beacon_core.bone.8] run data modify entity @s {} merge value {transformation:[-0.8464399744186428f,-0.4474532999138741f,-0.29438244718981355f,0f,-0.4397840914771502f,0.8948614508023666f,-0.09565065531721385f,1.5f,0.30572116986053854f,0.04842147638372387f,-0.9526416104889788f,0f,0f,0f,0f,1f],start_interpolation:0}
execute if entity @s[tag=aj.corrupted_beacon_core.bone.9] run data modify entity @s {} merge value {transformation:[-0.9045084971874737f,-0.30901699437494745f,-0.29389262614623646f,0f,-0.29389262614623657f,0.9510565162951535f,-0.0954915028125263f,1.5f,0.30901699437494734f,-3.090477340043428e-17f,-0.9510565162951535f,0f,0f,0f,0f,1f],start_interpolation:0}
execute if entity @s[tag=aj.corrupted_beacon_core.bone.10] run data modify entity @s {} merge value {transformation:[-0.8450315884379129f,-0.4467087852717545f,-0.29389262614623646f,0f,-0.43905233758118156f,0.8933724966412977f,-0.0954915028125263f,1.5f,0.30521248238988874f,0.048340908203384894f,-0.9510565162951535f,0f,0f,0f,0f,1f],start_interpolation:0}
execute if entity @s[tag=aj.corrupted_beacon_core.bone.11] run data modify entity @s {} merge value {transformation:[-0.8450315884379129f,-0.4467087852717545f,-0.29389262614623646f,0f,-0.43905233758118156f,0.8933724966412977f,-0.0954915028125263f,1.5f,0.30521248238988874f,0.048340908203384894f,-0.9510565162951535f,0f,0f,0f,0f,1f],start_interpolation:0}
execute if entity @s[tag=aj.corrupted_beacon_core.bone.12] run data modify entity @s {} merge value {transformation:[-0.8450315884379129f,-0.4467087852717545f,-0.29389262614623646f,0f,-0.43905233758118156f,0.8933724966412977f,-0.0954915028125263f,1.5f,0.30521248238988874f,0.048340908203384894f,-0.9510565162951535f,0f,0f,0f,0f,1f],start_interpolation:0}
execute if entity @s[tag=aj.corrupted_beacon_core.bone.13] run data modify entity @s {} merge value {transformation:[-0.8450315884379129f,-0.4467087852717545f,-0.29389262614623646f,0f,-0.43905233758118156f,0.8933724966412977f,-0.0954915028125263f,1.5f,0.30521248238988874f,0.048340908203384894f,-0.9510565162951535f,0f,0f,0f,0f,1f],start_interpolation:0}
execute if entity @s[tag=aj.corrupted_beacon_core.bone.14] run data modify entity @s {} merge value {transformation:[-0.8450315884379129f,-0.4467087852717545f,-0.29389262614623646f,0f,-0.43905233758118156f,0.8933724966412977f,-0.0954915028125263f,1.5f,0.30521248238988874f,0.048340908203384894f,-0.9510565162951535f,0f,0f,0f,0f,1f],start_interpolation:0}
execute if entity @s[tag=aj.corrupted_beacon_core.bone.15] run data modify entity @s {} merge value {transformation:[-0.9557302031070097f,-0.014384128958762843f,-0.29389262614623646f,0f,0.014384128958762843f,0.9953263131881438f,-0.0954915028125263f,1.5f,0.29389262614623646f,-0.0954915028125263f,-0.9510565162951535f,0f,0f,0f,0f,1f],start_interpolation:0}
execute if entity @s[tag=aj.corrupted_beacon_core.bone.16] run data modify entity @s {} merge value {transformation:[-0.9557302031070097f,-0.014384128958762843f,-0.29389262614623646f,0f,0.014384128958762843f,0.9953263131881438f,-0.0954915028125263f,1.5f,0.29389262614623646f,-0.0954915028125263f,-0.9510565162951535f,0f,0f,0f,0f,1f],start_interpolation:0}
execute if entity @s[tag=aj.corrupted_beacon_core.bone.17] run data modify entity @s {} merge value {transformation:[-0.9557302031070097f,-0.014384128958762843f,-0.29389262614623646f,0f,0.014384128958762843f,0.9953263131881438f,-0.0954915028125263f,1.5f,0.29389262614623646f,-0.0954915028125263f,-0.9510565162951535f,0f,0f,0f,0f,1f],start_interpolation:0}
execute if entity @s[tag=aj.corrupted_beacon_core.bone.18] run data modify entity @s {} merge value {transformation:[-0.9557302031070097f,-0.014384128958762843f,-0.29389262614623646f,0f,0.014384128958762843f,0.9953263131881438f,-0.0954915028125263f,1.5f,0.29389262614623646f,-0.0954915028125263f,-0.9510565162951535f,0f,0f,0f,0f,1f],start_interpolation:0}
execute if entity @s[tag=aj.corrupted_beacon_core.bone.19] run data modify entity @s {} merge value {transformation:[-0.9557302031070097f,-0.014384128958762843f,-0.29389262614623646f,0f,0.014384128958762843f,0.9953263131881438f,-0.0954915028125263f,1.5f,0.29389262614623646f,-0.0954915028125263f,-0.9510565162951535f,0f,0f,0f,0f,1f],start_interpolation:0}
execute if entity @s[tag=aj.corrupted_beacon_core.bone.20] run data modify entity @s {} merge value {transformation:[-0.9557302031070097f,-0.014384128958762843f,-0.29389262614623646f,0f,0.014384128958762843f,0.9953263131881438f,-0.0954915028125263f,1.5f,0.29389262614623646f,-0.0954915028125263f,-0.9510565162951535f,0f,0f,0f,0f,1f],start_interpolation:0}
execute if entity @s[tag=aj.corrupted_beacon_core.bone.21] run data modify entity @s {} merge value {transformation:[-0.9516554400987238f,-0.08932551498520891f,-0.29389262614623646f,0f,-0.0637526149972282f,0.9933866200888858f,-0.0954915028125263f,1.5f,0.3004788302218968f,-0.07213858468951789f,-0.9510565162951535f,0f,0f,0f,0f,1f],start_interpolation:0}
execute if entity @s[tag=aj.corrupted_beacon_core.bone.22] run data modify entity @s {} merge value {transformation:[-0.9516554400987238f,-0.08932551498520891f,-0.29389262614623646f,0f,-0.0637526149972282f,0.9933866200888858f,-0.0954915028125263f,1.5f,0.3004788302218968f,-0.07213858468951789f,-0.9510565162951535f,0f,0f,0f,0f,1f],start_interpolation:0}
execute if entity @s[tag=aj.corrupted_beacon_core.bone.23] run data modify entity @s {} merge value {transformation:[-0.9516554400987238f,-0.08932551498520891f,-0.29389262614623646f,0f,-0.0637526149972282f,0.9933866200888858f,-0.0954915028125263f,1.5f,0.3004788302218968f,-0.07213858468951789f,-0.9510565162951535f,0f,0f,0f,0f,1f],start_interpolation:0}
execute if entity @s[tag=aj.corrupted_beacon_core.bone.24] run data modify entity @s {} merge value {transformation:[-0.9516554400987238f,-0.08932551498520891f,-0.29389262614623646f,0f,-0.0637526149972282f,0.9933866200888858f,-0.0954915028125263f,1.5f,0.3004788302218968f,-0.07213858468951789f,-0.9510565162951535f,0f,0f,0f,0f,1f],start_interpolation:0}
execute if entity @s[tag=aj.corrupted_beacon_core.bone.25] run data modify entity @s {} merge value {transformation:[-0.9516554400987238f,-0.08932551498520891f,-0.29389262614623646f,0f,-0.0637526149972282f,0.9933866200888858f,-0.0954915028125263f,1.5f,0.3004788302218968f,-0.07213858468951789f,-0.9510565162951535f,0f,0f,0f,0f,1f],start_interpolation:0}
execute if entity @s[tag=aj.corrupted_beacon_core.bone.26] run data modify entity @s {} merge value {transformation:[-0.9516554400987238f,-0.08932551498520891f,-0.29389262614623646f,0f,-0.0637526149972282f,0.9933866200888858f,-0.0954915028125263f,1.5f,0.3004788302218968f,-0.07213858468951789f,-0.9510565162951535f,0f,0f,0f,0f,1f],start_interpolation:0}
execute if entity @s[tag=aj.corrupted_beacon_core.bone.27] run data modify entity @s {} merge value {transformation:[-0.9573230867788548f,-0.014408102507027449f,-0.29438244718981355f,0f,0.014408102507027449f,0.9969851903767908f,-0.09565065531721385f,1.5f,0.29438244718981355f,-0.09565065531721385f,-0.9526416104889788f,0f,0f,0f,0f,1f],start_interpolation:0}