execute if entity @s[tag=aj.corrupted_beacon_core.bone.exterior] run data modify entity @s {} merge value {transformation:[-1.7689164944001352f,-4.142167011199731f,-2.4347046817155924f,0f,-2.4347046817155924f,3.0094604917374626f,-3.3510835055998656f,1.5025f,4.142167011199731f,-7.91486251483991e-16f,-3.009460491737463f,0f,0f,0f,0f,1f],start_interpolation:0}
execute if entity @s[tag=aj.corrupted_beacon_core.bone.1] run data modify entity @s {} merge value {transformation:[-0.8590126128452619f,0.19634646056170327f,0.47632080524448933f,0f,-0.19634646056170343f,0.7314189482010319f,-0.6555993446827862f,1.5f,-0.4763208052444894f,-0.6555993446827862f,-0.5887648943796272f,0f,0f,0f,0f,1f],start_interpolation:0}
execute if entity @s[tag=aj.corrupted_beacon_core.bone.2] run data modify entity @s {} merge value {transformation:[-0.8590126128452619f,0.19634646056170327f,0.47632080524448933f,0f,-0.19634646056170343f,0.7314189482010319f,-0.6555993446827862f,1.5f,-0.4763208052444894f,-0.6555993446827862f,-0.5887648943796272f,0f,0f,0f,0f,1f],start_interpolation:0}
execute if entity @s[tag=aj.corrupted_beacon_core.bone.3] run data modify entity @s {} merge value {transformation:[-0.05954993126065804f,-0.8791520956519431f,0.47632080524448933f,0f,-0.6916986137080054f,-0.30834824169603414f,-0.6555993446827862f,1.5f,0.7220408192009545f,-0.3678981729566921f,-0.5887648943796272f,0f,0f,0f,0f,1f],start_interpolation:0}
execute if entity @s[tag=aj.corrupted_beacon_core.bone.4] run data modify entity @s {} merge value {transformation:[-0.3914539041892235f,-0.7894418550453014f,0.47632080524448933f,0f,-0.7570459553672357f,-0.02017502973285528f,-0.6555993446827862f,1.5f,0.5262901989095319f,-0.6162066510425078f,-0.5887648943796272f,0f,0f,0f,0f,1f],start_interpolation:0}
execute if entity @s[tag=aj.corrupted_beacon_core.bone.5] run data modify entity @s {} merge value {transformation:[-0.3914539041892235f,-0.7894418550453014f,0.47632080524448933f,0f,-0.7570459553672357f,-0.02017502973285528f,-0.6555993446827862f,1.5f,0.5262901989095319f,-0.6162066510425078f,-0.5887648943796272f,0f,0f,0f,0f,1f],start_interpolation:0}
execute if entity @s[tag=aj.corrupted_beacon_core.bone.6] run data modify entity @s {} merge value {transformation:[-0.3914539041892235f,-0.7894418550453014f,0.47632080524448933f,0f,-0.7570459553672357f,-0.02017502973285528f,-0.6555993446827862f,1.5f,0.5262901989095319f,-0.6162066510425078f,-0.5887648943796272f,0f,0f,0f,0f,1f],start_interpolation:0}
execute if entity @s[tag=aj.corrupted_beacon_core.bone.7] run data modify entity @s {} merge value {transformation:[-0.05954993126065804f,-0.8791520956519431f,0.47632080524448933f,0f,-0.6916986137080054f,-0.30834824169603414f,-0.6555993446827862f,1.5f,0.7220408192009545f,-0.3678981729566921f,-0.5887648943796272f,0f,0f,0f,0f,1f],start_interpolation:0}
execute if entity @s[tag=aj.corrupted_beacon_core.bone.8] run data modify entity @s {} merge value {transformation:[-0.05954993126065804f,-0.8791520956519431f,0.47632080524448933f,0f,-0.6916986137080054f,-0.30834824169603414f,-0.6555993446827862f,1.5f,0.7220408192009545f,-0.3678981729566921f,-0.5887648943796272f,0f,0f,0f,0f,1f],start_interpolation:0}
execute if entity @s[tag=aj.corrupted_beacon_core.bone.9] run data modify entity @s {} merge value {transformation:[-0.34549150281252616f,0.8090169943749475f,0.4755282581475767f,0f,0.47552825814757665f,0.5877852522924731f,-0.6545084971874737f,1.5f,-0.8090169943749475f,4.356485603045133e-17f,-0.587785252292473f,0f,0f,0f,0f,1f],start_interpolation:0}
execute if entity @s[tag=aj.corrupted_beacon_core.bone.10] run data modify entity @s {} merge value {transformation:[-0.05945084651646393f,-0.8776892801849681f,0.4755282581475767f,0f,-0.6905477008732167f,-0.30783518305760477f,-0.6545084971874737f,1.5f,0.7208394201673423f,-0.36728602957406864f,-0.587785252292473f,0f,0f,0f,0f,1f],start_interpolation:0}
execute if entity @s[tag=aj.corrupted_beacon_core.bone.11] run data modify entity @s {} merge value {transformation:[-0.05945084651646393f,-0.8776892801849681f,0.4755282581475767f,0f,-0.6905477008732167f,-0.30783518305760477f,-0.6545084971874737f,1.5f,0.7208394201673423f,-0.36728602957406864f,-0.587785252292473f,0f,0f,0f,0f,1f],start_interpolation:0}
execute if entity @s[tag=aj.corrupted_beacon_core.bone.12] run data modify entity @s {} merge value {transformation:[-0.05945084651646393f,-0.8776892801849681f,0.4755282581475767f,0f,-0.6905477008732167f,-0.30783518305760477f,-0.6545084971874737f,1.5f,0.7208394201673423f,-0.36728602957406864f,-0.587785252292473f,0f,0f,0f,0f,1f],start_interpolation:0}
execute if entity @s[tag=aj.corrupted_beacon_core.bone.13] run data modify entity @s {} merge value {transformation:[-0.05945084651646393f,-0.8776892801849681f,0.4755282581475767f,0f,-0.6905477008732167f,-0.30783518305760477f,-0.6545084971874737f,1.5f,0.7208394201673423f,-0.36728602957406864f,-0.587785252292473f,0f,0f,0f,0f,1f],start_interpolation:0}
execute if entity @s[tag=aj.corrupted_beacon_core.bone.14] run data modify entity @s {} merge value {transformation:[-0.05945084651646393f,-0.8776892801849681f,0.4755282581475767f,0f,-0.6905477008732167f,-0.30783518305760477f,-0.6545084971874737f,1.5f,0.7208394201673423f,-0.36728602957406864f,-0.587785252292473f,0f,0f,0f,0f,1f],start_interpolation:0}
execute if entity @s[tag=aj.corrupted_beacon_core.bone.15] run data modify entity @s {} merge value {transformation:[-0.8575833073330401f,0.1960197609601031f,0.4755282581475767f,0f,-0.19601976096010326f,0.7302019449594328f,-0.6545084971874737f,1.5f,-0.47552825814757677f,-0.6545084971874737f,-0.587785252292473f,0f,0f,0f,0f,1f],start_interpolation:0}
execute if entity @s[tag=aj.corrupted_beacon_core.bone.16] run data modify entity @s {} merge value {transformation:[-0.8575833073330401f,0.1960197609601031f,0.4755282581475767f,0f,-0.19601976096010326f,0.7302019449594328f,-0.6545084971874737f,1.5f,-0.47552825814757677f,-0.6545084971874737f,-0.587785252292473f,0f,0f,0f,0f,1f],start_interpolation:0}
execute if entity @s[tag=aj.corrupted_beacon_core.bone.17] run data modify entity @s {} merge value {transformation:[-0.8575833073330401f,0.1960197609601031f,0.4755282581475767f,0f,-0.19601976096010326f,0.7302019449594328f,-0.6545084971874737f,1.5f,-0.47552825814757677f,-0.6545084971874737f,-0.587785252292473f,0f,0f,0f,0f,1f],start_interpolation:0}
execute if entity @s[tag=aj.corrupted_beacon_core.bone.18] run data modify entity @s {} merge value {transformation:[-0.8575833073330401f,0.1960197609601031f,0.4755282581475767f,0f,-0.19601976096010326f,0.7302019449594328f,-0.6545084971874737f,1.5f,-0.47552825814757677f,-0.6545084971874737f,-0.587785252292473f,0f,0f,0f,0f,1f],start_interpolation:0}
execute if entity @s[tag=aj.corrupted_beacon_core.bone.19] run data modify entity @s {} merge value {transformation:[-0.8575833073330401f,0.1960197609601031f,0.4755282581475767f,0f,-0.19601976096010326f,0.7302019449594328f,-0.6545084971874737f,1.5f,-0.47552825814757677f,-0.6545084971874737f,-0.587785252292473f,0f,0f,0f,0f,1f],start_interpolation:0}
execute if entity @s[tag=aj.corrupted_beacon_core.bone.20] run data modify entity @s {} merge value {transformation:[-0.8575833073330401f,0.1960197609601031f,0.4755282581475767f,0f,-0.19601976096010326f,0.7302019449594328f,-0.6545084971874737f,1.5f,-0.47552825814757677f,-0.6545084971874737f,-0.587785252292473f,0f,0f,0f,0f,1f],start_interpolation:0}
execute if entity @s[tag=aj.corrupted_beacon_core.bone.21] run data modify entity @s {} merge value {transformation:[-0.39080256657825974f,-0.7881283078655255f,0.4755282581475767f,0f,-0.7557863115147112f,-0.020141460631802277f,-0.6545084971874737f,1.5f,0.5254145080627606f,-0.6151813487945169f,-0.587785252292473f,0f,0f,0f,0f,1f],start_interpolation:0}
execute if entity @s[tag=aj.corrupted_beacon_core.bone.22] run data modify entity @s {} merge value {transformation:[-0.39080256657825974f,-0.7881283078655255f,0.4755282581475767f,0f,-0.7557863115147112f,-0.020141460631802277f,-0.6545084971874737f,1.5f,0.5254145080627606f,-0.6151813487945169f,-0.587785252292473f,0f,0f,0f,0f,1f],start_interpolation:0}
execute if entity @s[tag=aj.corrupted_beacon_core.bone.23] run data modify entity @s {} merge value {transformation:[-0.39080256657825974f,-0.7881283078655255f,0.4755282581475767f,0f,-0.7557863115147112f,-0.020141460631802277f,-0.6545084971874737f,1.5f,0.5254145080627606f,-0.6151813487945169f,-0.587785252292473f,0f,0f,0f,0f,1f],start_interpolation:0}
execute if entity @s[tag=aj.corrupted_beacon_core.bone.24] run data modify entity @s {} merge value {transformation:[-0.39080256657825974f,-0.7881283078655255f,0.4755282581475767f,0f,-0.7557863115147112f,-0.020141460631802277f,-0.6545084971874737f,1.5f,0.5254145080627606f,-0.6151813487945169f,-0.587785252292473f,0f,0f,0f,0f,1f],start_interpolation:0}
execute if entity @s[tag=aj.corrupted_beacon_core.bone.25] run data modify entity @s {} merge value {transformation:[-0.39080256657825974f,-0.7881283078655255f,0.4755282581475767f,0f,-0.7557863115147112f,-0.020141460631802277f,-0.6545084971874737f,1.5f,0.5254145080627606f,-0.6151813487945169f,-0.587785252292473f,0f,0f,0f,0f,1f],start_interpolation:0}
execute if entity @s[tag=aj.corrupted_beacon_core.bone.26] run data modify entity @s {} merge value {transformation:[-0.39080256657825974f,-0.7881283078655255f,0.4755282581475767f,0f,-0.7557863115147112f,-0.020141460631802277f,-0.6545084971874737f,1.5f,0.5254145080627606f,-0.6151813487945169f,-0.587785252292473f,0f,0f,0f,0f,1f],start_interpolation:0}
execute if entity @s[tag=aj.corrupted_beacon_core.bone.27] run data modify entity @s {} merge value {transformation:[-0.8590126128452619f,0.19634646056170327f,0.47632080524448933f,0f,-0.19634646056170343f,0.7314189482010319f,-0.6555993446827862f,1.5f,-0.4763208052444894f,-0.6555993446827862f,-0.5887648943796272f,0f,0f,0f,0f,1f],start_interpolation:0}