execute if entity @s[tag=aj.living_root.bone.6] run data modify entity @s {} merge value {transformation:[0.038737075490468814f,1.3907026183535576f,-0.26718927884825366f,1.9938317262281413f,-1.4043605098808285f,0.0721240262417704f,0.17179676239784064f,0.44070462608799593f,0.18225104036506745f,0.2601707066287064f,1.3805941496843364f,5.649191779416418f,0f,0f,0f,1f],start_interpolation:0}
execute if entity @s[tag=aj.living_root.bone.5] run data modify entity @s {} merge value {transformation:[0.03190112099215079f,1.035627155851631f,-0.5362553716777273f,0.4403909924506948f,-1.1565321846077412f,0.09713270527898954f,0.11878406729331084f,0.2950055681695116f,0.15008909206534968f,0.5283490728097836f,1.0292869535825044f,4.8566681702017425f,0f,0f,0f,1f],start_interpolation:0}
execute if entity @s[tag=aj.living_root.bone.4] run data modify entity @s {} merge value {transformation:[0.03190112099215079f,0.8615459130146575f,-0.7860229445495187f,-0.8519278770712915f,-1.1565321846077412f,0.1245665674765488f,0.0895968043217349f,0.1081557169546884f,0.15008909206534968f,0.7767450811855597f,0.8574680486223082f,3.6915505484234026f,0f,0f,0f,1f],start_interpolation:0}
execute if entity @s[tag=aj.living_root.bone.3] run data modify entity @s {} merge value {transformation:[0.027343817993272106f,0.42442858029862907f,-0.9050484494452444f,-1.475307354384903f,-0.9913133010923496f,0.12803289834304662f,0.030091793221205507f,-0.07989260248666133f,0.12864779319887115f,0.896363741551146f,0.42424260528321683f,2.375016303020157f,0f,0f,0f,1f],start_interpolation:0}
execute if entity @s[tag=aj.living_root.bone.2] run data modify entity @s {} merge value {transformation:[0.027343817993272106f,-0.04143211780652256f,-0.9987670875792901f,-1.4248119608082035f,-0.9913133010923496f,0.12746141162313537f,-0.03242726668139558f,-0.23523619790235756f,0.12864779319887115f,0.9909777838887733f,-0.03758692783344236f,1.1672621289057143f,0f,0f,0f,1f],start_interpolation:0}
execute if entity @s[tag=aj.living_root.bone.1] run data modify entity @s {} merge value {transformation:[0.027343817993272106f,-0.33984956864656274f,-0.9400822231636423f,-1f,-0.9913133010923496f,0.11181104167811395f,-0.06925481958855834f,-0.375f,0.12864779319887115f,0.9338097031245716f,-0.3338400569965506f,-1.2246467991473532e-16f,0f,0f,0f,1f],start_interpolation:0}