execute if entity @s[tag=aj.living_root.bone.6] run data modify entity @s {} merge value {transformation:[0.17633961001035242f,0.9836353600023313f,-1.0041465355907595f,5.959040003076433f,-1.3994733496481544f,0.02809576968490129f,-0.21824164541817428f,0.349554995593664f,-0.13161736211615824f,1.0191253851824809f,0.9751947311745931f,1.619535523839548f,0f,0f,0f,1f],start_interpolation:0}
execute if entity @s[tag=aj.living_root.bone.5] run data modify entity @s {} merge value {transformation:[0.1452208553026432f,1.021227861289031f,-0.5450831767935158f,4.427198211142887f,-1.1525074644161273f,0.07611218609927778f,-0.16445239646599713f,0.23538671644474735f,-0.10839076880154208f,0.5589380122744662f,1.0183078369453855f,0.7811285054278487f,0f,0f,0f,1f],start_interpolation:0}
execute if entity @s[tag=aj.living_root.bone.4] run data modify entity @s {} merge value {transformation:[0.1452208553026432f,1.0648489100923972f,-0.4540030979754581f,2.8299248460042907f,-1.1525074644161273f,0.09015552701289913f,-0.15719299133627754f,0.10015342592539866f,-0.10839076880154208f,0.4680597085150258f,1.0631475257999476f,0.07903894265530992f,0f,0f,0f,1f],start_interpolation:0}
execute if entity @s[tag=aj.living_root.bone.3] run data modify entity @s {} merge value {transformation:[0.12447501883083702f,0.9664356626264328f,-0.22474002689968328f,1.4104724665217176f,-0.987863540928109f,0.0994989758286538f,-0.11927102881264741f,-0.0459856948229366f,-0.09290637325846464f,0.2368587423188271f,0.9670916926512718f,-0.2688473351254674f,0f,0f,0f,1f],start_interpolation:0}
execute if entity @s[tag=aj.living_root.bone.2] run data modify entity @s {} merge value {transformation:[0.12447501883083702f,0.9921699232190997f,-0.010237829187307423f,0.2012653725984399f,-0.987863540928109f,0.12295542824424723f,-0.09490830927928373f,-0.19583762299561291f,-0.09290637325846464f,0.021927291777132346f,0.995433372799646f,-0.29557122197884744f,0f,0f,0f,1f],start_interpolation:0}
execute if entity @s[tag=aj.living_root.bone.1] run data modify entity @s {} merge value {transformation:[0.12447501883083702f,0.961012298078752f,0.24690348848985247f,-1f,-0.987863540928109f,0.14332990160350967f,-0.059851180533943005f,-0.375f,-0.09290637325846464f,-0.23645697758307788f,0.9671900038566541f,-1.2246467991473532e-16f,0f,0f,0f,1f],start_interpolation:0}