execute if entity @s[tag=aj.living_root.bone.6] run data modify entity @s {} merge value {transformation:[-1.4104716961809598f,0.13105911509705415f,0.0183724540229955f,-0.6289425346562642f,-0.021972551841331206f,-0.4258553213739003f,1.3509659124743139f,3.973827863619603f,0.13050381481945264f,1.3447732887189399f,0.4260258216470698f,4.742550239337058f,0f,0f,0f,1f],start_interpolation:0}
execute if entity @s[tag=aj.living_root.bone.5] run data modify entity @s {} merge value {transformation:[-1.161564926266673f,0.10421306095340169f,-0.03190095774318159f,-0.7852621260863667f,-0.018095042692860996f,0.15234212962596483f,1.1565360159035603f,3.745314669180656f,0.10747372985131395f,1.1519733610543517f,-0.15005960123930243f,3.014590197755531f,0f,0f,0f,1f],start_interpolation:0}
execute if entity @s[tag=aj.living_root.bone.4] run data modify entity @s {} merge value {transformation:[-1.161564926266673f,0.09240551159058144f,-0.05778628389066555f,-0.9238703934722389f,-0.018095042692860996f,0.4464847447004296f,1.077698962276037f,3.0755875521300116f,0.10747372985131395f,1.0738825379381984f,-0.44309908961130995f,1.4037663908482334f,0f,0f,0f,1f],start_interpolation:0}
execute if entity @s[tag=aj.living_root.bone.3] run data modify entity @s {} merge value {transformation:[-0.9956270796571483f,0.05422089204588796f,-0.07607110567835003f,-1.0035073286646368f,-0.015510036593880854f,0.7070705615548656f,0.7069728847327479f,2.0370776648463025f,0.09212033987255482f,0.7050612142560637f,-0.7031376302926262f,0.36820773240963967f,0f,0f,0f,1f],start_interpolation:0}
execute if entity @s[tag=aj.living_root.bone.2] run data modify entity @s {} merge value {transformation:[-0.9956270796571483f,0.012968791075055653f,-0.09251231653909706f,-1.019313042787361f,-0.015510036593880854f,0.9536229970406923f,0.30060375626392977f,0.874849637202959f,0.09212033987255482f,0.30072410939793165f,-0.9492517332133693f,0.0017002240809104458f,0f,0f,0f,1f],start_interpolation:0}
execute if entity @s[tag=aj.living_root.bone.1] run data modify entity @s {} merge value {transformation:[-0.9956270796571483f,-0.015450434229888668f,-0.0921303551251509f,-1f,-0.015510036593880854f,0.9998797097623672f,-0.00006906794328409983f,-0.375f,0.09212033987255482f,0.0013601792647284546f,-0.9957469522394395f,-1.2246467991473532e-16f,0f,0f,0f,1f],start_interpolation:0}