execute if entity @s[tag=aj.living_root.bone.6] run data modify entity @s {} merge value {transformation:[-0.3962458159651622f,-0.5171560111534809f,1.257967947883557f,-6.683662550722913f,-1.3240957874985289f,0.4462462817166117f,-0.23362158724568446f,2.1665434780379282f,-0.3109727372346287f,-1.241111743811315f,-0.6081792832010011f,-3.579476187627012f,0f,0f,0f,1f],start_interpolation:0}
execute if entity @s[tag=aj.living_root.bone.5] run data modify entity @s {} merge value {transformation:[-0.32632008373601595f,-0.7177048212661672f,0.859957035899428f,-5.607105318823662f,-1.0904318249987888f,0.408342125269377f,-0.07298119532736304f,1.5540302901338627f,-0.2560951953696943f,-0.8241769284400641f,-0.7850214982067503f,-2.343210794966916f,0f,0f,0f,1f],start_interpolation:0}
execute if entity @s[tag=aj.living_root.bone.4] run data modify entity @s {} merge value {transformation:[-0.32632008373601595f,-0.7899239319351288f,0.7941325429786749f,-4.422219420920969f,-1.0904318249987888f,0.41314899048623704f,-0.03711411862250728f,0.9343068044045073f,-0.2560951953696943f,-0.7526215546524431f,-0.8538660067552807f,-1.2142784629882513f,0f,0f,0f,1f],start_interpolation:0}
execute if entity @s[tag=aj.living_root.bone.3] run data modify entity @s {} merge value {transformation:[-0.2797029289165851f,-0.7849910411775898f,0.5527706005445726f,-3.2692638291913845f,-0.9346558499989617f,0.35427182403816504f,0.030164826460463187f,0.4139700628484524f,-0.21951016745973795f,-0.5082130851951719f,-0.8327873356495059f,-0.4678404941078424f,0f,0f,0f,1f],start_interpolation:0}
execute if entity @s[tag=aj.living_root.bone.2] run data modify entity @s {} merge value {transformation:[-0.2797029289165851f,-0.8860250745048006f,0.36976457226760695f,-2.1894207696386587f,-0.9346558499989617f,0.33934530384994366f,0.10612825645278388f,0.0003929737813335721f,-0.21951016745973795f,-0.31591823642162853f,-0.9230443945325956f,-0.0828151434689826f,0f,0f,0f,1f],start_interpolation:0}
execute if entity @s[tag=aj.living_root.bone.1] run data modify entity @s {} merge value {transformation:[-0.2797029289165851f,-0.9515366157109268f,0.12784498627978982f,-1f,-0.9346558499989617f,0.30031437902506686f,0.1903410513092406f,-0.375f,-0.21951016745973795f,-0.06625211477518597f,-0.9733580757715083f,-1.2246467991473532e-16f,0f,0f,0f,1f],start_interpolation:0}