execute if entity @s[tag=aj.living_root.bone.6] run data modify entity @s {} merge value {transformation:[0.03873720762923232f,0.9344625897261626f,-1.0640599332705878f,1.361389271758971f,-1.4043574078487182f,0.16235813195063106f,0.09145792723637361f,0.5165888098947315f,0.1822749138251394f,1.052313617623672f,0.9307826547579526f,6.367501150106391f,0f,0f,0f,1f],start_interpolation:0}
execute if entity @s[tag=aj.living_root.bone.5] run data modify entity @s {} merge value {transformation:[0.03190122981230897f,0.7771750535575618f,-0.8695357144910004f,0.19562669142262834f,-1.1565296299930623f,0.1330443380015018f,0.07648222136525275f,0.3170223028924789f,0.15010875256187953f,0.8598890924791724f,0.7740602186850665f,5.077667511387633f,0f,0f,0f,1f],start_interpolation:0}
execute if entity @s[tag=aj.living_root.bone.4] run data modify entity @s {} merge value {transformation:[0.03190122981230897f,0.6984326368011327f,-0.9339621376151127f,-0.8520222637790704f,-1.1565296299930623f,0.13920392893830166f,0.06459560532545262f,0.10821640948502642f,0.15010875256187953f,0.9240807481655859f,0.6961704133221683f,3.691546389139254f,0f,0f,0f,1f],start_interpolation:0}
execute if entity @s[tag=aj.living_root.bone.3] run data modify entity @s {} merge value {transformation:[0.027343911267693404f,0.4244056257150909f,-0.9050592109790203f,-1.4753680265481102f,-0.9913111114226247f,0.1280489389807504f,0.030095674040370914f,-0.07985546964295073f,0.1286646450530396f,0.8963723188983953f,0.42421937134705306f,2.3749995457572357f,0f,0f,0f,1f],start_interpolation:0}
execute if entity @s[tag=aj.living_root.bone.2] run data modify entity @s {} merge value {transformation:[0.027343911267693404f,-0.04145744789408934f,-0.9987660339292148f,-1.4248417619271887f,-0.9913111114226247f,0.12747743180541757f,-0.03243123109496939f,-0.2352185896558034f,0.1286646450530396f,0.9909746638508999f,-0.03761149716471468f,1.1672491741889512f,0f,0f,0f,1f],start_interpolation:0}
execute if entity @s[tag=aj.living_root.bone.1] run data modify entity @s {} merge value {transformation:[0.027343911267693404f,-0.3398734095417509f,-0.940073601375472f,-1f,-0.9913111114226247f,0.11182512827535729f,-0.06926341787870482f,-0.375f,0.1286646450530396f,0.9337993393511612f,-0.33386255097077033f,-1.2246467991473532e-16f,0f,0f,0f,1f],start_interpolation:0}