execute if entity @s[tag=aj.living_root.bone.6] run data modify entity @s {} merge value {transformation:[-0.16868427343736855f,-1.3974571541480265f,-0.1600111329247133f,-6.485977253939597f,-1.3638974922117317f,0.20190572974784177f,-0.32551828132684724f,1.3846322756830378f,0.34390942278149367f,0.11529103633819364f,-1.3694446795349597f,4.287640474977807f,0f,0f,0f,1f],start_interpolation:0}
execute if entity @s[tag=aj.living_root.bone.5] run data modify entity @s {} merge value {transformation:[-0.13891646047783293f,-1.0579571883997039f,-0.47174136519157966f,-4.899041471340041f,-1.1232096994684853f,0.2391909486674678f,-0.20566665312243304f,1.0258458526818361f,0.2832195246435831f,0.4296805658859397f,-1.0470302876572923f,3.6431196261488976f,0f,0f,0f,1f],start_interpolation:0}
execute if entity @s[tag=aj.living_root.bone.4] run data modify entity @s {} merge value {transformation:[-0.13891646047783293f,-1.0128163728237685f,-0.5621532914246139f,-3.3798169121043884f,-1.1232096994684853f,0.2562057848053769f,-0.18403716462521183f,0.6415371754737709f,0.2832195246435831f,0.5193002040086996f,-1.0055968924416467f,2.864169320135848f,0f,0f,0f,1f],start_interpolation:0}
execute if entity @s[tag=aj.living_root.bone.3] run data modify entity @s {} merge value {transformation:[-0.11907125183814252f,-0.7712678757507422f,-0.625274260481459f,-2.247017219595486f,-0.9627511709729872f,0.24366099557405954f,-0.11721562193666851f,0.28366008822437094f,0.24275959255164262f,0.5880265156188076f,-0.7715520702800067f,2.0005053753207243f,0f,0f,0f,1f],start_interpolation:0}
execute if entity @s[tag=aj.living_root.bone.2] run data modify entity @s {} merge value {transformation:[-0.11907125183814252f,-0.6176516279712827f,-0.7773856851332689f,-1.494254298005485f,-0.9627511709729872f,0.26325536102930924f,-0.061699251855025894f,-0.037182383030099686f,0.24275959255164262f,0.7410823715038377f,-0.6259909734735862f,1.097311235050422f,0f,0f,0f,1f],start_interpolation:0}
execute if entity @s[tag=aj.living_root.bone.1] run data modify entity @s {} merge value {transformation:[-0.11907125183814252f,-0.39540343840438796f,-0.910756914815191f,-1f,-0.9627511709729872f,0.27025409357592023f,0.008538600330241952f,-0.375f,0.24275959255164262f,0.8778489880403377f,-0.41285461656703726f,-1.2246467991473532e-16f,0f,0f,0f,1f],start_interpolation:0}