execute if entity @s[tag=aj.living_root.bone.6] run data modify entity @s {} merge value {transformation:[-0.4845126800833018f,0.23715136564145356f,1.3099431808507325f,1.0386916968090973f,-0.9814896956634573f,0.8781419585464906f,-0.5220049064817611f,3.8207870502830534f,-0.8993719389604028f,-1.0860802801169773f,-0.13603008856895743f,-5.677177051840775f,0f,0f,0f,1f],start_interpolation:0}
execute if entity @s[tag=aj.living_root.bone.5] run data modify entity @s {} merge value {transformation:[-0.3990104424215427f,0.30830593475063606f,1.0520690227105887f,0.5762327946831433f,-0.8082856317228474f,0.6736509840370426f,-0.5039640863865534f,2.81031057422749f,-0.7406592438497436f,-0.9012507494668577f,-0.016795302809577573f,-4.325300927640488f,0f,0f,0f,1f],start_interpolation:0}
execute if entity @s[tag=aj.living_root.bone.4] run data modify entity @s {} merge value {transformation:[-0.3990104424215427f,0.42835903902117173f,1.0091631739409315f,-0.06630576384861431f,-0.8082856317228474f,0.6105893376731217f,-0.5787625673636884f,1.8944265677178072f,-0.7406592438497436f,-0.8971066299609365f,0.08794708688279192f,-2.9796409826990837f,0f,0f,0f,1f],start_interpolation:0}
execute if entity @s[tag=aj.living_root.bone.3] run data modify entity @s {} merge value {transformation:[-0.34200895064703657f,0.43389992668347344f,0.8335230838443465f,-0.7035962811649659f,-0.6928162557624405f,0.48282677729355766f,-0.5356154766991243f,1.1852747385678943f,-0.6348507804426373f,-0.7606636291767827f,0.13548184313398146f,-1.8624162773456843f,0f,0f,0f,1f],start_interpolation:0}
execute if entity @s[tag=aj.living_root.bone.2] run data modify entity @s {} merge value {transformation:[-0.34200895064703657f,0.24320735143493963f,0.9076783912186711f,-1.0000052407262985f,-0.6928162557624405f,0.587310261798317f,-0.41841640997659874f,0.46949035700119546f,-0.6348507804426373f,-0.771956501750192f,-0.03236735974682381f,-0.9215942908376377f,0f,0f,0f,1f],start_interpolation:0}
execute if entity @s[tag=aj.living_root.bone.1] run data modify entity @s {} merge value {transformation:[-0.34200895064703657f,-0.0000041925810388073456f,0.9396966945029313f,-1f,-0.6928162557624405f,0.6755922856009564f,-0.2521521354019998f,-0.375f,-0.6348507804426373f,-0.7372754326701101f,-0.23106151335191338f,-1.2246467991473532e-16f,0f,0f,0f,1f],start_interpolation:0}