execute if entity @s[tag=aj.living_root.bone.6] run data modify entity @s {} merge value {transformation:[0.010892977361918925f,0.9846197984459034f,1.0185036278762016f,0.35299282467992543f,-1.4095088229490675f,0.1094940260781841f,-0.09077654282009168f,0.34140054505509043f,-0.1418120781787315f,-1.012659545556147f,0.9804868299580016f,-7.016572788366513f,0f,0f,0f,1f],start_interpolation:0}
execute if entity @s[tag=aj.living_root.bone.5] run data modify entity @s {} merge value {transformation:[0.008970687239227351f,0.521111824554296f,1.0437782830617137f,-0.42867491215151854f,-1.1607719718404088f,0.10847804599172647f,-0.04418205561828605f,0.17868347606750076f,-0.11678641732366127f,-1.0381647706210322f,0.5193129623658493f,-5.459325632434965f,0f,0f,0f,1f],start_interpolation:0}
execute if entity @s[tag=aj.living_root.bone.4] run data modify entity @s {} merge value {transformation:[0.008970687239227351f,0.4281575652097865f,1.0852242796930016f,-1.0709112599661983f,-1.1607719718404088f,0.11191597414984052f,-0.03455944488750764f,0.010809514842740009f,-0.11678641732366127f,-1.0794753471917877f,0.426854798081249f,-3.8401126116472835f,0f,0f,0f,1f],start_interpolation:0}
execute if entity @s[tag=aj.living_root.bone.3] run data modify entity @s {} merge value {transformation:[0.007689160490766301f,0.199890575314998f,0.9797880560157823f,-1.3645005424601016f,-0.994947404434636f,0.09961448884677704f,-0.012514632258922756f,-0.13549926565096376f,-0.10010264342028108f,-0.9747413562130389f,0.19964656087255175f,-2.4084612447093825f,0f,0f,0f,1f],start_interpolation:0}
execute if entity @s[tag=aj.living_root.bone.2] run data modify entity @s {} merge value {transformation:[0.007689160490766301f,-0.016912578044281423f,0.9998274058630534f,-1.3438883379686335f,-0.994947404434636f,0.09996188988710013f,0.00934253600367728f,-0.25732781895086704f,-0.10010264342028108f,-0.9948475186047836f,-0.016058502613153947f,-1.1959908314098027f,0f,0f,0f,1f],start_interpolation:0}
execute if entity @s[tag=aj.living_root.bone.1] run data modify entity @s {} merge value {transformation:[0.007689160490766301f,-0.27511067037490683f,0.9613818158550828f,-1f,-0.994947404434636f,0.09413774483930637f,0.03489623769620992f,-0.375f,-0.10010264342028108f,-0.956792665127842f,-0.2729968071934782f,-1.2246467991473532e-16f,0f,0f,0f,1f],start_interpolation:0}