execute if entity @s[tag=aj.living_root.bone.6] run data modify entity @s {} merge value {transformation:[-0.40073528861042435f,1.3175537673652298f,-0.33227660617090204f,0.6946792072692645f,-1.347890711304157f,-0.34162435919899475f,0.27097577756377766f,-0.08667229273867355f,0.17189038160041883f,0.3927967817434471f,1.3502254735449544f,6.211819356701559f,0f,0f,0f,1f],start_interpolation:0}
execute if entity @s[tag=aj.living_root.bone.5] run data modify entity @s {} merge value {transformation:[-0.33001729650270245f,0.8677390049880893f,-0.7065611893830842f,-0.6069293002128695f,-1.1100276446034234f,-0.1606685334434488f,0.32114694718838316f,0.15433050742649962f,0.14155678484740378f,0.7631027143802613f,0.8710608676092928f,5.067165285131168f,0f,0f,0f,1f],start_interpolation:0}
execute if entity @s[tag=aj.living_root.bone.4] run data modify entity @s {} merge value {transformation:[-0.33001729650270245f,0.655300023053743f,-0.9070730813478712f,-1.5898793347934839f,-1.1100276446034234f,-0.07207493971612908f,0.3517882067270066f,0.2624429170006932f,0.14155678484740378f,0.9625477619119952f,0.643874672442538f,3.6233436422631753f,0f,0f,0f,1f],start_interpolation:0}
execute if entity @s[tag=aj.living_root.bone.3] run data modify entity @s {} merge value {transformation:[-0.2828719684308878f,0.22139694752343936f,-0.9332560426288906f,-1.9150561014685354f,-0.9514522668029344f,0.05831567726154355f,0.3022215508217194f,0.17679176602280114f,0.12133438701206037f,0.9734385822499696f,0.19415275716707353f,2.1936057245835325f,0f,0f,0f,1f],start_interpolation:0}
execute if entity @s[tag=aj.living_root.bone.2] run data modify entity @s {} merge value {transformation:[-0.2828719684308878f,-0.23454819259122495f,-0.93003795343428f,-1.62920049174798f,-0.9514522668029344f,0.1912770194567843f,0.2411466064934081f,-0.056327101440154737f,0.12133438701206037f,0.9531003342670269f,-0.2772683165247861f,1.0320146921955937f,0f,0f,0f,1f],start_interpolation:0}
execute if entity @s[tag=aj.living_root.bone.1] run data modify entity @s {} merge value {transformation:[-0.2828719684308878f,-0.503360393398384f,-0.8164629592540366f,-1f,-0.9514522668029344f,0.2549383188478762f,0.17246749716562904f,-0.375f,0.12133438701206037f,0.8256117537564751f,-0.5510382913986694f,-1.2246467991473532e-16f,0f,0f,0f,1f],start_interpolation:0}