execute if entity @s[tag=aj.living_root.bone.6] run data modify entity @s {} merge value {transformation:[-0.48449682378794423f,0.8278426268588674f,1.0425372210809778f,1.9167661797856315f,-0.9814927878155018f,0.5273936542375972f,-0.8749127301511344f,3.2486545945002683f,-0.8993771064742486f,-1.0215072016729827f,0.39317718871354196f,-5.525774187601083f,0f,0f,0f,1f],start_interpolation:0}
execute if entity @s[tag=aj.living_root.bone.5] run data modify entity @s {} merge value {transformation:[-0.39899738429595416f,0.6546676048371683f,0.87938758554625f,0.934764772529879f,-0.8082881782010015f,0.45656566669314247f,-0.7066322410481022f,2.5638060944605545f,-0.7406634994493814f,-0.8509225759638316f,0.29742135331812475f,-4.249390323655336f,0f,0f,0f,1f],start_interpolation:0}
execute if entity @s[tag=aj.living_root.bone.4] run data modify entity @s {} merge value {transformation:[-0.39899738429595416f,0.6673880849464767f,0.8697731557754427f,-0.06631735488983603f,-0.8082881782010015f,0.4462401896313154f,-0.7131977462453346f,1.8944458100135813f,-0.7406634994493814f,-0.8465069098007372f,0.30976562648898626f,-2.9796299589542308f,0f,0f,0f,1f],start_interpolation:0}
execute if entity @s[tag=aj.living_root.bone.3] run data modify entity @s {} merge value {transformation:[-0.34199775796796067f,0.4338980887193482f,0.8335286330718249f,-0.7036051726963787f,-0.6928184384580013f,0.48283396063390416f,-0.5356061778874419f,1.1852834303325346f,-0.6348544280994697f,-0.760660117966148f,0.1354844642688642f,-1.8624104106914512f,0f,0f,0f,1f],start_interpolation:0}
execute if entity @s[tag=aj.living_root.bone.2] run data modify entity @s {} merge value {transformation:[-0.34199775796796067f,0.24320435596524984f,0.9076834110990551f,-1.000010481529027f,-0.6928184384580013f,0.5873152622336045f,-0.4184057768244709f,0.46949295448532913f,-0.6348544280994697f,-0.7719536410866914f,-0.032364040778229436f,-0.9215919106170462f,0f,0f,0f,1f],start_interpolation:0}
execute if entity @s[tag=aj.living_root.bone.1] run data modify entity @s {} merge value {transformation:[-0.34199775796796067f,-0.000008385223221572728f,0.9397007680504343f,-1f,-0.6928184384580013f,0.6755943635882633f,-0.2521405703578584f,-0.375f,-0.6348544280994697f,-0.7372735284936368f,-0.23105756708023584f,-1.2246467991473532e-16f,0f,0f,0f,1f],start_interpolation:0}