execute if entity @s[tag=aj.living_root.bone.6] run data modify entity @s {} merge value {transformation:[-0.4844492548982234f,1.1528901869329695f,0.6656557524326394f,2.045705065591217f,-0.9815020626249986f,0.16924945934753893f,-1.0074486418760429f,3.137532749350453f,-0.899392608895511f,-0.8056942855876992f,0.7408738743402262f,-5.473747103877615f,0f,0f,0f,1f],start_interpolation:0}
execute if entity @s[tag=aj.living_root.bone.5] run data modify entity @s {} merge value {transformation:[-0.398958209916184f,0.7406530092700857f,0.8083171269438448f,0.9347255516860882f,-0.8082958162794107f,0.3824155403761004f,-0.7493512787572779f,2.5639094387863026f,-0.7406762661492445f,-0.8162735971775229f,0.3823704936644456f,-4.249336708111331f,0f,0f,0f,1f],start_interpolation:0}
execute if entity @s[tag=aj.living_root.bone.4] run data modify entity @s {} merge value {transformation:[-0.398958209916184f,0.6673851213861118f,0.8697933993794331f,-0.06635213039307963f,-0.8082958162794107f,0.44627060106955907f,-0.7131700604465437f,1.894503537181964f,-0.7406762661492445f,-0.8464932140806389f,0.3097725268479343f,-2.9795968869903726f,0f,0f,0f,1f],start_interpolation:0}
execute if entity @s[tag=aj.living_root.bone.3] run data modify entity @s {} merge value {transformation:[-0.3419641799281577f,0.43389257403177717f,0.8335452800215123f,-0.7036318485022524f,-0.692824985382352f,0.48285551077532296f,-0.5355782812473315f,1.1853095057307086f,-0.6348653709850667f,-0.7606495841805087f,0.13549232749500206f,-1.8623928102252503f,0f,0f,0f,1f],start_interpolation:0}
execute if entity @s[tag=aj.living_root.bone.2] run data modify entity @s {} merge value {transformation:[-0.3419641799281577f,0.24319536893843022f,0.9076984698527167f,-1.0000262043959642f,-0.692824985382352f,0.5873302636126089f,-0.4183738771418301f,0.4695007469528416f,-0.6348653709850667f,-0.7719450589074615f,-0.032354084013450884f,-0.9215847696817815f,0f,0f,0f,1f],start_interpolation:0}
execute if entity @s[tag=aj.living_root.bone.1] run data modify entity @s {} merge value {transformation:[-0.3419641799281577f,-0.000020963516771353634f,0.9397129876758081f,-1f,-0.692824985382352f,0.6756005975622733f,-0.25210587498795617f,-0.375f,-0.6348653709850667f,-0.7372678157454251f,-0.23104572835255677f,-1.2246467991473532e-16f,0f,0f,0f,1f],start_interpolation:0}