execute if entity @s[tag=aj.living_root.bone.6] run data modify entity @s {} merge value {transformation:[0.0387369433395594f,1.4149215324982654f,-0.05865961590320501f,1.9939764215593594f,-1.4043636115074012f,0.045933012701679266f,0.1805476376541112f,0.44060246401234093f,0.18222716685236773f,0.053213341009103875f,1.403889612627735f,5.6491298454240875f,0f,0f,0f,1f],start_interpolation:0}
execute if entity @s[tag=aj.living_root.bone.5] run data modify entity @s {} merge value {transformation:[0.031901012161990094f,1.0356407583872156f,-0.5362291078459882f,0.44051528397853623f,-1.1565347388884482f,0.09712061543088094f,0.11876908231381969f,0.2949215408660195f,0.15006943152547933f,0.5283246319608723f,1.0293023657293998f,4.856642897482779f,0f,0f,0f,1f],start_interpolation:0}
execute if entity @s[tag=aj.living_root.bone.4] run data modify entity @s {} merge value {transformation:[0.031901012161990094f,0.8615658496349332f,-0.7860010962314156f,-0.8518334904738636f,-1.1565347388884482f,0.124551011181942f,0.0895854590259809f,0.10809502409310653f,0.15006943152547933f,0.7767254620955224f,0.8574892613702098f,3.6915547043394947f,0f,0f,0f,1f],start_interpolation:0}
execute if entity @s[tag=aj.living_root.bone.3] run data modify entity @s {} merge value {transformation:[0.027343724710277222f,0.42445153460558604f,-0.9050376873312688f,-1.475246681925818f,-0.9913154904758127f,0.12801685794398152f,0.030087911606643467f,-0.07992973601211631f,0.1286309413075537f,0.8963551633438129f,0.4242658389326427f,2.3750330581782695f,0f,0f,0f,1f],start_interpolation:0}
execute if entity @s[tag=aj.living_root.bone.2] run data modify entity @s {} merge value {transformation:[0.027343724710277222f,-0.0414067876963799f,-0.998768140587011f,-1.4247821594208552f,-0.9913154904758127f,0.127445391285255f,-0.032423303083538295f,-0.23525380664102086f,0.1286309413075537f,0.9909809030313426f,-0.037562358359367276f,1.1672750826088207f,0f,0f,0f,1f],start_interpolation:0}
execute if entity @s[tag=aj.living_root.bone.1] run data modify entity @s {} merge value {transformation:[0.027343724710277222f,-0.33982572753668405f,-0.940090844345977f,-1f,-0.9913154904758127f,0.11179695468718331f,-0.06924622202958525f,-0.375f,0.1286309413075537f,0.9338200660870568f,-0.3338175626169143f,-1.2246467991473532e-16f,0f,0f,0f,1f],start_interpolation:0}