execute if entity @s[tag=aj.living_root.bone.6] run data modify entity @s {} merge value {transformation:[-1.2461690611818776f,0.2126087116433991f,-0.6393783317652045f,-3.073016786923077f,-0.5351029684283448f,-1.1292173145887223f,0.6674410191594847f,1.7544786820745164f,-0.4094776289087056f,0.8286194763646412f,1.0736211060038527f,3.526051039807009f,0f,0f,0f,1f],start_interpolation:0}
execute if entity @s[tag=aj.living_root.bone.5] run data modify entity @s {} merge value {transformation:[-1.0262568739144877f,-0.10825119906787371f,-0.544233054632611f,-2.9106399883212664f,-0.4406730328233429f,-0.5363813281000974f,0.9376638310817814f,2.5590506742246624f,-0.3372168708659929f,1.0303823852711451f,0.43093854925894587f,1.9804774619002914f,0f,0f,0f,1f],start_interpolation:0}
execute if entity @s[tag=aj.living_root.bone.4] run data modify entity @s {} merge value {transformation:[-1.0262568739144877f,-0.3215687255668149f,-0.4522184146977093f,-2.4282868999710443f,-0.4406730328233429f,-0.10549966856781633f,1.0750759085690038f,2.7173001770763867f,-0.3372168708659929f,1.1165010012447487f,-0.028660204708494872f,0.3057259600331682f,0f,0f,0f,1f],start_interpolation:0}
execute if entity @s[tag=aj.living_root.bone.3] run data modify entity @s {} merge value {transformation:[-0.8796487490695608f,-0.4724873581652238f,-0.05453232650826961f,-1.734321092665872f,-0.37771974242000816f,0.6242948924991614f,0.683800909172855f,1.8003670537182435f,-0.28904303217085103f,0.6221025506887975f,-0.7276280244602817f,-0.6079871612910032f,0f,0f,0f,1f],start_interpolation:0}
execute if entity @s[tag=aj.living_root.bone.2] run data modify entity @s {} merge value {transformation:[-0.8796487490695608f,-0.39699901897333256f,0.26193483387012223f,-1.250478538292123f,-0.37771974242000816f,0.9177763851752442f,0.1225328649825198f,0.6818270842859147f,-0.28904303217085103f,0.008847923421532733f,-0.9572752163325899f,-0.6187705679609962f,0f,0f,0f,1f],start_interpolation:0}
execute if entity @s[tag=aj.living_root.bone.1] run data modify entity @s {} merge value {transformation:[-0.8796487490695608f,-0.20038283063369836f,0.431352291575672f,-1f,-0.37771974242000816f,0.8454616674287317f,-0.3775213438930192f,-0.375f,-0.28904303217085103f,-0.4950164543687969f,-0.8193978493123015f,-1.2246467991473532e-16f,0f,0f,0f,1f],start_interpolation:0}