execute if entity @s[tag=aj.living_root.bone.6] run data modify entity @s {} merge value {transformation:[-0.4844651111954003f,1.1528881597646448f,0.6656477233141891f,2.045718734115667f,-0.9814989712962723f,0.16923379849204376f,-1.0074542844401215f,3.1374819467557398f,-0.8993874414418024f,-0.8057004759629283f,0.740873415405306f,-5.47377209841695f,0f,0f,0f,1f],start_interpolation:0}
execute if entity @s[tag=aj.living_root.bone.5] run data modify entity @s {} merge value {transformation:[-0.39897126804327093f,0.7406534054352419f,0.8083103187540258f,0.934738625962804f,-0.8082932704792832f,0.38240463744654213f,-0.7493595887612264f,2.563874990585927f,-0.7406720105991316f,-0.8162783455339662f,0.38236860022559666f,-4.249354580116001f,0f,0f,0f,1f],start_interpolation:0}
execute if entity @s[tag=aj.living_root.bone.4] run data modify entity @s {} merge value {transformation:[-0.39897126804327093f,0.6673861094165805f,0.8697866516249003f,-0.06634053816206686f,-0.8082932704792832f,0.4462604638935058f,-0.7131792890813422f,1.8944842947456682f,-0.7406720105991316f,-0.8464977793440832f,0.3097702267676592f,-2.979607911099876f,0f,0f,0f,1f],start_interpolation:0}
execute if entity @s[tag=aj.living_root.bone.3] run data modify entity @s {} merge value {transformation:[-0.3419753726085179f,0.43389441239350046f,0.8335397311604075f,-0.7036229563650207f,-0.692822803267957f,0.48284832737478944f,-0.5355875801615436f,1.1853008139139463f,-0.6348617233706841f,-0.7606530954680111f,0.13548970644937477f,-1.8623986771312346f,0f,0f,0f,1f],start_interpolation:0}
execute if entity @s[tag=aj.living_root.bone.2] run data modify entity @s {} merge value {transformation:[-0.3419753726085179f,0.2431983647169956f,0.9076934504160777f,-1.000020963363859f,-0.692822803267957f,0.5873252631407526f,-0.4183845104070842f,0.46949814946115387f,-0.6348617233706841f,-0.7719479196653263f,-0.03235740291154274f,-0.9215871500391183f,0f,0f,0f,1f],start_interpolation:0}
execute if entity @s[tag=aj.living_root.bone.1] run data modify entity @s {} merge value {transformation:[-0.3419753726085179f,-0.000016770691087318516f,0.9397089146368727f,-1f,-0.692822803267957f,0.6755985195689231f,-0.25211744015083376f,-0.375f,-0.6348617233706841f,-0.7372697200312945f,-0.23104967458055736f,-1.2246467991473532e-16f,0f,0f,0f,1f],start_interpolation:0}