execute if entity @s[tag=aj.living_root.bone.6] run data modify entity @s {} merge value {transformation:[-0.8125666181639996f,-1.123742931759653f,-0.2896234776570841f,-4.475206797686964f,-0.8555848366792631f,0.34126404523185017f,1.0763168135456012f,4.593258875230005f,-0.7839990578658138f,0.7922658134721302f,-0.8744168356758141f,-1.8200658648892838f,0f,0f,0f,1f],start_interpolation:0}
execute if entity @s[tag=aj.living_root.bone.5] run data modify entity @s {} merge value {transformation:[-0.669172509076235f,-0.9478602799545182f,0.12198423624497247f,-3.053416377755186f,-0.7045992772652756f,0.589935855771542f,0.7187674559017408f,3.7083550915726926f,-0.6456462829483174f,0.33859664332469636f,-0.9108261642900805f,-2.327960829876328f,0f,0f,0f,1f],start_interpolation:0}
execute if entity @s[tag=aj.living_root.bone.4] run data modify entity @s {} merge value {transformation:[-0.669172509076235f,-0.8613798960378872f,0.4139371195115094f,-1.7613465336983554f,-0.7045992772652756f,0.7860768054174273f,0.49672349005567934f,2.529239883446552f,-0.6456462829483174f,0.034914779071357385f,-0.971098834634524f,-2.380332998483364f,0f,0f,0f,1f],start_interpolation:0}
execute if entity @s[tag=aj.living_root.bone.3] run data modify entity @s {} merge value {transformation:[-0.5735764363510586f,-0.41985023731521065f,0.7033746156133168f,-1.1446914976416396f,-0.6039422376559505f,0.7968500303386804f,-0.01684644545200742f,1.3588664013866154f,-0.5534110996699863f,-0.4344603634114455f,-0.7106196925124233f,-1.7422193397228036f,0f,0f,0f,1f],start_interpolation:0}
execute if entity @s[tag=aj.living_root.bone.2] run data modify entity @s {} merge value {transformation:[-0.5735764363510586f,-0.11872122883414989f,0.8105031409482195f,-1.0000000000000193f,-0.6039422376559505f,0.7297465779421792f,-0.3205053908389096f,0.46948775951958455f,-0.5534110996699863f,-0.6733314204801288f,-0.49026620621481576f,-0.9215966710126465f,0f,0f,0f,1f],start_interpolation:0}
execute if entity @s[tag=aj.living_root.bone.1] run data modify entity @s {} merge value {transformation:[-0.5735764363510586f,-1.5397320760460094e-14f,0.819152044288983f,-1f,-0.6039422376559505f,0.6755902076156677f,-0.4228849074499376f,-0.375f,-0.5534110996699863f,-0.7372773368101171f,-0.3875026237178757f,-1.2246467991473532e-16f,0f,0f,0f,1f],start_interpolation:0}