execute if entity @s[tag=aj.living_root.bone.6] run data modify entity @s {} merge value {transformation:[0.03873700941653203f,1.4149207867315465f,-0.05867755806855247f,1.9939040741372782f,-1.4043620607448069f,0.04593582010571089f,0.18055898542099436f,0.4406535448294137f,0.1822391036152956f,0.053230744411858745f,1.4038874033936253f,5.649160813102151f,0f,0f,0f,1f],start_interpolation:0}
execute if entity @s[tag=aj.living_root.bone.5] run data modify entity @s {} merge value {transformation:[0.0319010665783205f,1.035633957202932f,-0.53624223980443f,0.44045313833288f,-1.156533461789841f,0.09712666025671035f,0.11877657487440306f,0.2949635544443482f,0.1500792618008317f,0.5283368524593793f,1.0292946597654844f,4.856655534413083f,0f,0f,0f,1f],start_interpolation:0}
execute if entity @s[tag=aj.living_root.bone.4] run data modify entity @s {} merge value {transformation:[0.0319010665783205f,0.8615558813944403f,-0.7860120204532024f,-0.8518806837587802f,-1.156533461789841f,0.12455878925270161f,0.08959113176770445f,0.10812537056529581f,0.1500792618008317f,0.7767352717404181f,0.857478655082893f,3.691552626802456f,0f,0f,0f,1f],start_interpolation:0}
execute if entity @s[tag=aj.living_root.bone.3] run data modify entity @s {} merge value {transformation:[0.02734377135284614f,0.42444005748668096f,-0.905043068460781f,-1.475277018192343f,-0.9913143958198638f,0.1280248781136823f,0.030089852513348714f,-0.07991116916417507f,0.12863936725785574f,0.8963594525549891f,0.42425422214377384f,2.3750246808623157f,0f,0f,0f,1f],start_interpolation:0}
execute if entity @s[tag=aj.living_root.bone.2] run data modify entity @s {} merge value {transformation:[0.02734377135284614f,-0.04141945275427228f,-0.9987676141634447f,-1.4247970601480735f,-0.9913143958198638f,0.1274534014736431f,-0.032425284780501794f,-0.23524500221017758f,0.12863936725785574f,0.9909793435719711f,-0.03757464311425318f,1.1672686058839756f,0f,0f,0f,1f],start_interpolation:0}
execute if entity @s[tag=aj.living_root.bone.1] run data modify entity @s {} merge value {transformation:[0.02734377135284614f,-0.3398376481184588f,-0.9400865338305392f,-1f,-0.9913143958198638f,0.11180399823185794f,-0.06925052071767401f,-0.375f,0.12863936725785574f,0.9338148847071807f,-0.3338288098574077f,-1.2246467991473532e-16f,0f,0f,0f,1f],start_interpolation:0}