execute if entity @s[tag=aj.living_root.bone.6] run data modify entity @s {} merge value {transformation:[0.06024179146456781f,0.017656239617383173f,-1.4152751068990643f,3.0004686753481025f,-1.415109835789439f,0.028694394707139213f,-0.05987678021422609f,-0.08716147214375022f,0.027919950887697068f,1.416265982560977f,0.018857025944303503f,5.957307477248105f,0f,0f,0f,1f],start_interpolation:0}
execute if entity @s[tag=aj.living_root.bone.5] run data modify entity @s {} merge value {transformation:[0.049610887088467615f,0.36434628386318185f,-1.1072044329880986f,2.4539492495533297f,-1.1653845706501265f,0.03736486821506302f,-0.03992217710750871f,-0.14320877446634475f,0.02299290073104465f,1.107685317754764f,0.3655347787251051f,4.295779500615959f,0f,0f,0f,1f],start_interpolation:0}
execute if entity @s[tag=aj.living_root.bone.4] run data modify entity @s {} merge value {transformation:[0.049610887088467615f,0.4594590609845093f,-1.0712363148589763f,1.764760658076566f,-1.1653845706501265f,0.04070213060865104f,-0.03651369832882766f,-0.2042619703793213f,0.02299290073104465f,1.0716117855614788f,0.46068494513368125f,2.688361822273741f,0f,0f,0f,1f],start_interpolation:0}
execute if entity @s[tag=aj.living_root.bone.3] run data modify entity @s {} merge value {transformation:[0.04252361750440081f,0.5472832108929881f,-0.8358665138818523f,0.9609384420774897f,-0.9989010605572511f,0.03979226653902515f,-0.02476381919830692f,-0.2627068618585145f,0.019708200626609697f,0.8360009943764114f,0.5483738909081222f,1.460485361783387f,0f,0f,0f,1f],start_interpolation:0}
execute if entity @s[tag=aj.living_root.bone.2] run data modify entity @s {} merge value {transformation:[0.04252361750440081f,0.7152250391269768f,-0.697599373107627f,0.08925792564148671f,-0.9989010605572511f,0.04420890240321692f,-0.015564194996918303f,-0.3165864616624351f,0.019708200626609697f,0.6974945995160949f,0.7163189725771222f,0.6104138186231465f,0f,0f,0f,1f],start_interpolation:0}
execute if entity @s[tag=aj.living_root.bone.1] run data modify entity @s {} merge value {transformation:[0.04252361750440081f,0.8714063405131893f,-0.4887153892274635f,-1f,-0.9989010605572511f,0.046730830670051904f,-0.003591752007891358f,-0.375f,0.019708200626609697f,0.48833105489851725f,0.872435881684014f,-1.2246467991473532e-16f,0f,0f,0f,1f],start_interpolation:0}