execute if entity @s[tag=aj.living_root.bone.6] run data modify entity @s {} merge value {transformation:[-0.11655674633945887f,-1.1282857406721585f,0.8487227207534164f,-8.141732865539314f,-1.4086605411521569f,0.03560235292557163f,-0.14612459310984877f,0.18137646389481976f,0.09504971924269338f,-0.8559487159324939f,-1.1248385621989687f,-0.512064377530334f,0f,0f,0f,1f],start_interpolation:0}
execute if entity @s[tag=aj.living_root.bone.5] run data modify entity @s {} merge value {transformation:[-0.09598790875014261f,-1.0963491250914208f,0.38718991257025465f,-6.497209177902183f,-1.1600733868311883f,0.06414888946938876f,-0.10595172606886252f,0.08515312969073661f,0.07827623937633574f,-0.39371896957376995f,-1.0954311089511646f,0.07851407683032097f,0f,0f,0f,1f],start_interpolation:0}
execute if entity @s[tag=aj.living_root.bone.4] run data modify entity @s {} merge value {transformation:[-0.09598790875014261f,-1.1259230100880588f,0.29016341574900617f,-4.8083246627700955f,-1.1600733868311883f,0.07313908495880662f,-0.09995760365532783f,-0.024555497747473315f,0.07827623937633574f,-0.2967476380980053f,-1.125577532088956f,0.5236355339773289f,0f,0f,0f,1f],start_interpolation:0}
execute if entity @s[tag=aj.living_root.bone.3] run data modify entity @s {} merge value {transformation:[-0.08227535035726509f,-0.9936034782857054f,0.07734917363577401f,-3.3489695540379656f,-0.9943486172838756f,0.0766160516865877f,-0.07349018934254117f,-0.13708532366214898f,0.06709391946543063f,-0.08295847492876157f,-0.9942918572573448f,0.6454807940289474f,0f,0f,0f,1f],start_interpolation:0}
execute if entity @s[tag=aj.living_root.bone.2] run data modify entity @s {} merge value {transformation:[-0.08227535035726509f,-0.9867925337909698f,-0.13953946387308166f,-2.146316153480221f,-0.9943486172838756f,0.09070613355244769f,-0.055165429769104046f,-0.24763342392919463f,0.06709391946543063f,0.13421211789686996f,-0.9886786704386834f,0.48190977534213714f,0f,0f,0f,1f],start_interpolation:0}
execute if entity @s[tag=aj.living_root.bone.1] run data modify entity @s {} merge value {transformation:[-0.08227535035726509f,-0.917052922784177f,-0.3901854732516157f,-1f,-0.9943486172838756f,0.1018932608566443f,-0.02980923846132716f,-0.375f,0.06709391946543063f,0.3855278202737098f,-0.9202536094826079f,-1.2246467991473532e-16f,0f,0f,0f,1f],start_interpolation:0}