execute if entity @s[tag=aj.living_root.bone.6] run data modify entity @s {} merge value {transformation:[-0.271282851559658f,-0.12589551919384384f,1.3847383785903449f,-5.375058381226218f,-1.390429701702513f,0.01701668969630879f,-0.2708507362731082f,0.4484651986457571f,0.007436633483361963f,-1.4109589628912447f,-0.12682249786115274f,-5.635324502326159f,0f,0f,0f,1f],start_interpolation:0}
execute if entity @s[tag=aj.living_root.bone.5] run data modify entity @s {} merge value {transformation:[-0.2234094071667772f,-0.4417968074607937f,1.056416077508266f,-4.712363170035028f,-1.1450597543432461f,0.08043864096990928f,-0.2085159349627993f,0.3278072371908932f,0.006124286398062794f,-1.076780533380631f,-0.44901813678263613f,-4.020153702255213f,0f,0f,0f,1f],start_interpolation:0}
execute if entity @s[tag=aj.living_root.bone.4] run data modify entity @s {} merge value {transformation:[-0.2234094071667772f,-0.532188365112103f,1.0138909664948235f,-3.9140806223668734f,-1.1450597543432461f,0.09830590884233426f,-0.20071177937823925f,0.1803483739273918f,0.006124286398062794f,-1.0335485491437262f,-0.5411570943729048f,-2.4698308785396232f,0f,0f,0f,1f],start_interpolation:0}
execute if entity @s[tag=aj.living_root.bone.3] run data modify entity @s {} merge value {transformation:[-0.1914937775715233f,-0.6001401828943539f,0.7766349812021858f,-3.032624728740791f,-0.981479789437068f,0.1128562765029946f,-0.1547930353098884f,0.014590717813618509f,0.00524938834119668f,-0.7918934408930354f,-0.6106367350500888f,-1.3067373872279773f,0f,0f,0f,1f],start_interpolation:0}
execute if entity @s[tag=aj.living_root.bone.2] run data modify entity @s {} merge value {transformation:[-0.1914937775715233f,-0.7540090397742111f,0.6283315216429621f,-2.1136762115159713f,-0.981479789437068f,0.14368447693107614f,-0.12669725338621896f,-0.16052473844613052f,0.00524938834119668f,-0.6409564252176706f,-0.7675593168571587f,-0.5255717439939412f,0f,0f,0f,1f],start_interpolation:0}
execute if entity @s[tag=aj.living_root.bone.1] run data modify entity @s {} merge value {transformation:[-0.1914937775715233f,-0.8909409692127771f,0.4117697445534159f,-1f,-0.981479789437068f,0.17158020924309558f,-0.08519187005028273f,-0.375f,0.00524938834119668f,-0.4204573951951529f,-0.9072970972882866f,-1.2246467991473532e-16f,0f,0f,0f,1f],start_interpolation:0}