execute if entity @s[tag=aj.living_root.bone.6] run data modify entity @s {} merge value {transformation:[0.28656727946200367f,1.387239628880322f,-0.019744641049529454f,4.941210007756115f,-1.3568430585340252f,0.2760246007941067f,-0.29955263094977f,1.6271183786097168f,-0.2894832521826095f,0.07950519646465445f,1.3844937034473426f,-3.5028072543044386f,0f,0f,0f,1f],start_interpolation:0}
execute if entity @s[tag=aj.living_root.bone.5] run data modify entity @s {} merge value {transformation:[0.23599658308635602f,1.0944469339057608f,0.32802840234795877f,3.299539606897474f,-1.1174001658515504f,0.290974809163468f,-0.1669180664227868f,1.1906561648645146f,-0.23839797238567845f,-0.28041162673411685f,1.1070893538761148f,-3.0821898142032635f,0f,0f,0f,1f],start_interpolation:0}
execute if entity @s[tag=aj.living_root.bone.4] run data modify entity @s {} merge value {transformation:[0.23599658308635602f,1.0616926738507217f,0.42216749066499615f,1.7070005961213912f,-1.1174001658515504f,0.30441543022398526f,-0.14092276717260585f,0.7340330195285367f,-0.23839797238567845f,-0.3758337707609065f,1.0784370610421108f,-2.518439158061904f,0f,0f,0f,1f],start_interpolation:0}
execute if entity @s[tag=aj.living_root.bone.3] run data modify entity @s {} merge value {transformation:[0.20228278550259085f,0.8333610523716471f,0.514384127942662f,0.4830015504505344f,-0.9577715707299003f,0.2779385635992271f,-0.07364627055036592f,0.32581075424217193f,-0.20434111918772438f,-0.4777651214293683f,0.8543917109585557f,-1.8167216359625193f,0f,0f,0f,1f],start_interpolation:0}
execute if entity @s[tag=aj.living_root.bone.2] run data modify entity @s {} merge value {transformation:[0.20228278550259085f,0.7022739658519073f,0.6825635146826603f,-0.37289484543147755f,-0.9577715707299003f,0.2872902802324773f,-0.011743644473669025f,-0.024324274791159783f,-0.20434111918772438f,-0.6513643924644473f,0.7307319174899428f,-1.022871282646474f,0f,0f,0f,1f],start_interpolation:0}
execute if entity @s[tag=aj.living_root.bone.1] run data modify entity @s {} merge value {transformation:[0.20228278550259085f,0.501684123654818f,0.8410676041567701f,-1f,-0.9577715707299003f,0.2805405801670722f,0.06301270650513158f,-0.375f,-0.20434111918772438f,-0.8182970261171791f,0.5372473211258365f,-1.2246467991473532e-16f,0f,0f,0f,1f],start_interpolation:0}