execute if entity @s[tag=aj.living_root.bone.6] run data modify entity @s {} merge value {transformation:[0.038736877259549336f,1.414922278037484f,-0.058641673729867484f,1.994048768494373f,-1.404365162168611f,0.04593020558654873f,0.1805362898321336f,0.4405513836368081f,0.18221523007628482f,0.05319593755578493f,1.4038918215447556f,5.649098876382229f,0f,0f,0f,1f],start_interpolation:0}
execute if entity @s[tag=aj.living_root.bone.5] run data modify entity @s {} merge value {transformation:[0.031900957743158286f,1.0356475594044803f,-0.5362159758024042f,0.44057742938765276f,-1.1565360159035623f,0.09711457080150394f,0.11876158961156666f,0.2948795274345522f,0.1500596012392934f,0.5283124113142664f,1.0293100714742478f,4.85663025941083f,0f,0f,0f,1f],start_interpolation:0}
execute if entity @s[tag=aj.living_root.bone.4] run data modify entity @s {} merge value {transformation:[0.031900957743158286f,0.8615758177361349f,-0.78599017188416f,-0.8517862972165495f,-1.1565360159035623f,0.12454323326427405f,0.08957978609656936f,0.10806467753814114f,0.1500596012392934f,0.7767156522508751f,0.857499867484254f,3.6915567810345173f,0f,0f,0f,1f],start_interpolation:0}
execute if entity @s[tag=aj.living_root.bone.3] run data modify entity @s {} merge value {transformation:[0.02734367806556424f,0.42446301165534234f,-0.9050323060567086f,-1.4752163455853335f,-0.9913165850601962f,0.12800883783394915f,0.03008597050109241f,-0.07994830303047168f,0.12862251534796576f,0.8963508739176186f,0.42427745564981884f,2.375041434968015f,0f,0f,0f,1f],start_interpolation:0}
execute if entity @s[tag=aj.living_root.bone.2] run data modify entity @s {} merge value {transformation:[0.02734367806556424f,-0.04139412263284753f,-0.9987686668499888f,-1.4247672586265505f,-0.9913165850601962f,0.12743738105797667f,-0.03242132159050498f,-0.23526261119488073f,0.12862251534796576f,0.9909824622668865f,-0.03755007356878931f,1.1672815590802468f,0f,0f,0f,1f],start_interpolation:0}
execute if entity @s[tag=aj.living_root.bone.1] run data modify entity @s {} merge value {transformation:[0.02734367806556424f,-0.3398138069012403f,-0.9400951547099546f,-1f,-0.9913165850601962f,0.11178991104409541f,-0.06924192352429365f,-0.375f,0.12862251534796576f,0.9338252472641977f,-0.33380631527507454f,-1.2246467991473532e-16f,0f,0f,0f,1f],start_interpolation:0}