execute if entity @s[tag=aj.living_root.bone.6] run data modify entity @s {} merge value {transformation:[-0.05651205505304476f,-0.9454841764785599f,-1.0534754406756637f,-2.0899281641205083f,-1.403119171592379f,0.17677192849548592f,-0.08338297218465025f,0.606371886369102f,0.187102705453558f,1.0400749019994129f,-0.9434941548771322f,7.030297208279123f,0f,0f,0f,1f],start_interpolation:0}
execute if entity @s[tag=aj.living_root.bone.5] run data modify entity @s {} merge value {transformation:[-0.046539339455448636f,-0.4817137385738085f,-1.0615540848507932f,-1.3673575562597957f,-1.1555099060172533f,0.15948810536105693f,-0.021714337554923656f,0.3671397283275166f,0.15408458096175368f,1.0505363056214168f,-0.4834692581666969f,5.454492749846998f,0f,0f,0f,1f],start_interpolation:0}
execute if entity @s[tag=aj.living_root.bone.4] run data modify entity @s {} merge value {transformation:[-0.046539339455448636f,-0.3873601376331997f,-1.0994986697431468f,-0.786317349809996f,-1.1555099060172533f,0.16077373418725532f,-0.007731403662629745f,0.1259791270466336f,0.15408458096175368f,1.088675820104123f,-0.3900692396761974f,3.821479019690814f,0f,0f,0f,1f],start_interpolation:0}
execute if entity @s[tag=aj.living_root.bone.3] run data modify entity @s {} merge value {transformation:[-0.03989086239038454f,-0.16332799405794818f,-0.9857650254775514f,-0.5464293585373846f,-0.9904370623005029f,0.1368632263415623f,0.01740353116259965f,-0.07503873664253605f,0.13207249796721743f,0.9770324578192807f,-0.1672256907544839f,2.3864625972687454f,0f,0f,0f,1f],start_interpolation:0}
execute if entity @s[tag=aj.living_root.bone.2] run data modify entity @s {} merge value {transformation:[-0.03989086239038454f,0.053902133098362365f,-0.9977491063113999f,-0.6121225832510138f,-0.9904370623005029f,0.12985220783282617f,0.04661362185552431f,-0.23329611493879293f,0.13207249796721743f,0.9900671513429715f,0.0482067538039255f,1.179818256569499f,0f,0f,0f,1f],start_interpolation:0}
execute if entity @s[tag=aj.living_root.bone.1] run data modify entity @s {} merge value {transformation:[-0.03989086239038454f,0.310301933399189f,-0.9498007313255112f,-1f,-0.9904370623005029f,0.11336310804896566f,0.07863352564286963f,-0.375f,0.13207249796721743f,0.9438546052555994f,0.30281238319873116f,-1.2246467991473532e-16f,0f,0f,0f,1f],start_interpolation:0}