execute if entity @s[tag=aj.living_root.bone.6] run data modify entity @s {} merge value {transformation:[0.038737339755850225f,-1.3940974356659697f,-0.24886985117255864f,-6.225253620075552f,-1.404354305411072f,-0.00576826882041444f,-0.18627977988134958f,0.11720782281841254f,0.18229878723257692f,0.2518005388970149f,-1.3821389529382162f,4.9020984368002765f,0f,0f,0f,1f],start_interpolation:0}
execute if entity @s[tag=aj.living_root.bone.5] run data modify entity @s {} merge value {transformation:[0.03190133862246489f,-1.0333134393811085f,-0.5407002420006765f,-4.67528346100389f,-1.1565270750444125f,0.04159985890957607f,-0.1477351939756741f,0.05480803445404843f,0.15012841301506338f,0.540040645548276f,-1.0231953243992522f,4.092037468477862f,0f,0f,0f,1f],start_interpolation:0}
execute if entity @s[tag=aj.living_root.bone.4] run data modify entity @s {} merge value {transformation:[0.03190133862246489f,-0.9822562385829992f,-0.6287019146383955f,-3.2018991031293913f,-1.1565270750444125f,0.054317529448003575f,-0.14354735035866023f,-0.02666825971795693f,0.15012841301506338f,0.6271629763231841f,-0.9722341137021141f,3.1512930039930858f,0f,0f,0f,1f],start_interpolation:0}
execute if entity @s[tag=aj.living_root.bone.3] run data modify entity @s {} merge value {transformation:[0.027344004533541338f,-0.7355662435101251f,-0.6769007363155052f,-2.121536182973895f,-0.9913089214666393f,0.06721633707733762f,-0.11308663161733089f,-0.12539225480029656f,0.1286814968700543f,0.6741099802245246f,-0.727335415695519f,2.1611939705383154f,0f,0f,0f,1f],start_interpolation:0}
execute if entity @s[tag=aj.living_root.bone.2] run data modify entity @s {} merge value {transformation:[0.027344004533541338f,-0.5716222524685982f,-0.8200611598526026f,-1.424871562777791f,-0.9913089214666393f,0.09009946839064782f,-0.09585774885929062f,-0.2352009819013986f,0.1286814968700543f,0.8155550786295483f,-0.5641905583088338f,1.1672362184585534f,0f,0f,0f,1f],start_interpolation:0}
execute if entity @s[tag=aj.living_root.bone.1] run data modify entity @s {} merge value {transformation:[0.027344004533541338f,-0.33989725022223294f,-0.9400649789814715f,-1f,-0.9913089214666393f,0.11183921447888112f,-0.06927201690000806f,-0.375f,0.1286814968700543f,0.9337889747668429f,-0.33388504453954015f,-1.2246467991473532e-16f,0f,0f,0f,1f],start_interpolation:0}