execute if entity @s[tag=aj.living_root.bone.6] run data modify entity @s {} merge value {transformation:[-0.4845285363780434f,-0.771698195380464f,1.0847388796970128f,-1.3238706890289618f,-0.9814866032369718f,0.9869538367895712f,0.2637245080707121f,4.596659217323348f,-0.8993667714265111f,-0.6613232671979136f,-0.872201462485001f,-5.2511305473747125f,0f,0f,0f,1f],start_interpolation:0}
execute if entity @s[tag=aj.living_root.bone.5] run data modify entity @s {} merge value {transformation:[-0.399023500546624f,-0.4017982479721268f,1.0200242766959808f,-0.7211733170707717f,-0.8082830850186828f,0.8411658540326784f,0.015151620153188935f,3.3349104362743303f,-0.7406549882335974f,-0.7015050142708282f,-0.5660671466077905f,-4.198873025968471f,0f,0f,0f,1f],start_interpolation:0}
execute if entity @s[tag=aj.living_root.bone.4] run data modify entity @s {} merge value {transformation:[-0.399023500546624f,-0.17150036450740158f,1.0828106861757774f,-0.4639227703096693f,-0.8082830850186828f,0.8245062754342257f,-0.16726914644779126f,2.0981510231229916f,-0.7406549882335974f,-0.807395899082055f,-0.4008156205305384f,-2.987779177345388f,0f,0f,0f,1f],start_interpolation:0}
execute if entity @s[tag=aj.living_root.bone.3] run data modify entity @s {} merge value {transformation:[-0.3420201433256777f,0.16317591116651417f,0.9254165783983236f,-0.703587389835487f,-0.6928140728731567f,0.6215387072696879f,-0.3656477755907091f,1.1852660468206377f,-0.6348471327716549f,-0.766200533398733f,-0.09952819013277393f,-1.8624221439159987f,0f,0f,0f,1f],start_interpolation:0}
execute if entity @s[tag=aj.living_root.bone.2] run data modify entity @s {} merge value {transformation:[-0.3420201433256777f,0.24321034680167308f,0.9076733711903708f,-1.000000000000026f,-0.6928140728731567f,0.5873052613752234f,-0.41842704309101353f,0.4694877595195842f,-0.6348471327716549f,-0.7719593623822373f,-0.03237067873891841f,-0.921596671012647f,0f,0f,0f,1f],start_interpolation:0}
execute if entity @s[tag=aj.living_root.bone.1] run data modify entity @s {} merge value {transformation:[-0.3420201433256777f,-2.0726391278660846e-14f,0.9396926207859051f,-1f,-0.6928140728731567f,0.6755902076156673f,-0.25216370040655717f,-0.375f,-0.6348471327716549f,-0.7372773368101175f,-0.23106545963814917f,-1.2246467991473532e-16f,0f,0f,0f,1f],start_interpolation:0}