execute if entity @s[tag=aj.living_root.bone.6] run data modify entity @s {} merge value {transformation:[-1.3326061847395947f,0.3556219195016834f,-0.3234783628129766f,-1.4631538577157652f,-0.4596335284987468f,-0.6632061906695333f,1.164405003674341f,2.698260234093984f,0.14086241627210988f,1.2002645722806236f,0.7392341852582565f,5.646444034986723f,0f,0f,0f,1f],start_interpolation:0}
execute if entity @s[tag=aj.living_root.bone.5] run data modify entity @s {} merge value {transformation:[-1.0974403874326075f,0.15284298357386378f,-0.3652050513274963f,-1.692418333076561f,-0.3785217293519092f,-0.08974009585856711f,1.0998995984701723f,2.832870377881835f,0.11600434281232581f,1.1531248192102388f,0.13400468231052834f,3.9167568061713647f,0f,0f,0f,1f],start_interpolation:0}
execute if entity @s[tag=aj.living_root.bone.4] run data modify entity @s {} merge value {transformation:[-1.0974403874326075f,0.05311296254987119f,-0.39231966602766116f,-1.7720877769013677f,-0.3785217293519092f,0.1979926875412493f,1.0856478744048386f,2.535881346569961f,0.11600434281232581f,1.1485160077249599f,-0.16901208110460966f,2.193982794583925f,0f,0f,0f,1f],start_interpolation:0}
execute if entity @s[tag=aj.living_root.bone.3] run data modify entity @s {} merge value {transformation:[-0.9406631892279492f,-0.08662650631622282f,-0.3280984803910997f,-1.6448550957494155f,-0.3244471965873507f,0.512897868448603f,0.7947765680790346f,1.7825626022860752f,0.0994322938391364f,0.8540676934203312f,-0.5105698718075349f,0.9395708698728135f,0f,0f,0f,1f],start_interpolation:0}
execute if entity @s[tag=aj.living_root.bone.2] run data modify entity @s {} merge value {transformation:[-0.9406631892279492f,-0.2283376678679835f,-0.25102723729530596f,-1.3665685630353106f,-0.3244471965873507f,0.821932943770123f,0.46814554635496497f,0.7808318270662378f,0.0994322938391364f,0.5218123660646518f,-0.8472455804333814f,0.30361204873151915f,0f,0f,0f,1f],start_interpolation:0}
execute if entity @s[tag=aj.living_root.bone.1] run data modify entity @s {} merge value {transformation:[-0.9406631892279492f,-0.2932548504282485f,-0.17074647033484766f,-1f,-0.3244471965873507f,0.9246654616529901f,0.19931833998072437f,-0.375f,0.0994322938391364f,0.24288963898521543f,-0.9649444762345237f,-1.2246467991473532e-16f,0f,0f,0f,1f],start_interpolation:0}