execute if entity @s[tag=aj.living_root.bone.6] run data modify entity @s {} merge value {transformation:[-1.1224538043525096f,0.696513236422394f,-0.5117726184815129f,-1.4275921832827823f,-0.8509855487065476f,-0.7438303322430931f,0.8540986343345768f,1.2926606333445205f,0.15121341683738926f,0.9841393157312509f,1.0077443893392959f,6.21110643439685f,0f,0f,0f,1f],start_interpolation:0}
execute if entity @s[tag=aj.living_root.bone.5] run data modify entity @s {} merge value {transformation:[-0.9243737212314787f,0.3417407539531768f,-0.6243857715349495f,-1.9402033142125474f,-0.7008116283465687f,-0.257914211181027f,0.8963561972543116f,1.679531950116061f,0.12452869621902646f,1.0852670767463157f,0.40963286862702625f,4.583205819277376f,0f,0f,0f,1f],start_interpolation:0}
execute if entity @s[tag=aj.living_root.bone.4] run data modify entity @s {} merge value {transformation:[-0.9243737212314787f,0.16849329097459523f,-0.6915593579038102f,-2.1929432506744404f,-0.7008116283465687f,-0.017131942501639096f,0.9325667103384413f,1.7052298638685197f,0.12452869621902646f,1.15430828575116f,0.11478717861903613f,2.8517433906506366f,0f,0f,0f,1f],start_interpolation:0}
execute if entity @s[tag=aj.living_root.bone.3] run data modify entity @s {} merge value {transformation:[-0.7923203324841245f,-0.09341211931708315f,-0.6029118233182506f,-2.0557442004274744f,-0.600695681439916f,0.2923285530791233f,0.7441160630937226f,1.2758723015335574f,0.10673888247345124f,0.9517448150735348f,-0.287730113038176f,1.4538681935113824f,0f,0f,0f,1f],start_interpolation:0}
execute if entity @s[tag=aj.living_root.bone.2] run data modify entity @s {} merge value {transformation:[-0.7923203324841245f,-0.36125126010459735f,-0.4916564021805136f,-1.6154692271749962f,-0.600695681439916f,0.6028931536479366f,0.5250567051127718f,0.5410962705251348f,0.10673888247345124f,0.7113489807100913f,-0.6946865758102949f,0.5869116232709587f,0f,0f,0f,1f],start_interpolation:0}
execute if entity @s[tag=aj.living_root.bone.1] run data modify entity @s {} merge value {transformation:[-0.7923203324841245f,-0.49237538173999695f,-0.3602706957117643f,-1f,-0.600695681439916f,0.7328770164201078f,0.31946201198670837f,-0.375f,0.10673888247345124f,0.46952929861676707f,-0.8764411267784993f,-1.2246467991473532e-16f,0f,0f,0f,1f],start_interpolation:0}