execute if entity @s[tag=aj.living_root.bone.6] run data modify entity @s {} merge value {transformation:[0.038737273694059986f,-0.07520829449708477f,-1.4141384587479529f,-0.9812904252590184f,-1.4043558566805876f,0.18005754429679283f,-0.048045322282050024f,0.5699632578010083f,0.18228685053543797f,1.403163368116875f,-0.06963124974623573f,7.276114122480397f,0f,0f,0f,1f],start_interpolation:0}
execute if entity @s[tag=aj.living_root.bone.5] run data modify entity @s {} merge value {transformation:[0.03190128421863764f,0.12100746633807699f,-1.1599356069483995f,-1.162801624766134f,-1.1565283525604841f,0.15264667882224586f,-0.01588308154554483f,0.3409932395676395f,0.15011858279389012f,1.1502900919533683f,0.12412987780940068f,5.550678984550345f,0f,0f,0f,1f],start_interpolation:0}
execute if entity @s[tag=aj.living_root.bone.4] run data modify entity @s {} merge value {transformation:[0.03190128421863764f,0.12100746633807699f,-1.1599356069483995f,-1.3443128242732494f,-1.1565283525604841f,0.15264667882224586f,-0.01588308154554483f,0.1120232213342707f,0.15011858279389012f,1.1502900919533683f,0.12412987780940068f,3.825243846620292f,0f,0f,0f,1f],start_interpolation:0}
execute if entity @s[tag=aj.living_root.bone.3] run data modify entity @s {} merge value {transformation:[0.027343957901689402f,0.08924972816714821f,-0.9956338654286329f,-1.4753983625187483f,-0.991310016480415f,0.13062817008411706f,-0.015515553682511066f,-0.07983690347677624f,0.12867307096619152f,0.987406080193233f,0.09204604068380318f,2.374991166336481f,0f,0f,0f,1f],start_interpolation:0}
execute if entity @s[tag=aj.living_root.bone.2] run data modify entity @s {} merge value {transformation:[0.027343957901689402f,-0.04147011292940217f,-0.9987655068632945f,-1.4248566623860395f,-0.991310016480415f,0.12748544183819802f,-0.032433213607648156f,-0.23520978571708007f,0.12867307096619152f,0.9909731034962261f,-0.03762378177678821f,1.1672426964504554f,0f,0f,0f,1f],start_interpolation:0}
execute if entity @s[tag=aj.living_root.bone.1] run data modify entity @s {} merge value {transformation:[0.027343957901689402f,-0.3398853299088315f,-0.9400692902542002f,-1f,-0.991310016480415f,0.11183217142633595f,-0.06926771729796294f,-0.375f,0.12867307096619152f,0.9337941571603645f,-0.3338737978058386f,-1.2246467991473532e-16f,0f,0f,0f,1f],start_interpolation:0}