execute if entity @s[tag=aj.living_root.bone.6] run data modify entity @s {} merge value {transformation:[-0.8011171053977281f,1.052316749543962f,-0.5077256015928678f,-0.6006943445947331f,-1.157175614758397f,-0.6294729673349855f,0.5212032467737118f,0.24252652947121817f,0.16155625797887196f,0.7094629563748642f,1.2155271833587866f,6.403201244813266f,0f,0f,0f,1f],start_interpolation:0}
execute if entity @s[tag=aj.living_root.bone.5] run data modify entity @s {} merge value {transformation:[-0.659743498562835f,0.608710738056532f,-0.7451985403836039f,-1.513760451679531f,-0.9529681533304446f,-0.2884216109432406f,0.6080919208392588f,0.675158945886079f,0.13304633010024752f,0.9525730013110225f,0.6603139119625436f,4.9743417428467325f,0f,0f,0f,1f],start_interpolation:0}
execute if entity @s[tag=aj.living_root.bone.4] run data modify entity @s {} merge value {transformation:[-0.659743498562835f,0.39509784799440767f,-0.8773524478368826f,-2.1064072236711424f,-0.9529681533304446f,-0.12120811258379931f,0.662020697027628f,0.856971114761778f,0.13304633010024752f,1.0910166795540626f,0.391270226432826f,3.337816723515638f,0f,0f,0f,1f],start_interpolation:0}
execute if entity @s[tag=aj.living_root.bone.3] run data modify entity @s {} merge value {transformation:[-0.5654944273395728f,0.025092487687848997f,-0.8243703170963422f,-2.1432618149626705f,-0.8168298457118096f,0.12116799278122792f,0.5640100359743517f,0.6790056253643495f,0.11403971151449786f,0.9923148112302886f,-0.048023531843114864f,1.8803543445211517f,0f,0f,0f,1f],start_interpolation:0}
execute if entity @s[tag=aj.living_root.bone.2] run data modify entity @s {} merge value {transformation:[-0.5654944273395728f,-0.35839454230084794f,-0.7428118232075027f,-1.7064684665335124f,-0.8168298457118096f,0.3679081741932082f,0.4443338592952839f,0.23061753806637697f,0.11403971151449786f,0.8580191882532614f,-0.5007973809704924f,0.8346434588374892f,0f,0f,0f,1f],start_interpolation:0}
execute if entity @s[tag=aj.living_root.bone.1] run data modify entity @s {} merge value {transformation:[-0.5654944273395728f,-0.56517477322681f,-0.600660909628646f,-1f,-0.8168298457118096f,0.4844940304531016f,0.31313661173636387f,-0.375f,0.11403971151449786f,0.6677147670699914f,-0.7356302971155805f,-1.2246467991473532e-16f,0f,0f,0f,1f],start_interpolation:0}