execute if entity @s[tag=aj.living_root.bone.6] run data modify entity @s {} merge value {transformation:[0.03873714156136912f,1.2898958827539806f,-0.5844762526933218f,1.9177397860684806f,-1.4043589589154655f,0.1102432457851293f,0.15022245410415008f,0.45573129428889736f,0.1822629771016822f,0.5752907811337957f,1.2817040098107453f,5.780768278936199f,0f,0f,0f,1f],start_interpolation:0}
execute if entity @s[tag=aj.living_root.bone.5] run data modify entity @s {} merge value {transformation:[0.031901175403480454f,0.9849406264909968f,-0.6244881010928155f,0.44032884633198577f,-1.1565309073421481f,0.10712247483160424f,0.10987332187301381f,0.295047582041491f,0.15009892231903244f,0.6160583160582985f,0.9793128079654579f,4.856680804848751f,0f,0f,0f,1f],start_interpolation:0}
execute if entity @s[tag=aj.living_root.bone.4] run data modify entity @s {} merge value {transformation:[0.031901175403480454f,0.8615359444955858f,-0.7860338685203626f,-0.8519750704113928f,-1.1565309073421481f,0.1245743458534799f,0.08960247668807016f,0.10818606326127117f,0.15009892231903244f,0.776754890430944f,0.8574574419884573f,3.691548469202335f,0f,0f,0f,1f],start_interpolation:0}
execute if entity @s[tag=aj.living_root.bone.3] run data modify entity @s {} merge value {transformation:[0.027343864631554676f,0.4244171030414311f,-0.9050538302846579f,-1.4753376905034947f,-0.9913122062932698f,0.12804091863207084f,0.03009373373021336f,-0.07987403597958287f,0.12865621913059921f,0.8963680303322821f,0.42423098835097445f,2.375007924651795f,0f,0f,0f,1f],start_interpolation:0}
execute if entity @s[tag=aj.living_root.bone.2] run data modify entity @s {} merge value {transformation:[0.027343864631554676f,-0.04144478285312958f,-0.9987665608345466f,-1.4248268614012431f,-0.9913122062932698f,0.12746942173372844f,-0.032429248786218424f,-0.2352273937175644f,0.12865621913059921f,0.9909762239817492f,-0.03759921251693171f,1.1672556516740382f,0f,0f,0f,1f],start_interpolation:0}
execute if entity @s[tag=aj.living_root.bone.1] run data modify entity @s {} merge value {transformation:[0.027343864631554676f,-0.3398614891209946f,-0.9400779123452859f,-1f,-0.9913122062932698f,0.11181808502594848f,-0.06925911864223605f,-0.375f,0.12865621913059921f,0.9338045213392308f,-0.33385130403434016f,-1.2246467991473532e-16f,0f,0f,0f,1f],start_interpolation:0}