execute if entity @s[tag=aj.living_root.bone.6] run data modify entity @s {} merge value {transformation:[-0.48448096749197567f,1.0510674828686277f,0.8169943592453321f,2.045732401698654f,-0.9814958796931067f,0.30535292411029724f,-0.9748691575422774f,3.1374311443022016f,-0.8993822739680486f,-0.899422694086569f,0.6237746284344723f,-5.4737970927697805f,0f,0f,0f,1f],start_interpolation:0}
execute if entity @s[tag=aj.living_root.bone.5] run data modify entity @s {} merge value {transformation:[-0.3989843261698624f,0.7406538014141689f,0.8083035104666026f,0.9347516995774003f,-0.8082907244531469f,0.38239373454990855f,-0.74936789873272f,2.563840542477339f,-0.7406677550325107f,-0.8162830938705187f,0.3823667067454827f,-4.249372451964002f,0f,0f,0f,1f],start_interpolation:0}
execute if entity @s[tag=aj.living_root.bone.4] run data modify entity @s {} merge value {transformation:[-0.3989843261698624f,0.6673870972700354f,0.8697799037569036f,-0.06632894632765285f,-0.8082907244531469f,0.4462503267474234f,-0.7131885176809396f,1.894465052356204f,-0.7406677550325107f,-0.8465023445841159f,0.30976792664800973f,-2.979618935087829f,0f,0f,0f,1f],start_interpolation:0}
execute if entity @s[tag=aj.living_root.bone.3] run data modify entity @s {} merge value {transformation:[-0.34198656528845345f,0.4338962506226907f,0.8335341821771785f,-0.7036140644297298f,-0.6928206209598401f,0.48284114399431555f,-0.535596879041581f,1.1852921221145531f,-0.634858075742152f,-0.7606566067298908f,0.1354870853739954f,-1.8624045439533017f,0f,0f,0f,1f],start_interpolation:0}
execute if entity @s[tag=aj.living_root.bone.2] run data modify entity @s {} merge value {transformation:[-0.34198656528845345f,0.24320136039260204f,0.907688430831524f,-1.0000157224082136f,-0.6928206209598401f,0.5873202626810837f,-0.4183951436346319f,0.46949555197198234f,-0.634858075742152f,-0.7719507803917361f,-0.03236072183313565f,-0.9215895303508731f,0f,0f,0f,1f],start_interpolation:0}
execute if entity @s[tag=aj.living_root.bone.1] run data modify entity @s {} merge value {transformation:[-0.34198656528845345f,-0.000012577926570854407f,0.9397048414284148f,-1f,-0.6928206209598401f,0.6755964415775859f,-0.2521290052741355f,-0.375f,-0.634858075742152f,-0.7372716242806984f,-0.2310536208231171f,-1.2246467991473532e-16f,0f,0f,0f,1f],start_interpolation:0}