execute if entity @s[tag=aj.calamity.bone.9] run data modify entity @s {} merge value {transformation:[-0.7291084193475488f,-0.03530604228321142f,0.6834869393154596f,-1.4114835162058357f,-0.010507105598040772f,0.9991282474299776f,0.040402300917798784f,3.4195146503563754f,-0.6843175531640775f,0.022276188313911194f,-0.7288437815236768f,1.156386198760436f,0f,0f,0f,1f],start_interpolation:0}
execute if entity @s[tag=aj.calamity.bone.8] run data modify entity @s {} merge value {transformation:[-0.8776810399017148f,-0.05060094510136105f,0.4765664030876424f,-1.4257150320155936f,-0.020390670609985975f,0.997452684790339f,0.06835467911283832f,3.700048217953658f,-0.47881124960585364f,0.05027609729675818f,-0.8764770968436585f,1.1705263511251494f,0f,0f,0f,1f],start_interpolation:0}
execute if entity @s[tag=aj.calamity.bone.7] run data modify entity @s {} merge value {transformation:[-0.993436035475134f,-0.045672069561283564f,0.10487566677469623f,-1.4385603015797046f,-0.041049682861989706f,0.9981059634509587f,0.04581931100052821f,3.98076552017424f,-0.10676969118798588f,0.041213441807526105f,-0.9934292552859513f,1.182117631633516f,0f,0f,0f,1f],start_interpolation:0}
execute if entity @s[tag=aj.calamity.bone.6] run data modify entity @s {} merge value {transformation:[-0.9869093602996967f,-0.04404049727095506f,-0.15514621862285277f,-1.4509466914371607f,-0.047503082150045985f,0.9986964054581294f,0.018680120750603393f,4.261648884209339f,0.15412128905212635f,0.025805509588809603f,-0.9877148900040804f,1.1893754312053688f,0f,0f,0f,1f],start_interpolation:0}
execute if entity @s[tag=aj.calamity.bone.5] run data modify entity @s {} merge value {transformation:[-0.989470460234996f,-0.06385440841044504f,-0.12988773171049225f,-1.4689057438025983f,-0.048798728522370695f,0.9920541035710194f,-0.11596266503707361f,4.540664100838688f,0.13626038462056667f,-0.10840327538618294f,-0.9847242443794113f,1.1588870100030049f,0f,0f,0f,1f],start_interpolation:0}
execute if entity @s[tag=aj.calamity.bone.4] run data modify entity @s {} merge value {transformation:[-0.989470460234996f,-0.035317177684838275f,-0.14035991337530204f,-1.4788387000264591f,-0.048798728522370695f,0.994394454511295f,0.09379953588255874f,4.82033754116999f,0.13626038462056667f,0.09966125524776948f,-0.985647371926438f,1.18691673804144f,0f,0f,0f,1f],start_interpolation:0}
execute if entity @s[tag=aj.calamity.bone.3] run data modify entity @s {} merge value {transformation:[-0.9891625000138159f,0.006886987310472659f,-0.146663280926763f,-1.477224562375567f,-0.0565115549298883f,0.9040881188887406f,0.42359310363085967f,5.032233194034538f,0.1355138100926378f,0.4272905834324032f,-0.8939008695510777f,1.2870629685334096f,0f,0f,0f,1f],start_interpolation:0}
execute if entity @s[tag=aj.calamity.bone.2] run data modify entity @s {} merge value {transformation:[-0.729832759899202f,0.6677080384462288f,-0.146663280926763f,-1.2894316765625653f,0.5636476590173092f,0.7091334141335341f,0.42359310363085967f,5.231676966759594f,0.38684035345633294f,0.2264857089390111f,-0.8939008695510777f,1.3507620741725064f,0f,0f,0f,1f],start_interpolation:0}
execute if entity @s[tag=aj.calamity.bone.1] run data modify entity @s {} merge value {transformation:[0.337586884803017f,0.9297983529974613f,-0.146663280926763f,-1.0279258897820291f,0.870852467935114f,-0.2493689267885972f,0.42359310363085967f,5.161541956100302f,0.357282905133055f,-0.2707215564293163f,-0.8939008695510777f,1.274621636426761f,0f,0f,0f,1f],start_interpolation:0}
execute if entity @s[tag=aj.calamity.bone.sword] run data modify entity @s {} merge value {transformation:[2.572977723248796f,0.07000543623606409f,2.561417856786126f,-1.0163575329995451f,0.03631021878866793f,-3.630526195947076f,0.06275086496268684f,4.561599657315885f,2.562117047712097f,-0.018850515628084413f,-2.573164871201144f,1.2715065999089665f,0f,0f,0f,1f],start_interpolation:0}