execute if entity @s[tag=aj.calamity.bone.9] run data modify entity @s {} merge value {transformation:[-0.7315212688762721f,-0.03768582029165711f,0.6807763304717591f,-1.3833004208758588f,-0.01639327979359706f,0.999154812513403f,0.03769510590135466f,2.866260423417824f,-0.6816215178229467f,0.01641461483710253f,-0.731520790449931f,1.159630240074306f,0f,0f,0f,1f],start_interpolation:0}
execute if entity @s[tag=aj.calamity.bone.8] run data modify entity @s {} merge value {transformation:[-0.8736207833389144f,-0.04793425912286045f,0.48424067747417093f,-1.3967819312541634f,-0.02474551036498991f,0.9982250970921066f,0.05416932021199518f,3.147011231974979f,-0.4859777635191529f,0.035340661252952855f,-0.8732563489761332f,1.1695698010516988f,0f,0f,0f,1f],start_interpolation:0}
execute if entity @s[tag=aj.calamity.bone.7] run data modify entity @s {} merge value {transformation:[-0.9925542332848079f,-0.04456833806266956f,0.1133567696731827f,-1.4093167763342893f,-0.040936701447217685f,0.9985773960525508f,0.03416680505297059f,3.4278611246147586f,-0.11471826560329773f,0.029271954756010594f,-0.9929667024637499f,1.177802538326827f,0f,0f,0f,1f],start_interpolation:0}
execute if entity @s[tag=aj.calamity.bone.6] run data modify entity @s {} merge value {transformation:[-0.9881912924224788f,-0.04338443367191325f,-0.14695496077151765f,-1.4215186483045148f,-0.04569060119345959f,0.998879265857435f,0.012352376398547804f,3.708795918137162f,0.14625436247500842f,0.018920971303781772f,-0.9890660535585832f,1.1831240615060155f,0f,0f,0f,1f],start_interpolation:0}
execute if entity @s[tag=aj.calamity.bone.5] run data modify entity @s {} merge value {transformation:[-0.989851084337652f,-0.06212717425074889f,-0.12780862668533624f,-1.438991916062538f,-0.04662024220839928f,0.9915655139338673f,-0.12093132180496262f,3.9876737189310623f,0.13424374790657753f,-0.11374553088663453f,-0.9843985830705532f,1.1511331309441495f,0f,0f,0f,1f],start_interpolation:0}
execute if entity @s[tag=aj.calamity.bone.4] run data modify entity @s {} merge value {transformation:[-0.989851084337652f,-0.03371156726397914f,-0.13805202304993858f,-1.448473294355532f,-0.04662024220839928f,0.994725438336335f,0.09136659861796304f,4.267440248463156f,0.13424374790657753f,0.09687534546618143f,-0.9862016951865389f,1.178379321856513f,0f,0f,0f,1f],start_interpolation:0}
execute if entity @s[tag=aj.calamity.bone.3] run data modify entity @s {} merge value {transformation:[-0.9896602162191783f,0.010213077310904595f,-0.14306763954455476f,-1.4460796043607889f,-0.051806163046537845f,0.9046724263566849f,0.4229467134998256f,4.479472848390505f,0.1337489360832627f,0.4259853213923569f,-0.8947892087273099f,1.2782196315578467f,0f,0f,0f,1f],start_interpolation:0}
execute if entity @s[tag=aj.calamity.bone.2] run data modify entity @s {} merge value {transformation:[-0.7262680006767013f,0.672358863783483f,-0.14306763954455476f,-1.2569786739216844f,0.5693261544334315f,0.7049707847973109f,0.4229467134998256f,4.677745881614748f,0.3852304778585247f,0.22572051496053036f,-0.8947892087273099f,1.3417035263904957f,0f,0f,0f,1f],start_interpolation:0}
execute if entity @s[tag=aj.calamity.bone.1] run data modify entity @s {} merge value {transformation:[0.3432478614362127f,0.9282847387168529f,-0.14306763954455476f,-0.9958985911575694f,0.8691797660064574f,-0.25620814176106127f,0.4229467134998256f,4.605687341744449f,0.3559598853584857f,-0.26952705237272206f,-0.8947892087273099f,1.2658990429106676f,0f,0f,0f,1f],start_interpolation:0}
execute if entity @s[tag=aj.calamity.bone.sword] run data modify entity @s {} merge value {transformation:[2.5711618438636634f,0.045220526927328586f,2.563797659548042f,-0.988425925925926f,0.023431559617309392f,-3.6309480435114185f,0.04054417139979012f,4.005675332900434f,2.564089369966169f,-0.012164364554296883f,-2.5712398358693576f,1.2638888888888886f,0f,0f,0f,1f],start_interpolation:0}