execute if entity @s[tag=aj.calamity.bone.9] run data modify entity @s {} merge value {transformation:[-0.7350868703104962f,-0.0421981068113411f,0.676658416690917f,-1.3472491638202808f,-0.025242720928495225f,0.9990725862261967f,0.03488226614520695f,3.0021320780826324f,-0.6775028399477347f,0.008560796273571867f,-0.7354703356559776f,1.1655918788580346f,0f,0f,0f,1f],start_interpolation:0}
execute if entity @s[tag=aj.calamity.bone.8] run data modify entity @s {} merge value {transformation:[-0.8677449761281468f,-0.045241427828092234f,0.4949463300322954f,-1.3599733153969318f,-0.032225029896954485f,0.9988743907401919f,0.03480659379415181f,3.2830655004783114f,-0.49596391386118255f,0.014253586618329905f,-0.8682261407122058f,1.16960070009444f,0f,0f,0f,1f],start_interpolation:0}
execute if entity @s[tag=aj.calamity.bone.7] run data modify entity @s {} merge value {transformation:[-0.9911350823870336f,-0.044214841272888154f,0.12528486050940751f,-1.3724087395049316f,-0.042299154362709555f,0.998944429349831f,0.01791113092857704f,3.564018621232951f,-0.12594455129876805f,0.012452906574542351f,-0.9919591196798372f,1.17310308006853f,0f,0f,0f,1f],start_interpolation:0}
execute if entity @s[tag=aj.calamity.bone.6] run data modify entity @s {} merge value {transformation:[-0.9898245245961645f,-0.04382487764495994f,-0.13537647730452101f,-1.3847344863425766f,-0.04468925266342565f,0.9989953154524088f,0.0033511789756710264f,3.844986053703941f,0.1350936016410907f,0.009366952735376646f,-0.990788564221495f,1.1757375355253548f,0f,0f,0f,1f],start_interpolation:0}
execute if entity @s[tag=aj.calamity.bone.5] run data modify entity @s {} merge value {transformation:[-0.9902937009928521f,-0.06108828572980088f,-0.12484633402897324f,-1.401915566704083f,-0.04499143093864311f,0.9907644694332985f,-0.1279122247896888f,4.123638560732056f,0.13150725043119507f,-0.12105365527380305f,-0.983896262635893f,1.1416911949795976f,0f,0f,0f,1f],start_interpolation:0}
execute if entity @s[tag=aj.calamity.bone.4] run data modify entity @s {} merge value {transformation:[-0.9902937009928521f,-0.03282867357984487f,-0.1350580022244804f,-1.4111486311484145f,-0.04499143093864311f,0.9951027718085471f,0.08801275294546801f,4.40351121530321f,0.13150725043119507f,0.09323492762873103f,-0.9869210157627063f,1.167913518375178f,0f,0f,0f,1f],start_interpolation:0}
execute if entity @s[tag=aj.calamity.bone.3] run data modify entity @s {} merge value {transformation:[-0.9902414280275544f,0.013756619857618002f,-0.1386819008668499f,-1.4079244233692854f,-0.046539667435499366f,0.9053458938522494f,0.4221171304743089f,4.615701659174831f,0.1313619944007509f,0.4244520796214393f,-0.8958707822739238f,1.267394474536453f,0f,0f,0f,1f],start_interpolation:0}
execute if entity @s[tag=aj.calamity.bone.2] run data modify entity @s {} merge value {transformation:[-0.7218442253256581f,0.6780178793630429f,-0.1386819008668499f,-1.2172318947984295f,0.5762423208508912f,0.699829919209313f,0.4221171304743089f,4.81252882395245f,0.3832567051264454f,0.22478843262839043f,-0.8958707822739238f,1.3306162212131878f,0f,0f,0f,1f],start_interpolation:0}
execute if entity @s[tag=aj.calamity.bone.1] run data modify entity @s {} merge value {transformation:[0.35016901563968f,0.9263633147193897f,-0.1386819008668499f,-0.9566922125336011f,0.8670769278137562f,-0.2645651704461368f,0.4221171304743089f,4.738119869764474f,0.3543434234453855f,-0.26806021660983526f,-0.8958707822739238f,1.2552242852916715f,0f,0f,0f,1f],start_interpolation:0}
execute if entity @s[tag=aj.calamity.bone.sword] run data modify entity @s {} merge value {transformation:[2.568849365431778f,0.014864973496211647f,2.5664700529684166f,-0.9542357844872639f,0.007693196706137996f,-3.6312173777218475f,0.013331652384776549f,4.138063353602064f,2.566501571194763f,-0.0039938444918118715f,-2.568857780563374f,1.2545643048601627f,0f,0f,0f,1f],start_interpolation:0}