execute if entity @s[tag=aj.calamity.bone.9] run data modify entity @s {} merge value {transformation:[-0.14753817132626967f,0.5281773531825809f,0.8362183755376004f,1.0577299728657792f,0.21410706806353252f,0.8424788655154054f,-0.49435566605948084f,2.428761947029598f,-0.9656037755761613f,0.10610393369200968f,-0.23738429570665268f,0.5013069278221404f,0f,0f,0f,1f],start_interpolation:0}
execute if entity @s[tag=aj.calamity.bone.8] run data modify entity @s {} merge value {transformation:[0.09055831025130759f,0.6416664395824054f,0.7616189157039541f,1.2381986589983307f,-0.16200372771501487f,0.7640663089578332f,-0.6244657458355838f,2.6436555964239887f,-0.982626065525878f,-0.06683454068961545f,0.1731449090211458f,0.48250971325318603f,0f,0f,0f,1f],start_interpolation:0}
execute if entity @s[tag=aj.calamity.bone.7] run data modify entity @s {} merge value {transformation:[-0.24782227511892413f,0.4913916138086645f,0.8349361663225496f,1.3764025503820176f,0.03173286556029062f,0.865474994622059f,-0.49994605601732595f,2.8870704386614428f,-0.9682856733414021f,-0.09740285192160907f,-0.23007724624422216f,0.4551151611502335f,0f,0f,0f,1f],start_interpolation:0}
execute if entity @s[tag=aj.calamity.bone.6] run data modify entity @s {} merge value {transformation:[-0.48196527306467657f,0.2451122558528291f,0.8412071430928465f,1.4453403723406257f,0.09406630277776801f,0.9689996759445718f,-0.22845384369941318f,3.1596015975208536f,-0.8711262860466401f,-0.0309775733402698f,-0.4900809970898029f,0.4464027186482826f,0f,0f,0f,1f],start_interpolation:0}
execute if entity @s[tag=aj.calamity.bone.5] run data modify entity @s {} merge value {transformation:[-0.7238839455248729f,0.26895201208823005f,0.635339947276287f,1.5209831257404405f,0.1600762154512321f,0.9612310037009867f,-0.22452296713433187f,3.4299478173117564f,-0.6710943589825152f,-0.060825757025178284f,-0.7388725117529822f,0.4292954744849512f,0f,0f,0f,1f],start_interpolation:0}
execute if entity @s[tag=aj.calamity.bone.4] run data modify entity @s {} merge value {transformation:[-0.7717050403113743f,-0.24411707318017442f,0.5872633015436647f,1.4523251989085164f,-0.2199560406947681f,0.9688605320619766f,0.11370404379117321f,3.7024398419541873f,-0.5967333331731194f,-0.041426126955448506f,-0.8013695808336935f,0.4176443762787313f,0f,0f,0f,1f],start_interpolation:0}
execute if entity @s[tag=aj.calamity.bone.3] run data modify entity @s {} merge value {transformation:[-0.6971710891384257f,-0.5646338446640464f,0.4417477718443394f,1.3199891415653804f,-0.4238983917283409f,0.8216023027006536f,0.3811558863340685f,3.895002881649653f,-0.5781545000773295f,0.07847469437265113f,-0.8121447508809324f,0.4360368827723214f,0f,0f,0f,1f],start_interpolation:0}
execute if entity @s[tag=aj.calamity.bone.2] run data modify entity @s {} merge value {transformation:[-0.462010379410133f,-0.7690288131064181f,0.4417477718443394f,1.1036997878792003f,-0.6793387279965132f,0.6270718323740668f,0.3811558863340685f,4.071366834504859f,-0.5701274436136047f,-0.12399839376041885f,-0.8121447508809324f,0.4011623345272036f,0f,0f,0f,1f],start_interpolation:0}
execute if entity @s[tag=aj.calamity.bone.1] run data modify entity @s {} merge value {transformation:[-0.5011441610437538f,-0.7441192350170189f,0.4417477718443394f,0.8944162530306636f,-0.6460169567921077f,0.6613488352223466f,0.3811558863340685f,4.257371194411144f,-0.5757748009324617f,-0.0943625043527992f,-0.8121447508809324f,0.37462288017797885f,0f,0f,0f,1f],start_interpolation:0}
execute if entity @s[tag=aj.calamity.bone.sword] run data modify entity @s {} merge value {transformation:[-0.4803932499264508f,-3.568719343041991f,-0.4684454488230624f,0.30468749999999994f,-3.2896881304087104f,0.6271018748182429f,-1.4038061852504726f,4.360999406974511f,1.4605310310202728f,0.23866724051989874f,-3.316001148707502f,0.41406250000000006f,0f,0f,0f,1f],start_interpolation:0}