execute if entity @s[tag=aj.calamity.bone.9] run data modify entity @s {} merge value {transformation:[-0.6801863793518795f,0.5375344885536409f,0.4984006048948538f,-0.7198956694120421f,0.354953726055515f,0.8364030216649945f,-0.4176575603397754f,3.825767492865929f,-0.6413691150215197f,-0.10717583200069997f,-0.7597098125807449f,1.3586087983460216f,0f,0f,0f,1f],start_interpolation:0}
execute if entity @s[tag=aj.calamity.bone.8] run data modify entity @s {} merge value {transformation:[-0.6850631862547661f,0.6385403490678889f,0.35064890339301774f,-0.5403061962366983f,0.11171273569228385f,0.5677310418252067f,-0.8155990000191339f,3.9854418483792684f,-0.7198671374098234f,-0.5195649013937756f,-0.4602647256927939f,1.212481169829022f,0f,0f,0f,1f],start_interpolation:0}
execute if entity @s[tag=aj.calamity.bone.7] run data modify entity @s {} merge value {transformation:[-0.7975366391236652f,0.5879098919624063f,0.13526739514044017f,-0.3749565391222715f,0.38465421919892223f,0.6683048236612037f,-0.6367179864929486f,4.173402580033982f,-0.4647326553060328f,-0.4557747487563555f,-0.7591396034250126f,1.0842945217412971f,0f,0f,0f,1f],start_interpolation:0}
execute if entity @s[tag=aj.calamity.bone.6] run data modify entity @s {} merge value {transformation:[-0.8340852999407393f,0.5507408789410189f,0.03140376865983446f,-0.22006066692011f,0.49985328526029094f,0.7786444929804921f,-0.3792880788604439f,4.392396343684745f,-0.23334182144926505f,-0.30066133408608775f,-0.9247455631406476f,0.9997335215295851f,0f,0f,0f,1f],start_interpolation:0}
execute if entity @s[tag=aj.calamity.bone.5] run data modify entity @s {} merge value {transformation:[-0.8170504511531791f,0.5432967917388438f,-0.19302112930108345f,-0.06725844424356012f,0.5761784830709131f,0.757111841941535f,-0.30789610981302984f,4.605334049230802f,-0.021140385911511496f,-0.36278127691237766f,-0.9316344933531269f,0.8977012873979788f,0f,0f,0f,1f],start_interpolation:0}
execute if entity @s[tag=aj.calamity.bone.4] run data modify entity @s {} merge value {transformation:[-0.8011196780892342f,0.5984730648946626f,-0.006103439504944963f,0.10106210525806367f,0.5976353433474709f,0.7993658123904058f,-0.06201850017032773f,4.830155683965604f,-0.03223752099886027f,-0.053331872056168295f,-0.9980563379202763f,0.8827016983821815f,0f,0f,0f,1f],start_interpolation:0}
execute if entity @s[tag=aj.calamity.bone.3] run data modify entity @s {} merge value {transformation:[-0.7394145455581483f,0.6186302034249741f,0.26563659617494706f,0.24605355918579203f,0.6725791150942197f,0.6963643241283644f,0.25042775808668355f,4.993366072433189f,-0.030057673830701098f,0.3638315537327977f,-0.9309796650584081f,0.967974718788306f,0f,0f,0f,1f],start_interpolation:0}
execute if entity @s[tag=aj.calamity.bone.2] run data modify entity @s {} merge value {transformation:[0.00006298514039432268f,0.9640732310387319f,0.26563659617494706f,0.5171991554154353f,0.9656686702049636f,-0.06906487793556601f,0.25042775808668355f,4.973941575513812f,0.25977685697045694f,0.2565011653585325f,-0.9309796650584081f,1.0401156715453932f,0f,0f,0f,1f],start_interpolation:0}
execute if entity @s[tag=aj.calamity.bone.1] run data modify entity @s {} merge value {transformation:[0.906370474499169f,0.3285266529959776f,0.26563659617494706f,0.609597276570554f,0.2642000476373187f,-0.9313883576726285f,0.25042775808668355f,4.711988599918385f,0.3296830262306359f,-0.15679912456115425f,-0.9309796650584081f,0.9960159177625686f,0f,0f,0f,1f],start_interpolation:0}
execute if entity @s[tag=aj.calamity.bone.sword] run data modify entity @s {} merge value {transformation:[1.4625896877120594f,-2.993602442273728f,1.4440056736422855f,0.11490625000000008f,-1.8146162760706512f,-2.0409782419199143f,-2.393230483912692f,4.3747181569745095f,2.7845961535773585f,0.24234024866345952f,-2.3180319298620353f,1.0360624999999999f,0f,0f,0f,1f],start_interpolation:0}