execute if entity @s[tag=aj.calamity.bone.9] run data modify entity @s {} merge value {transformation:[0.3819376512696084f,-0.9166692491498243f,0.11764828177985362f,0.3322660739224874f,0.8982336468748473f,0.33823468240716026f,-0.280666377107838f,8.148184648547723f,0.21748550794148636f,0.21287270205459544f,0.9525677228183875f,0.06646939015537598f,0f,0f,0f,1f],start_interpolation:0}
execute if entity @s[tag=aj.calamity.bone.8] run data modify entity @s {} merge value {transformation:[0.13698726979426032f,-0.9896571969984607f,0.042580750856037144f,0.05392498726667036f,0.9903102842366247f,0.13781396552893838f,0.017112914432196646f,8.186944826352736f,-0.02280414106011247f,0.03982390405696168f,0.9989464589336967f,0.07766986317139646f,0f,0f,0f,1f],start_interpolation:0}
execute if entity @s[tag=aj.calamity.bone.7] run data modify entity @s {} merge value {transformation:[-0.03255810383964023f,-0.9860815458334429f,0.16304341397644478f,-0.22341044749898545f,0.9386177099680373f,-0.08621790681694945f,-0.3340108786828071f,8.16269604006047f,0.3434192254500675f,0.14216067498021703f,0.9283606939549112f,0.1176525530095825f,0f,0f,0f,1f],start_interpolation:0}
execute if entity @s[tag=aj.calamity.bone.6] run data modify entity @s {} merge value {transformation:[-0.48552421099872084f,-0.8733466585074364f,0.0391389142410036f,-0.46903919520420184f,0.8660626064217622f,-0.48661260117387545f,-0.11464614313939347f,8.025836245980317f,0.11917131488749058f,-0.021766728111718994f,0.9926350826236682f,0.11153066072816153f,0f,0f,0f,1f],start_interpolation:0}
execute if entity @s[tag=aj.calamity.bone.5] run data modify entity @s {} merge value {transformation:[-0.8041612108852574f,-0.5614533776587827f,-0.19517902454695502f,-0.6269479576707345f,0.5639770040490771f,-0.8244039983492718f,0.04783290091099371f,7.793972621444584f,-0.18776231201011562f,-0.07161111800047373f,0.9796005114164333f,0.09139003379052829f,0f,0f,0f,1f],start_interpolation:0}
execute if entity @s[tag=aj.calamity.bone.4] run data modify entity @s {} merge value {transformation:[-0.9056987632312449f,-0.3406959662960838f,-0.25226178630734186f,-0.722768698191508f,0.35039413874609737f,-0.9365770458444042f,0.006883656713497999f,7.5305603273008455f,-0.23860783267481828f,-0.0821565319797895f,0.9676345417766354f,0.0682835091712125f,0f,0f,0f,1f],start_interpolation:0}
execute if entity @s[tag=aj.calamity.bone.3] run data modify entity @s {} merge value {transformation:[-0.9632835136791494f,0.0759470211486874f,-0.25752072198678017f,-0.7049686151097844f,-0.037531122603926756f,-0.9878305131461635f,-0.15093804071033914f,7.299037550782213f,-0.26585012151594106f,-0.13573108441336446f,0.954411224585048f,0.03647153626183019f,0f,0f,0f,1f],start_interpolation:0}
execute if entity @s[tag=aj.calamity.bone.2] run data modify entity @s {} merge value {transformation:[-0.7887026096004378f,0.39914733291887927f,-0.467578442866226f,-0.5927084277263496f,-0.3675427420320007f,-0.9158196242535392f,-0.16182320171008877f,7.0414632814609055f,-0.4928088132217778f,0.04422468152346076f,0.8690130327878235f,0.04890972794030352f,0f,0f,0f,1f],start_interpolation:0}
execute if entity @s[tag=aj.calamity.bone.1] run data modify entity @s {} merge value {transformation:[-0.7287713389627106f,0.6284995235390405f,-0.27181001530057125f,-0.41594293673099436f,-0.4958371226322218f,-0.7581205065527524f,-0.42355500866357004f,6.8282418889929435f,-0.47226886762340836f,-0.17390125489885708f,0.864129891982858f,-5.093831860955623e-17f,0f,0f,0f,1f],start_interpolation:0}
execute if entity @s[tag=aj.calamity.bone.sword] run data modify entity @s {} merge value {transformation:[2.617322566963992f,2.5170616088926026f,4.446998689403826e-16f,-4.382459307730881e-18f,2.5170616088926026f,-2.617322566963992f,0f,6.395730888455985f,3.2052957039685865e-16f,3.0825114425870126e-16f,-3.6312499999999996f,-5.366964763606149e-34f,0f,0f,0f,1f],start_interpolation:0}