execute if entity @s[tag=aj.calamity.bone.9] run data modify entity @s {} merge value {transformation:[0.9803024627335722f,0.15065017687095345f,-0.12771689695276603f,-0.6711974088346796f,-0.1775680660302348f,0.9553938288840201f,-0.23599197794970536f,1.854855692023982f,0.08646770197463943f,0.25402195956074836f,0.96332558388955f,0.09021972954577329f,0f,0f,0f,1f],start_interpolation:0}
execute if entity @s[tag=aj.calamity.bone.8] run data modify entity @s {} merge value {transformation:[0.9515219707663709f,0.1566231970447214f,0.26471704383430195f,-0.6271471346658517f,-0.1190827604892345f,0.9811114301057993f,-0.15244558986739287f,2.130793281741238f,-0.28359343311005114f,0.11353209177692511f,0.9522002041764173f,0.12215063035803347f,0f,0f,0f,1f],start_interpolation:0}
execute if entity @s[tag=aj.calamity.bone.7] run data modify entity @s {} merge value {transformation:[0.7305317312310097f,0.2549543526278327f,0.6334995404424113f,-0.5554412229892738f,-0.10724390646434273f,0.9590119216656386f,-0.2622877782693019f,2.4005153847096987f,-0.6744050223648184f,0.12367057927939809f,0.7279309401514726f,0.1569329807803642f,0f,0f,0f,1f],start_interpolation:0}
execute if entity @s[tag=aj.calamity.bone.6] run data modify entity @s {} merge value {transformation:[0.5308991387149502f,0.2824757669326747f,0.798970303332684f,-0.47599491353945905f,-0.0664399767267417f,0.9537822965910294f,-0.29306152972045235f,2.6687666556259257f,-0.8448265111869265f,0.10250254536029253f,0.52512988316262f,0.18576182166294644f,0f,0f,0f,1f],start_interpolation:0}
execute if entity @s[tag=aj.calamity.bone.5] run data modify entity @s {} merge value {transformation:[0.24199613597197084f,0.30143422317078367f,0.9222663819504978f,-0.3912165382726761f,0.08025897034798413f,0.9410422935241738f,-0.3286303386442648f,2.9334348006795996f,-0.9669521021505236f,0.1535474223169798f,0.20353579843971964f,0.22894703418959703f,0f,0f,0f,1f],start_interpolation:0}
execute if entity @s[tag=aj.calamity.bone.4] run data modify entity @s {} merge value {transformation:[0.021823646055444845f,0.2523233070518107f,0.9673968560995453f,-0.32025060816435436f,-0.02002521376869687f,0.9675435082480438f,-0.2519098062017147f,3.205556412374362f,-0.9995612633982793f,-0.013874738394116886f,0.026168155229785703f,0.22504476401625165f,0f,0f,0f,1f],start_interpolation:0}
execute if entity @s[tag=aj.calamity.bone.3] run data modify entity @s {} merge value {transformation:[-0.056228072418711986f,0.06755141188043047f,0.9961301173165263f,-0.30441824600487843f,-0.23449144115237708f,0.968907628116058f,-0.07894157462830287f,3.432644137714063f,-0.9704906840863322f,-0.2380227193598862f,-0.03863958035703228f,0.1692581891662783f,0f,0f,0f,1f],start_interpolation:0}
execute if entity @s[tag=aj.calamity.bone.2] run data modify entity @s {} merge value {transformation:[-0.1377854335455827f,0.12591761838716445f,0.9824255328941528f,-0.2690039158334884f,-0.32834978386521946f,0.9299889949016151f,-0.16524796155337987f,3.694203542530142f,-0.9344525636640519f,-0.3453479734146244f,-0.08679391407289114f,0.07212907164341523f,0f,0f,0f,1f],start_interpolation:0}
execute if entity @s[tag=aj.calamity.bone.1] run data modify entity @s {} merge value {transformation:[-0.11288723056233058f,0.39034849260395293f,0.9137201581982247f,-0.1592184022886266f,-0.2601813050270516f,0.8758980637699326f,-0.40633517002408664f,3.940549872965436f,-0.9589380385042545f,-0.2836029552136311f,0.0026836735471436075f,-0.007634259510418559f,0f,0f,0f,1f],start_interpolation:0}
execute if entity @s[tag=aj.calamity.bone.sword] run data modify entity @s {} merge value {transformation:[-3.507859984771532f,0.9381867803346536f,0.02646610934689047f,-0.0041835937499999955f,0.9381246904751122f,3.507957020256132f,-0.01166926118881835f,4.52023768822451f,-0.028582422214364887f,-0.0044352836452932936f,-3.631134800017667f,-0.008367187499999984f,0f,0f,0f,1f],start_interpolation:0}