execute if entity @s[tag=aj.calamity.bone.9] run data modify entity @s {} merge value {transformation:[-0.7047694793153247f,0.498437540912823f,0.5048366060760487f,-0.533930128332075f,0.32682988547295055f,0.8597051602630341f,-0.39254205300687045f,3.713851167742653f,-0.6296683309388712f,-0.1116559681606325f,-0.7687982425752335f,1.3614580668587761f,0f,0f,0f,1f],start_interpolation:0}
execute if entity @s[tag=aj.calamity.bone.8] run data modify entity @s {} merge value {transformation:[-0.6947050016719868f,0.6067712986157f,0.38628170009481644f,-0.36327570059640935f,0.01958496626774514f,0.5527856562270258f,-0.8330933005167835f,3.869322133556504f,-0.7190280868980126f,-0.5711887686622288f,-0.3959065556490708f,1.2008112256725243f,0f,0f,0f,1f],start_interpolation:0}
execute if entity @s[tag=aj.calamity.bone.7] run data modify entity @s {} merge value {transformation:[-0.8222726179275955f,0.5431749992282193f,0.16979005277083287f,-0.21050773206347265f,0.30222486687364475f,0.669593683318779f,-0.6784573893051784f,4.0576453569899105f,-0.4822114387379318f,-0.5065621575611567f,-0.7147495427611545f,1.058340618858449f,0f,0f,0f,1f],start_interpolation:0}
execute if entity @s[tag=aj.calamity.bone.6] run data modify entity @s {} merge value {transformation:[-0.8680754872617445f,0.49245874493205954f,0.06268439163958836f,-0.07200371005133097f,0.42505578411863687f,0.8025476485381124f,-0.4186225653416654f,4.2833618831412545f,-0.25646155423878936f,-0.3367516241473628f,-0.9059943790286658f,0.9636292245670033f,0f,0f,0f,1f],start_interpolation:0}
execute if entity @s[tag=aj.calamity.bone.5] run data modify entity @s {} merge value {transformation:[-0.8535140475151939f,0.48536931244971476f,-0.18955316200560285f,0.06450640907515137f,0.52079202233841f,0.782735281302997f,-0.3407361866197764f,4.503506181007722f,-0.017012941042050367f,-0.389540896358276f,-0.9208520238895556f,0.8540708474662381f,0f,0f,0f,1f],start_interpolation:0}
execute if entity @s[tag=aj.calamity.bone.4] run data modify entity @s {} merge value {transformation:[-0.8410581941548734f,0.5407507022664477f,-0.014484199780684381f,0.21659254408758974f,0.5402687864391473f,0.8383681382624912f,-0.07244655371965839f,4.7392972198940475f,-0.027032433196334776f,-0.06875712868225248f,-0.9972671180836445f,0.8347329050243546f,0f,0f,0f,1f],start_interpolation:0}
execute if entity @s[tag=aj.calamity.bone.3] run data modify entity @s {} merge value {transformation:[-0.7760452801586214f,0.5817717763914624f,0.24350631067356127f,0.3529453041793388f,0.6301665619416538f,0.7308216961296095f,0.2622780064680923f,4.9105835549244246f,-0.02537375325336208f,0.35698914361722967f,-0.9337638480821981f,0.9184022355596428f,0f,0f,0f,1f],start_interpolation:0}
execute if entity @s[tag=aj.calamity.bone.2] run data modify entity @s {} merge value {transformation:[-0.04268680714793782f,0.9689595002669955f,0.24350631067356127f,0.6254651636294312f,0.9647082922763333f,-0.02341277720399476f,0.2622780064680923f,4.9039987113358015f,0.25983792507791337f,0.2461083678096505f,-0.9337638480821981f,0.987620214006107f,0f,0f,0f,1f],start_interpolation:0}
execute if entity @s[tag=aj.calamity.bone.1] run data modify entity @s {} merge value {transformation:[0.8942292388581299f,0.3755778814485228f,0.24350631067356127f,0.7310964427868283f,0.3120957063524509f,-0.9131300659815599f,0.2622780064680923f,4.647180880278488f,0.3208587515521032f,-0.15853938806224543f,-0.9337638480821981f,0.9430310111136004f,0f,0f,0f,1f],start_interpolation:0}
execute if entity @s[tag=aj.calamity.bone.sword] run data modify entity @s {} merge value {transformation:[1.5857011579026385f,-2.8720008933059638f,1.556643590927599f,0.2564999999999994f,-1.7225427878963966f,-2.2053421022962643f,-2.314149761403871f,4.28274940697451f,2.775675547356415f,0.27212799045528396f,-2.3254135492678354f,0.9880000000000001f,0f,0f,0f,1f],start_interpolation:0}