execute if entity @s[tag=aj.calamity.bone.9] run data modify entity @s {} merge value {transformation:[-0.7349419961257596f,-0.041134108067251395f,0.6768812654256255f,-1.3453996016153456f,-0.024485932793061434f,0.999117396306672f,0.03413015518030165f,0.6670476333610603f,-0.6776877610123546f,0.008509615202198588f,-0.7353005406112335f,1.1646190393166749f,0f,0f,0f,1f],start_interpolation:0}
execute if entity @s[tag=aj.calamity.bone.8] run data modify entity @s {} merge value {transformation:[-0.8678809397702026f,-0.04437080480694145f,0.49478672785794764f,-1.3578788904672978f,-0.03132404659411191f,0.9989090212106381f,0.03463482999779754f,0.9479907955765523f,-0.4957837013139505f,0.014560186289699215f,-0.8683239732304118f,1.1687140917106529f,0f,0f,0f,1f],start_interpolation:0}
execute if entity @s[tag=aj.calamity.bone.7] run data modify entity @s {} merge value {transformation:[-0.991201098097894f,-0.0432797714207322f,0.12508894641533638f,-1.3700513261793787f,-0.04135095373656125f,0.9989829574561626f,0.017976354948011367f,1.228954752361098f,-0.1257397381681963f,0.012645635528090613f,-0.9919826642373768f,1.1722706767029283f,0f,0f,0f,1f],start_interpolation:0}
execute if entity @s[tag=aj.calamity.bone.6] run data modify entity @s {} merge value {transformation:[-0.9898390109635022f,-0.04286583348687732f,-0.13557747856584312f,-1.382107341847563f,-0.043739441319769375f,0.9990369464480977f,0.0034700006767409697f,1.5099338935496254f,0.1352981657223432f,0.009364825205920954f,-0.9907606705966037f,1.1749045337920936f,0f,0f,0f,1f],start_interpolation:0}
execute if entity @s[tag=aj.calamity.bone.5] run data modify entity @s {} merge value {transformation:[-0.9903384426569614f,-0.06016201235103389f,-0.12494119122875068f,-1.3990279078212913f,-0.044060481683796233f,0.9908134971046391f,-0.1278565129708633f,1.7886001896103052f,0.13148552372629052f,-0.12111625087142813f,-0.983891462929358f,1.1408405882345045f,0f,0f,0f,1f],start_interpolation:0}
execute if entity @s[tag=aj.calamity.bone.4] run data modify entity @s {} merge value {transformation:[-0.9903384426569614f,-0.03191690773459393f,-0.13494843458316447f,-1.4080045381216457f,-0.044060481683796233f,0.9951473223616012f,0.08798000199095501f,2.0684853740245055f,0.13148552372629052f,0.0930758711868872f,-0.9869389237704758f,1.1670181770058166f,0f,0f,0f,1f],start_interpolation:0}
execute if entity @s[tag=aj.calamity.bone.3] run data modify entity @s {} merge value {transformation:[-0.9902842839437288f,0.014476131904330614f,-0.13830212789088125f,-1.4046116947065683f,-0.045706517685093484f,0.9054228237530506f,0.42204315474623655f,2.2806938483416266f,0.13133145554344297f,0.4242640119455594f,-0.8959643391077007f,1.266455054805557f,0f,0f,0f,1f],start_interpolation:0}
execute if entity @s[tag=aj.calamity.bone.2] run data modify entity @s {} merge value {transformation:[-0.7214572132160966f,0.6785071929753723f,-0.13830212789088125f,-1.213781546682245f,0.5768406840219156f,0.6993814415531585f,0.42204315474623655f,2.4773948787784525f,0.3830852578155327f,0.22470778422588733f,-0.8959643391077007f,1.3296541191190878f,0f,0f,0f,1f],start_interpolation:0}
execute if entity @s[tag=aj.calamity.bone.1] run data modify entity @s {} merge value {transformation:[0.35076918559354414f,0.926193014365201f,-0.13830212789088125f,-0.9532897613920321f,0.8668915721585349f,-0.265289610901651f,0.42204315474623655f,2.402782175712363f,0.35420330399157335f,-0.26793268275586357f,-0.8959643391077007f,1.2542980520940012f,0f,0f,0f,1f],start_interpolation:0}
execute if entity @s[tag=aj.calamity.bone.sword] run data modify entity @s {} merge value {transformation:[2.568644040279507f,0.012229912548654673f,2.566689460389713f,-0.9512687756030952f,0.0063287938692489915f,-3.6312279186313656f,0.01096867450042686f,1.8027239176709124f,2.566710794617255f,-0.003285527535726494f,-2.568649735679053f,1.2537551206190256f,0f,0f,0f,1f],start_interpolation:0}