execute if entity @s[tag=aj.calamity.bone.9] run data modify entity @s {} merge value {transformation:[-0.7310054270997731f,-0.03717728765814052f,0.6813581399184003f,-1.3892336801747065f,-0.015149745363124368f,0.999152830487972f,0.03826364519105225f,3.033050494009123f,-0.6822034526196059f,0.01764852997442352f,-0.7309493680301191f,1.1589204857532023f,0f,0f,0f,1f],start_interpolation:0}
execute if entity @s[tag=aj.calamity.bone.8] run data modify entity @s {} merge value {transformation:[-0.8744879118730273f,-0.048497414240229915f,0.48261671417385055f,-1.4028735779297712f,-0.02379702039207564f,0.9980804585527635f,0.05717604459530949f,3.313760622977088f,-0.48446320170722135f,0.03851492005855963f,-0.873963390036717f,1.169752807019672f,0f,0f,0f,1f],start_interpolation:0}
execute if entity @s[tag=aj.calamity.bone.7] run data modify entity @s {} merge value {transformation:[-0.9927478170851078f,-0.04479440021363991f,0.1115582062524037f,-1.4154720029898573f,-0.04093577918119781f,0.9984896319143521f,0.03664310224817006f,3.5945858319529993f,-0.11303111808516211f,0.031810637671098325f,-0.9930820961407852f,1.1786995488646685f,0f,0f,0f,1f],start_interpolation:0}
execute if entity @s[tag=aj.calamity.bone.6] run data modify entity @s {} merge value {transformation:[-0.9879256133457067f,-0.043508002939558664f,-0.1486944389535834f,-1.427708628816608f,-0.04605111857081077f,0.9988451160573932f,0.013701408930103118f,3.875511020844141f,0.14792659319367357f,0.02038351806004414f,-0.9887882661205122f,1.184432413319056f,0f,0f,0f,1f],start_interpolation:0}
execute if entity @s[tag=aj.calamity.bone.5] run data modify entity @s {} merge value {transformation:[-0.9897721850200029f,-0.062476117805891865f,-0.1282488068741145f,-1.4452800369495151f,-0.04706346343905495f,0.9916728933612978f,-0.11987453016196899f,4.154419022102006f,0.1346701606513122f,-0.11261264261323589f,-0.9844705889734914f,1.1527601075840834f,0f,0f,0f,1f],start_interpolation:0}
execute if entity @s[tag=aj.calamity.bone.4] run data modify entity @s {} merge value {transformation:[-0.9897721850200029f,-0.0340345484782913f,-0.13853761680716337f,-1.4548522537090345f,-0.04706346343905495f,0.9946568938910172f,0.0918841327117722f,4.434166273508855f,0.1346701606513122f,0.09746441886633644f,-0.9860855109396938f,1.1801719753902404f,0f,0f,0f,1f],start_interpolation:0}
execute if entity @s[tag=aj.calamity.bone.3] run data modify entity @s {} merge value {transformation:[-0.989557821137246f,0.009521335493523908f,-0.14382163535618103f,-1.45262069070274f,-0.05278742440715195f,0.9045511400607231f,0.42308477027577496f,4.646170446960587f,0.134122356266827f,0.4262588171349254f,-0.8946030484880814f,1.2800763856562387f,0f,0f,0f,1f],start_interpolation:0}
execute if entity @s[tag=aj.calamity.bone.2] run data modify entity @s {} merge value {transformation:[-0.7270201319506607f,0.671384439007874f,-0.14382163535618103f,-1.2637938172317753f,0.5681360059815511f,0.7058475443521962f,0.42308477027577496f,4.844690068809642f,0.38556867928525357f,0.22588089602721337f,-0.8946030484880814f,1.3436053876638925f,0f,0f,0f,1f],start_interpolation:0}
execute if entity @s[tag=aj.calamity.bone.1] run data modify entity @s {} merge value {transformation:[0.3420597821525478f,0.9286067211889141f,-0.14382163535618103f,-1.0026231768973932f,0.8695343361195601f,-0.2547730666098966f,0.42308477027577496f,4.773035143825609f,0.3562374822262078f,-0.26977813457165833f,-0.8946030484880814f,1.2677302873156135f,0f,0f,0f,1f],start_interpolation:0}
execute if entity @s[tag=aj.calamity.bone.sword] run data modify entity @s {} merge value {transformation:[2.571548575675125f,0.05042543059971683f,2.5633126538508857f,-0.9942904044235407f,0.026133974932652324f,-3.630874518030308f,0.045208540923142235f,4.173035285023703f,2.563675389123486f,-0.013567341928803435f,-2.5716455799615017f,1.2654882921155108f,0f,0f,0f,1f],start_interpolation:0}