execute if entity @s[tag=aj.calamity.bone.9] run data modify entity @s {} merge value {transformation:[-0.9463590332200257f,0.22421287319787536f,0.23266535568324737f,-0.40944628457454146f,0.12948167545639272f,0.922873274909408f,-0.36268362822022915f,3.2896010523328396f,-0.29603897710244853f,-0.313103027692703f,-0.902400918708419f,1.5518795296282808f,0f,0f,0f,1f],start_interpolation:0}
execute if entity @s[tag=aj.calamity.bone.8] run data modify entity @s {} merge value {transformation:[-0.8639773751899192f,0.18700323185365172f,0.46751779264133586f,-0.35685162561570194f,-0.28473929963607986f,0.5843250773130558f,-0.759926138033063f,3.4539424803271364f,-0.4152910141126249f,-0.789679678920118f,-0.45159647728688834f,1.3297821199319977f,0f,0f,0f,1f],start_interpolation:0}
execute if entity @s[tag=aj.calamity.bone.7] run data modify entity @s {} merge value {transformation:[-0.9871274313070015f,0.09919949549905671f,0.12545475062337794f,-0.3289517675065922f,-0.017582724243733708f,0.7123430197482004f,-0.701611195765991f,3.6542889546313178f,-0.1589662925572908f,-0.6947854937379937f,-0.7014291379190363f,1.134373699818187f,0f,0f,0f,1f],start_interpolation:0}
execute if entity @s[tag=aj.calamity.bone.6] run data modify entity @s {} merge value {transformation:[-0.9916865805193902f,0.06165749343709376f,-0.112942815268675f,-0.3116105974774096f,0.10810623566266298f,0.8752726734000219f,-0.471392393882238f,3.900459394025074f,0.06979088642944789f,-0.4796833337757661f,-0.8746617240220125f,0.9994627621937529f,0f,0f,0f,1f],start_interpolation:0}
execute if entity @s[tag=aj.calamity.bone.5] run data modify entity @s {} merge value {transformation:[-0.906377449678219f,0.043850635059857174f,-0.420186911409262f,-0.29927760636682477f,0.24937384108147256f,0.8583727974107037f,-0.44834008079759624f,4.141876743296835f,0.34101701731596956f,-0.51114896309214f,-0.7889449482890109f,0.8557021163240884f,0f,0f,0f,1f],start_interpolation:0}
execute if entity @s[tag=aj.calamity.bone.4] run data modify entity @s {} merge value {transformation:[-0.907732607076045f,0.13570193714453493f,-0.39699684923957174f,-0.26111143654492436f,0.19721853145072757f,0.9731981689158994f,-0.11828006962780552f,4.4155887283044315f,0.370305772171249f,-0.18566181156597816f,-0.910166647830327f,0.8034847318211571f,0f,0f,0f,1f],start_interpolation:0}
execute if entity @s[tag=aj.calamity.bone.3] run data modify entity @s {} merge value {transformation:[-0.8727584474399397f,0.4099367707672176f,-0.26503685855965703f,-0.1650325058963577f,0.3445076179449989f,0.9019057613864452f,0.26053886227547474f,4.6269728911293795f,0.3458427295752921f,0.13608027612729873f,-0.9283722124498501f,0.8353785465384927f,0f,0f,0f,1f],start_interpolation:0}
execute if entity @s[tag=aj.calamity.bone.2] run data modify entity @s {} merge value {transformation:[-0.6494476559262281f,0.7127223904275464f,-0.26503685855965703f,0.035420666411389634f,0.6634279294508171f,0.701414915487832f,0.26053886227547474f,4.824245836110332f,0.3715926864680321f,-0.006626500919888756f,-0.9283722124498501f,0.8335148431547741f,0f,0f,0f,1f],start_interpolation:0}
execute if entity @s[tag=aj.calamity.bone.1] run data modify entity @s {} merge value {transformation:[0.15712498839836078f,0.9513501992566372f,-0.26503685855965703f,0.30298790995231895f,0.9616044025499026f,-0.08623499429376391f,0.26053886227547474f,4.799992243965211f,0.2250082465543415f,-0.2957977757413182f,-0.9283722124498501f,0.7503217187275283f,0f,0f,0f,1f],start_interpolation:0}
execute if entity @s[tag=aj.calamity.bone.sword] run data modify entity @s {} merge value {transformation:[2.4331798353513676f,0.9815441615520862f,2.5104150075759386f,0.46518749999999986f,0.9216184796624661f,-3.4810584167130196f,0.467790807814868f,4.22474940697451f,2.5330281935430827f,0.3236972672953147f,-2.5816593137672927f,0.8038125000000004f,0f,0f,0f,1f],start_interpolation:0}