execute if entity @s[tag=aj.calamity.bone.9] run data modify entity @s {} merge value {transformation:[0.9963925609218591f,0.06628736290959951f,-0.05298915038071328f,-0.3719595513782838f,-0.07499718204911851f,0.9800100510893216f,-0.18427078566228622f,1.7936815344905774f,0.03971507552894965f,0.18758007698685886f,0.9814460899577385f,0.16913678687530553f,0f,0f,0f,1f],start_interpolation:0}
execute if entity @s[tag=aj.calamity.bone.8] run data modify entity @s {} merge value {transformation:[0.9532159119135976f,0.06352903121735332f,0.2955393162801064f,-0.3540920113484032f,-0.04115585984116972f,0.9958377089275354f,-0.08132313741298305f,2.073760890126447f,-0.29947557575779393f,0.06535533391041225f,0.9518629417379352f,0.187517974537609f,0f,0f,0f,1f],start_interpolation:0}
execute if entity @s[tag=aj.calamity.bone.7] run data modify entity @s {} merge value {transformation:[0.7347113892022816f,0.15981735209408085f,0.659285665357658f,-0.30914338107194295f,-0.06755187561035778f,0.984258767742232f,-0.16331387639776787f,2.3505836685539494f,-0.6750080878611573f,0.07545258174628126f,0.7339420884714574f,0.2087390131537506f,0f,0f,0f,1f],start_interpolation:0}
execute if entity @s[tag=aj.calamity.bone.6] run data modify entity @s {} merge value {transformation:[0.5340889712929737f,0.17677199997557f,0.8267409695713949f,-0.2594262560788139f,-0.04431524229450175f,0.9824053406787485f,-0.18142741222387335f,2.6268851706198473f,-0.8442660303740713f,0.060261153577647136f,0.5325255518056373f,0.22568746259746383f,0f,0f,0f,1f],start_interpolation:0}
execute if entity @s[tag=aj.calamity.bone.5] run data modify entity @s {} merge value {transformation:[0.23342082868865183f,0.18778299901219786f,0.9540714134781986f,-0.20661228760663325f,0.07566845728807206f,0.9746923883240503f,-0.21035454051387054f,2.9010174048359865f,-0.9694271511082956f,0.12129424316571384f,0.21330425515894055f,0.2598014684878209f,0f,0f,0f,1f],start_interpolation:0}
execute if entity @s[tag=aj.calamity.bone.4] run data modify entity @s {} merge value {transformation:[0.030340487772802273f,0.1428874303125615f,0.9892737927694139f,-0.16642519783122534f,-0.050553123672752505f,0.9886821454345679f,-0.14125153799455403f,3.1790842582394587f,-0.9982604051491953f,-0.045725239830671845f,0.03722050448061819f,0.2469412447854444f,0f,0f,0f,1f],start_interpolation:0}
execute if entity @s[tag=aj.calamity.bone.3] run data modify entity @s {} merge value {transformation:[-0.02415254670099913f,-0.0324381071866868f,0.9991818771825283f,-0.17402787920310506f,-0.2650758683945659f,0.9639063755594801f,0.024885400351471035f,3.404999815011212f,-0.963925017043713f,-0.2642579579841093f,-0.03187935318267811f,0.18500578588291877f,0f,0f,0f,1f],start_interpolation:0}
execute if entity @s[tag=aj.calamity.bone.2] run data modify entity @s {} merge value {transformation:[-0.10091578711004943f,0.03443648137769695f,0.9942988145735077f,-0.16434261881562778f,-0.3598881259380389f,0.9304588581894828f,-0.06875209106296207f,3.6666913688770038f,-0.9275217198107897f,-0.36477450838435405f,-0.08150470730078994f,0.08241295539981924f,0f,0f,0f,1f],start_interpolation:0}
execute if entity @s[tag=aj.calamity.bone.1] run data modify entity @s {} merge value {transformation:[-0.08075338262436027f,0.2773699162634464f,0.9573634736852729f,-0.08633232986653344f,-0.28523135042144176f,0.9139016005838267f,-0.28883722264812056f,3.923726194041205f,-0.9550507672011389f,-0.2963946592000741f,0.005313950149144082f,-0.0009480425002016296f,0f,0f,0f,1f],start_interpolation:0}
execute if entity @s[tag=aj.calamity.bone.sword] run data modify entity @s {} merge value {transformation:[-3.5939254213793794f,0.5192926285679453f,0.0034342361657263725f,-0.0005195312499999869f,0.5192918535886905f,3.593927019992222f,-0.001052742250634089f,4.51762050072451f,-0.003549487212275334f,-0.0005508037927855777f,-3.631248223442692f,-0.0010390624999999654f,0f,0f,0f,1f],start_interpolation:0}