execute if entity @s[tag=aj.calamity.bone.9] run data modify entity @s {} merge value {transformation:[0.26990762956001557f,0.7036585450367501f,0.6572781173156895f,0.3114936537972663f,0.5338355509670138f,0.4587450457230863f,-0.7103327301682423f,2.1689184634251526f,-0.8013547753829376f,0.5426026492943874f,-0.2518191592188215f,-0.506412466515917f,0f,0f,0f,1f],start_interpolation:0}
execute if entity @s[tag=aj.calamity.bone.8] run data modify entity @s {} merge value {transformation:[0.4978273520682197f,0.5506324015537172f,0.6700536440404832f,0.46635901673424923f,0.1930300623289731f,0.6828683479633435f,-0.7045780399551829f,2.360975186289843f,-0.8455219231752762f,0.4800987166291953f,0.23366193468552487f,-0.37138470246395583f,0f,0f,0f,1f],start_interpolation:0}
execute if entity @s[tag=aj.calamity.bone.7] run data modify entity @s {} merge value {transformation:[0.1708188661410197f,0.42591346388311613f,0.8884923388827738f,0.5861471784513756f,0.3984924165742767f,0.794842736023294f,-0.4576339355028182f,2.5845247057963943f,-0.9011241362337876f,0.43222996919937196f,-0.033949150546378815f,-0.24982002362663247f,0f,0f,0f,1f],start_interpolation:0}
execute if entity @s[tag=aj.calamity.bone.6] run data modify entity @s {} merge value {transformation:[-0.08565552247092295f,0.18144207579839336f,0.9796641795024472f,0.6371777622696737f,0.44607823331834395f,0.8862035047565121f,-0.12513016389688034f,2.833769441509163f,-0.8908857060419246f,0.42628877687225736f,-0.15684558483724237f,-0.12992630513131015f,0f,0f,0f,1f],start_interpolation:0}
execute if entity @s[tag=aj.calamity.bone.5] run data modify entity @s {} merge value {transformation:[-0.37624546836719175f,0.22086674377420495f,0.8998095515317294f,0.6992965339561689f,0.46302002310234036f,0.8860261615852337f,-0.023876750047815698f,3.08296429945501f,-0.8025283831363604f,0.40764632033310133f,-0.4356290529560924f,-0.015275777537625365f,0f,0f,0f,1f],start_interpolation:0}
execute if entity @s[tag=aj.calamity.bone.4] run data modify entity @s {} merge value {transformation:[-0.4320806154969933f,-0.2513808735609281f,0.866091218128601f,0.6285956632671579f,0.08867048043621867f,0.9438702666733336f,0.31819249769474534f,3.3484278119568853f,-0.8974652570495137f,0.21428153466352431f,-0.3855379829424012f,0.04499090408649083f,0f,0f,0f,1f],start_interpolation:0}
execute if entity @s[tag=aj.calamity.bone.3] run data modify entity @s {} merge value {transformation:[-0.3623961231751942f,-0.5845686971490947f,0.7259121766584437f,0.49158737487283877f,-0.11601949325947797f,0.8010916531163864f,0.5871896120428812f,3.5361836681560384f,-0.9247748521080164f,0.12857527608628938f,-0.358133873415977f,0.07512573441921491f,0f,0f,0f,1f],start_interpolation:0}
execute if entity @s[tag=aj.calamity.bone.2] run data modify entity @s {} merge value {transformation:[-0.11859881344126441f,-0.6889734631107857f,0.7150174043891904f,0.29781358837293037f,-0.3882139003946446f,0.694955272288258f,0.6052496485411042f,3.731639838487111f,-0.9139060613600839f,-0.20579780525526514f,-0.3498899460707821f,0.017245101691171605f,0f,0f,0f,1f],start_interpolation:0}
execute if entity @s[tag=aj.calamity.bone.1] run data modify entity @s {} merge value {transformation:[-0.17819550306100645f,-0.6760151434024092f,0.7150174043891904f,0.10768432929100273f,-0.3261672863659778f,0.7261458284983286f,0.6052496485411042f,3.9358683527522658f,-0.9283648334536855f,-0.12536252089478775f,-0.3498899460707821f,-0.018013107310487463f,0f,0f,0f,1f],start_interpolation:0}
execute if entity @s[tag=aj.calamity.bone.sword] run data modify entity @s {} merge value {transformation:[-3.5602337055225823f,-0.7113818173693439f,0.06817942854871224f,-0.009871093749999973f,-0.7114526391473032f,3.5608710996703117f,0.0029523351911469025f,4.52430018822451f,-0.06743639085298671f,-0.010463457795253607f,-3.630608683366976f,-0.01974218749999994f,0f,0f,0f,1f],start_interpolation:0}