execute if entity @s[tag=aj.calamity.bone.9] run data modify entity @s {} merge value {transformation:[-0.725964033903485f,0.3092313473850312f,0.6142899928152967f,-1.1274759011300304f,0.1906566309187515f,0.9486933110208234f,-0.25225195878537254f,3.802944266101929f,-0.6607770203066163f,-0.06600738912261653f,-0.7476742298728275f,1.2712987944713818f,0f,0f,0f,1f],start_interpolation:0}
execute if entity @s[tag=aj.calamity.bone.8] run data modify entity @s {} merge value {transformation:[-0.7426291469152974f,0.412926169592825f,0.5272512955102666f,-1.0113404159320483f,0.14000108066241082f,0.8656181325206157f,-0.48073375798343737f,4.046399365873352f,-0.6549058310667377f,-0.28319114943253226f,-0.7006433652849838f,1.191651283693482f,0f,0f,0f,1f],start_interpolation:0}
execute if entity @s[tag=aj.calamity.bone.7] run data modify entity @s {} merge value {transformation:[-0.897798415736206f,0.37746163336463284f,0.22689363155289646f,-0.9051793315482453f,0.2911940006896339f,0.8952800993102514f,-0.3371640516742421f,4.29819689380436f,-0.3303998466463378f,-0.2366352871334477f,-0.9136956179271889f,1.1250976091871998f,0f,0f,0f,1f],start_interpolation:0}
execute if entity @s[tag=aj.calamity.bone.6] run data modify entity @s {} merge value {transformation:[-0.9352479514523683f,0.35333577483377804f,0.021566166250904434f,-0.8058036448762452f,0.34534137431717804f,0.9240817761011295f,-0.1637443320011536f,4.558094893332803f,-0.07778563163509494f,-0.1456938615741757f,-0.9862670501495701f,1.0841212106194629f,0f,0f,0f,1f],start_interpolation:0}
execute if entity @s[tag=aj.calamity.bone.5] run data modify entity @s {} merge value {transformation:[-0.9293787804031576f,0.34893939526829865f,-0.12040091762994395f,-0.7076644399570362f,0.3674939445882485f,0.9053141026715394f,-0.21296613861126812f,4.812714484709174f,0.03468837308534225f,-0.24217281832158352f,-0.9696128314120402f,1.0160101054665174f,0f,0f,0f,1f],start_interpolation:0}
execute if entity @s[tag=aj.calamity.bone.4] run data modify entity @s {} merge value {transformation:[-0.9227977022771894f,0.3848809433309229f,-0.017636896910681182f,-0.5994166746452142f,0.38420600968629914f,0.9226723885283056f,0.03257921988633511f,5.072216093982759f,0.02881219868164408f,0.023287827467791677f,-0.9993135315299998f,1.0225598069418338f,0f,0f,0f,1f],start_interpolation:0}
execute if entity @s[tag=aj.calamity.bone.3] run data modify entity @s {} merge value {transformation:[-0.9027198601152014f,0.40525503508350247f,0.1444479515017765f,-0.5044350257975183f,0.42904784033393184f,0.8231247187406976f,0.37199952701964f,5.26513594993761f,0.03185600192082097f,0.39778644262658835f,-0.9169248285459963f,1.1157910044324404f,0f,0f,0f,1f],start_interpolation:0}
execute if entity @s[tag=aj.calamity.bone.2] run data modify entity @s {} merge value {transformation:[-0.3251471268066424f,0.9345662818849848f,0.1444479515017765f,-0.24158825901736639f,0.8930319688967908f,0.2532000284863427f,0.37199952701964f,5.336348457949394f,0.3110839893946744f,0.24995121591660538f,-0.9169248285459963f,1.1860897839089857f,0f,0f,0f,1f],start_interpolation:0}
execute if entity @s[tag=aj.calamity.bone.1] run data modify entity @s {} merge value {transformation:[0.7579725564273804f,0.6360914973570088f,0.1444479515017765f,-0.0626875253857076f,0.5540797487350051f,-0.7447227564261194f,0.37199952701964f,5.126895182704548f,0.3441994127605312f,-0.20192974781146256f,-0.9169248285459963f,1.129297042337012f,0f,0f,0f,1f],start_interpolation:0}
execute if entity @s[tag=aj.calamity.bone.sword] run data modify entity @s {} merge value {transformation:[2.060605301910962f,-2.0382068653711447f,2.1876003122577843f,-0.39949999999999947f,-1.2806727472127044f,-3.0024057971009155f,-1.5910415791491663f,4.63074940697451f,2.7018067411980247f,0.13133455748103737f,-2.4225953293375615f,1.1509999999999998f,0f,0f,0f,1f],start_interpolation:0}