execute if entity @s[tag=aj.calamity.bone.9] run data modify entity @s {} merge value {transformation:[-0.043742024511007616f,0.20868146326852202f,0.9770049550436206f,1.453102635922811f,0.6564979178579199f,0.7431564360420675f,-0.12934061781771575f,2.7081250815760396f,-0.7530585097719129f,0.6357440982481559f,-0.16950611317219372f,-0.5383941559668994f,0f,0f,0f,1f],start_interpolation:0}
execute if entity @s[tag=aj.calamity.bone.8] run data modify entity @s {} merge value {transformation:[0.3462014665805711f,-0.013050270296800393f,0.9380694190637718f,1.449432247401836f,0.5246605176415097f,0.8316160776376644f,-0.18206054114686487f,2.942017103411633f,-0.7777376715613079f,0.5551976133411656f,0.2947536672794225f,-0.38224482721469655f,0f,0f,0f,1f],start_interpolation:0}
execute if entity @s[tag=aj.calamity.bone.7] run data modify entity @s {} merge value {transformation:[-0.032814187863652894f,-0.17574605251269393f,0.9838884866188111f,1.4000036701326408f,0.4980734141250124f,0.8505964419823826f,0.16854841152845473f,3.1812473527191782f,-0.8665137640088026f,0.49557947688853754f,0.059622804950626614f,-0.24286309933979536f,0f,0f,0f,1f],start_interpolation:0}
execute if entity @s[tag=aj.calamity.bone.6] run data modify entity @s {} merge value {transformation:[-0.2658954399699729f,-0.42440672958441084f,0.8655510053640048f,1.2806392774370254f,0.3819857137807148f,0.7779895321350331f,0.498817804770189f,3.4000569086321564f,-0.8850912548831404f,0.4632614982618099f,-0.04474656140543798f,-0.11257080295366137f,0f,0f,0f,1f],start_interpolation:0}
execute if entity @s[tag=aj.calamity.bone.5] run data modify entity @s {} merge value {transformation:[-0.5138112007878605f,-0.39151875732212266f,0.7633551680639084f,1.1705246269401783f,0.2143025856266943f,0.8030091470542353f,0.5561031482926013f,3.62590323124116f,-0.8307059959688808f,0.4493210126537263f,-0.3286916120760911f,0.0138007318551992f,0f,0f,0f,1f],start_interpolation:0}
execute if entity @s[tag=aj.calamity.bone.4] run data modify entity @s {} merge value {transformation:[-0.3248126389246575f,-0.7858017794718788f,0.526319592048053f,0.9495178764637124f,-0.10930754182333988f,0.5839545663521106f,0.804393514231099f,3.790140453027691f,-0.939440584015476f,0.20374647927104655f,-0.27556988458341036f,0.07110442915018102f,0f,0f,0f,1f],start_interpolation:0}
execute if entity @s[tag=aj.calamity.bone.3] run data modify entity @s {} merge value {transformation:[-0.1438917768369439f,-0.9573231948121952f,0.2506540588805197f,0.7251452526796041f,-0.2285537423662455f,0.2785911027454966f,0.932818409081549f,3.855435242733667f,-0.9628386902327362f,0.07693697515252329f,-0.2588867676133506f,0.08913653270155367f,0f,0f,0f,1f],start_interpolation:0}
execute if entity @s[tag=aj.calamity.bone.2] run data modify entity @s {} merge value {transformation:[0.1922097754132051f,-0.9488034280093671f,0.2506540588805197f,0.45829428855196963f,-0.3100540340448354f,0.18362001974483075f,0.932818409081549f,3.9070783732869003f,-0.9310864074875808f,-0.2570131190164846f,-0.2588867676133506f,0.0168515929781674f,0f,0f,0f,1f],start_interpolation:0}
execute if entity @s[tag=aj.calamity.bone.1] run data modify entity @s {} merge value {transformation:[0.10878469169835947f,-0.9619451302537032f,0.2506540588805197f,0.18774722066811553f,-0.29287064563322224f,0.20994427976238733f,0.932818409081549f,3.9661252019700717f,-0.9499435118881925f,-0.17488557909741592f,-0.2588867676133506f,-0.03233497614298085f,0f,0f,0f,1f],start_interpolation:0}
execute if entity @s[tag=aj.calamity.bone.sword] run data modify entity @s {} merge value {transformation:[-3.4096298633510758f,-1.2433688879709006f,0.12014393813475976f,-0.017718750000000012f,-1.2432825818987838f,3.4116942826064602f,0.023813989113151524f,4.52990565697451f,-0.1210337927672164f,-0.018774795774995665f,-3.6291837774563014f,-0.035437500000000025f,0f,0f,0f,1f],start_interpolation:0}