execute if entity @s[tag=aj.calamity.bone.9] run data modify entity @s {} merge value {transformation:[0.600664119480962f,0.7938480725642291f,-0.09490971106383292f,-1.529753845799396f,-0.7989728446389394f,0.5917061580799037f,-0.10736021618775729f,12.69647817271218f,-0.029069040192675935f,0.1403177115562354f,0.9896797111823086f,-0.1988893131754981f,0f,0f,0f,1f],start_interpolation:0}
execute if entity @s[tag=aj.calamity.bone.8] run data modify entity @s {} merge value {transformation:[0.5976966267114326f,0.8016583794518819f,-0.010128428918545984f,-1.3042874265785542f,-0.794284494781641f,0.590387462427589f,-0.14336940244621946f,12.862524646519939f,-0.10895358538042248f,0.09373626226223833f,0.989617415656099f,-0.17252598941424357f,0f,0f,0f,1f],start_interpolation:0}
execute if entity @s[tag=aj.calamity.bone.7] run data modify entity @s {} merge value {transformation:[0.6401555367655389f,0.7253389084576783f,-0.25314888233182f,-1.100285858574832f,-0.7552249533991205f,0.6545688308788935f,-0.034277039036867324f,13.046622130204627f,0.1408408978660752f,0.21312698918546735f,0.966819904619788f,-0.11258402370583087f,0f,0f,0f,1f],start_interpolation:0}
execute if entity @s[tag=aj.calamity.bone.6] run data modify entity @s {} merge value {transformation:[0.7841439851237029f,0.6181992961606018f,-0.05429402196242002f,-0.9264173065296629f,-0.615220039582967f,0.7629189910808173f,-0.19864268409322466f,13.261193096446107f,-0.0813788270365951f,0.1891672362613685f,0.978566933446754f,-0.05938073850732099f,0f,0f,0f,1f],start_interpolation:0}
execute if entity @s[tag=aj.calamity.bone.5] run data modify entity @s {} merge value {transformation:[0.8500583130159471f,0.5255632750246623f,-0.03441087644676079f,-0.7786026354289766f,-0.5251578802184105f,0.840799391321833f,-0.1313985707583645f,13.497667925255373f,-0.040125619210038675f,0.12976759032280044f,0.9907322076044693f,-0.022883603729033357f,0f,0f,0f,1f],start_interpolation:0}
execute if entity @s[tag=aj.calamity.bone.4] run data modify entity @s {} merge value {transformation:[0.8205625263649692f,0.570667438993446f,0.03187184334490108f,-0.61810241821207f,-0.5649176319533641f,0.8182437155118691f,-0.10651427666531399f,13.727798970243086f,-0.08686316499957823f,0.06939665768603727f,0.9938002286517466f,-0.0033657937548353836f,0f,0f,0f,1f],start_interpolation:0}
execute if entity @s[tag=aj.calamity.bone.3] run data modify entity @s {} merge value {transformation:[0.8421548642155195f,0.5330386359020175f,0.08151685294377556f,-0.4931714879225347f,-0.5294928344097046f,0.8460420360014318f,-0.06205007354813544f,13.926090072430922f,-0.1020417707946992f,0.009093181746134243f,0.9947385541230493f,-0.0012345792830851694f,0f,0f,0f,1f],start_interpolation:0}
execute if entity @s[tag=aj.calamity.bone.2] run data modify entity @s {} merge value {transformation:[0.8395141614257638f,0.4942353265555476f,0.22571534008597752f,-0.354167802328787f,-0.4472206707181179f,0.8644741209218543f,-0.22951724540614377f,14.169223418940193f,-0.30856060093283805f,0.09173841202527114f,0.9467705209347449f,0.024566849099022327f,0f,0f,0f,1f],start_interpolation:0}
execute if entity @s[tag=aj.calamity.bone.1] run data modify entity @s {} merge value {transformation:[0.8709594232048484f,0.39828541865986855f,0.2877471258129465f,-0.2421500283306989f,-0.40633506156664634f,0.9130930472745551f,-0.03395445126190415f,14.426030838486161f,-0.2762634627892517f,-0.08734879679652391f,0.957104323898859f,-2.965482571086313e-17f,0f,0f,0f,1f],start_interpolation:0}
execute if entity @s[tag=aj.calamity.bone.sword] run data modify entity @s {} merge value {transformation:[-3.3224529835124668f,1.4653609571873767f,4.446998689403826e-16f,-4.382459307730881e-18f,1.4653609571873767f,3.3224529835124668f,0f,14.975064221789333f,-4.0688314115761166e-16f,1.7945496058150224e-16f,-3.6312499999999996f,-5.366964763606149e-34f,0f,0f,0f,1f],start_interpolation:0}