execute if entity @s[tag=aj.calamity.bone.9] run data modify entity @s {} merge value {transformation:[-0.7273059483306925f,-0.033755634207037276f,0.6854827603098936f,-1.4342632573114893f,-0.006076569672735392f,0.9990673066441004f,0.042750346149644826f,3.3012890878722376f,-0.6862864801406211f,0.02692719729535102f,-0.7268327133680857f,1.1542812350199891f,0f,0f,0f,1f],start_interpolation:0}
execute if entity @s[tag=aj.calamity.bone.8] run data modify entity @s {} merge value {transformation:[-0.8807665497135266f,-0.05291941386607362f,0.470584551958306f,-1.4491468424613225f,-0.017431492091212607f,0.9966859193612856f,0.07945641088308605f,3.581607002692599f,-0.47322978349761796f,0.06177955797040828f,-0.8787700826881729f,1.1716567356991665f,0f,0f,0f,1f],start_interpolation:0}
execute if entity @s[tag=aj.calamity.bone.7] run data modify entity @s {} merge value {transformation:[-0.9940537504976152f,-0.046834151617655057f,0.09830413706389987f,-1.462318947603788f,-0.04158010528056114f,0.9976294322539785f,0.05483257011540417f,3.8621902805140307f,-0.10063913734964605f,0.05041902560400959f,-0.993644647693863f,1.1858370866502943f,0f,0f,0f,1f],start_interpolation:0}
execute if entity @s[tag=aj.calamity.bone.6] run data modify entity @s {} merge value {transformation:[-0.9858553360058787f,-0.04492000648639618f,-0.16146655841379864f,-1.474952699428087f,-0.04934776285939493f,0.9985047997747926f,0.0235151680298724f,4.143019755450691f,0.16016883207886481f,0.03115056731365158f,-0.9865979867131951f,1.1945981837072588f,0f,0f,0f,1f],start_interpolation:0}
execute if entity @s[tag=aj.calamity.bone.5] run data modify entity @s {} merge value {transformation:[-0.989145475435501f,-0.06557519737462991f,-0.13149571063252874f,-1.4933957236897017f,-0.05088361172703669f,0.9923896959897458f,-0.1121318391492387f,4.422129357447807f,0.13784805578276285f,-0.10422372466313438f,-0.9849544805392051f,1.1652852611457523f,0f,0f,0f,1f],start_interpolation:0}
execute if entity @s[tag=aj.calamity.bone.4] run data modify entity @s {} merge value {transformation:[-0.989145475435501f,-0.036939992700017535f,-0.1422204815235768f,-1.5037850966365818f,-0.05088361172703669f,0.9941099270533105f,0.09568861474424645f,4.701722774431551f,0.13784805578276285f,0.10188665208644038f,-0.9851989766760464f,1.1939408820450637f,0f,0f,0f,1f],start_interpolation:0}
execute if entity @s[tag=aj.calamity.bone.3] run data modify entity @s {} merge value {transformation:[-0.9887336870081185f,0.004004136012773385f,-0.14963175822706226f,-1.502846627258588f,-0.06052320833051239f,0.9035888097811424f,0.4241040015039693f,4.913501401724006f,0.13690375242743463f,0.4283821071579542f,-0.8931663522761024f,1.2943429384102092f,0f,0f,0f,1f],start_interpolation:0}
execute if entity @s[tag=aj.calamity.bone.2] run data modify entity @s {} merge value {transformation:[-0.7327340295510063f,0.6638608128725643f,-0.14963175822706226f,-1.3161357736381794f,0.5589540515752345f,0.7125350266028682f,0.4241040015039693f,5.113901877956063f,0.38816389600988677f,0.22711815646536726f,-0.8931663522761024f,1.3582199199160938f,0f,0f,0f,1f],start_interpolation:0}
execute if entity @s[tag=aj.calamity.bone.1] run data modify entity @s {} merge value {transformation:[0.33292224400998516f,0.9310065071594467f,-0.14963175822706226f,-1.054290193499585f,0.8721989822669594f,-0.2437308582038811f,0.4241040015039693f,5.0453525740862215f,0.35837370826531806f,-0.27170232311477566f,-0.8931663522761024f,1.281803641540063f,0f,0f,0f,1f],start_interpolation:0}
execute if entity @s[tag=aj.calamity.bone.sword] run data modify entity @s {} merge value {transformation:[2.5744230446773146f,0.09039876132419558f,2.559326203024034f,-1.039351851851852f,0.04692645658309131f,-3.6300428513155336f,0.08101461464158992f,4.445490147715251f,2.5604922294759898f,-0.024362349312436807f,-2.5747354390750616f,1.2777777777777775f,0f,0f,0f,1f],start_interpolation:0}