execute if entity @s[tag=aj.calamity.bone.9] run data modify entity @s {} merge value {transformation:[-0.7340576699460563f,-0.04020893245142962f,0.6778956991635829f,-1.3548889850889008f,-0.02240845290050948f,0.9991361219796637f,0.03499815700924616f,1.5015687852326762f,-0.6787173185001044f,0.010500071740448506f,-0.7343245536283484f,1.1632654933634576f,0f,0f,0f,1f],start_interpolation:0}
execute if entity @s[tag=aj.calamity.bone.8] run data modify entity @s {} merge value {transformation:[-0.8693616930414569f,-0.045241319989013484f,0.49210107664761626f,-1.3676131063358108f,-0.029561534140951504f,0.9987782975118582f,0.039598334795128955f,1.7824751814078863f,-0.4932913564733573f,0.01987801260099836f,-0.86963699452341f,1.1688561844074885f,0f,0f,0f,1f],start_interpolation:0}
execute if entity @s[tag=aj.calamity.bone.7] run data modify entity @s {} merge value {transformation:[-0.9915625770983963f,-0.04355618023648361f,0.12209223915218165f,-1.3798632820273218f,-0.041156188686241706f,0.9989080216211146f,0.02211181751491921f,2.0634180624888248f,-0.12292202337583394f,0.01690039952774993f,-0.9922724185751579f,1.1736094217746682f,0f,0f,0f,1f],start_interpolation:0}
execute if entity @s[tag=aj.calamity.bone.6] run data modify entity @s {} merge value {transformation:[-0.9894331777362932f,-0.04292857119736457f,-0.13848871639817234f,-1.3919369426765806f,-0.044148932429844565f,0.9990084086547959f,0.005750756673437912f,2.344389177422986f,0.138104520418289f,0.0118041184323468f,-0.9903473149496945f,1.1769293300837658f,0f,0f,0f,1f],start_interpolation:0}
execute if entity @s[tag=aj.calamity.bone.5] run data modify entity @s {} merge value {transformation:[-0.9902195611666504f,-0.0605904893025751f,-0.12567423478581688f,-1.4089780177929299f,-0.04463709763589993f,0.9910147772026816f,-0.12608426103428727f,2.6231120835112405f,0.1321845308558048f,-0.1192413685429417f,-0.9840268013781113f,1.1433926951810633f,0f,0f,0f,1f],start_interpolation:0}
execute if entity @s[tag=aj.calamity.bone.4] run data modify entity @s {} merge value {transformation:[-0.9902195611666504f,-0.03230200703781757f,-0.13572693551485968f,-1.418062957272316f,-0.04463709763589993f,0.9950448213651856f,0.08884443138975412f,2.902968439520199f,0.1321845308558048f,0.09403395033526135f,-0.9867547141953649f,1.1698397437128556f,0f,0f,0f,1f],start_interpolation:0}
execute if entity @s[tag=aj.calamity.bone.3] run data modify entity @s {} merge value {transformation:[-0.9901331017749546f,0.013446830902080986f,-0.13948341660641317f,-1.4149113562796407f,-0.04719300238569968f,0.9052397829129465f,0.4222721349527394f,3.1151340136404206f,0.13194415976211568f,0.42468825998656023f,-0.8956732777828402f,1.2693760546472057f,0f,0f,0f,1f],start_interpolation:0}
execute if entity @s[tag=aj.calamity.bone.2] run data modify entity @s {} merge value {transformation:[-0.722658948118357f,0.6769848013037453f,-0.13948341660641317f,-1.2245093809129624f,0.574979191441446f,0.7007746952136585f,0.4222721349527394f,3.312226896669262f,0.3836182661368076f,0.22495867476479386f,-0.8956732777828402f,1.332645681924804f,0f,0f,0f,1f],start_interpolation:0}
execute if entity @s[tag=aj.calamity.bone.1] run data modify entity @s {} merge value {transformation:[0.3489027950504723f,0.9267206785746015f,-0.13948341660641317f,-0.9638691900638555f,0.8674664083290511f,-0.26303664091367823f,0.4222721349527394f,3.23824784141229f,0.35463907007923445f,-0.26832910658197096f,-0.8956732777828402f,1.2571781206986248f,0f,0f,0f,1f],start_interpolation:0}
execute if entity @s[tag=aj.calamity.bone.sword] run data modify entity @s {} merge value {transformation:[2.5692800401600064f,0.020422894612198803f,2.566000690395669f,-0.9604943188523071f,0.010571954097630015f,-3.6311884206329763f,0.018315298183278553f,2.6381961103916267f,2.5660601847037703f,-0.00548832730837218f,-2.5692959287013637f,1.2562711778688107f,0f,0f,0f,1f],start_interpolation:0}