execute if entity @s[tag=aj.calamity.bone.9] run data modify entity @s {} merge value {transformation:[-0.7353325400650705f,-0.04156589348335565f,0.6764305818192896f,-1.3413317523281656f,-0.02540791835565756f,0.9991064921854318f,0.03377358372685237f,0.17915477483706177f,-0.6772300149921628f,0.007648122112832165f,-0.7357316175222202f,1.165243768963514f,0f,0f,0f,1f],start_interpolation:0}
execute if entity @s[tag=aj.calamity.bone.8] run data modify entity @s {} merge value {transformation:[-0.8672290389222301f,-0.0440145827053216f,0.4959601904984939f,-1.3537108537140372f,-0.03212655039155665f,0.9989560029467348f,0.03247751432333818f,0.4601111506658309f,-0.49687189376132473f,0.01223195348095556f,-0.8677376910703344f,1.1686840058800327f,0f,0f,0f,1f],start_interpolation:0}
execute if entity @s[tag=aj.calamity.bone.7] run data modify entity @s {} merge value {transformation:[-0.9910387542961042f,-0.04318677856576786f,0.1264005128167532f,-1.3658571351856594f,-0.04147163119933069f,0.9990088156763558f,0.0161706526334742f,0.741082380074806f,-0.12697358500449502f,0.010783707991090555f,-0.991847478372088f,1.171716923752527f,0f,0f,0f,1f],start_interpolation:0}
execute if entity @s[tag=aj.calamity.bone.6] run data modify entity @s {} merge value {transformation:[-0.9900126676484791f,-0.042870205360381844f,-0.13430213471088873f,-1.3779143804432668f,-0.04359648003970264f,0.9990461676219411f,0.0024702000042566563f,1.0220641147184768f,0.13406813500489465f,0.008300629631052062f,-0.9909373515636788f,1.1740514758362603f,0f,0f,0f,1f],start_interpolation:0}
execute if entity @s[tag=aj.calamity.bone.5] run data modify entity @s {} merge value {transformation:[-0.9903884008866288f,-0.06000699509266152f,-0.12461932406002013f,-1.3947913478130778f,-0.04384170614068411f,0.9907228732172569f,-0.1286316185345494f,1.3007049228108305f,0.13118201169329868f,-0.12193173919900113f,-0.9838312511726828f,1.1397581741865412f,0f,0f,0f,1f],start_interpolation:0}
execute if entity @s[tag=aj.calamity.bone.4] run data modify entity @s {} merge value {transformation:[-0.9903884008866288f,-0.03178055578365571f,-0.13461356418767376f,-1.403729629127231f,-0.04384170614068411f,0.9951901985397797f,0.08760350183085408f,1.5806021661501435f,0.13118201169329868f,0.09266318041399446f,-0.9870181430975132f,1.1658196936779772f,0f,0f,0f,1f],start_interpolation:0}
execute if entity @s[tag=aj.calamity.bone.3] run data modify entity @s {} merge value {transformation:[-0.9903478687176102f,0.014899925110675394f,-0.13780091131115263f,-1.4002374591794164f,-0.04508772187040816f,0.9054995941807159f,0.42194499911137273f,1.7928286335362489f,0.1310656181575643f,0.42408545974868767f,-0.8960877895422523f,1.265214723306576f,0f,0f,0f,1f],start_interpolation:0}
execute if entity @s[tag=aj.calamity.bone.2] run data modify entity @s {} merge value {transformation:[-0.7209454750399739f,0.6791528037645158f,-0.13780091131115263f,-1.2092257331206464f,0.5776302624230994f,0.6987887360697265f,0.42194499911137273f,1.9893629655558593f,0.38285885382528106f,0.22460136126228694f,-0.8960877895422523f,1.3283838561615942f,0f,0f,0f,1f],start_interpolation:0}
execute if entity @s[tag=aj.calamity.bone.1] run data modify entity @s {} merge value {transformation:[0.35156148590931313f,0.925967294491038f,-0.13780091131115263f,-0.9487974315450418f,0.8666461422662711f,-0.26624590479459925f,0.42194499911137273f,1.9144813048323783f,0.3540183409376231f,-0.26776423904818425f,-0.8960877895422523f,1.2530751639292923f,0f,0f,0f,1f],start_interpolation:0}
execute if entity @s[tag=aj.calamity.bone.sword] run data modify entity @s {} merge value {transformation:[2.568371810888954f,0.008750620597465482f,2.5669760867935962f,-0.9473513966857163f,0.004527693055786799f,-3.6312386955790252f,0.007848453678496214f,1.314421265906724f,2.566987008834793f,-0.0023505039268492244f,-2.56837472618477f,1.2526867445506495f,0f,0f,0f,1f],start_interpolation:0}