execute if entity @s[tag=aj.calamity.bone.9] run data modify entity @s {} merge value {transformation:[-0.7275353147725248f,-0.03415160853295186f,0.6852196971727067f,-1.4321534612501623f,-0.006723899981734345f,0.9990672454775906f,0.04265475568862459f,3.1884202329410742f,-0.6860372839196713f,0.026425492397165025f,-0.7270863349174486f,1.1547070682430849f,0f,0f,0f,1f],start_interpolation:0}
execute if entity @s[tag=aj.calamity.bone.8] run data modify entity @s {} merge value {transformation:[-0.8804076650509933f,-0.05285204754946152f,0.4712632007586502f,-1.4470180996234483f,-0.01793638915661932f,0.9967701267507548f,0.07827899054859816f,3.468761831089724f,-0.47387828528376447f,0.06046466312743887f,-0.8785120347777854f,1.171712754747677f,0f,0f,0f,1f],start_interpolation:0}
execute if entity @s[tag=aj.calamity.bone.7] run data modify entity @s {} merge value {transformation:[-0.9939760145099461f,-0.04690344193187774f,0.0990542766056409f,-1.460209692666789f,-0.04171326630474171f,0.9976782194696899f,0.05383468965249001f,3.749358830315574f,-0.10134932655481035f,0.049378512844487174f,-0.9936247161157745f,1.1856004614851892f,0f,0f,0f,1f],start_interpolation:0}
execute if entity @s[tag=aj.calamity.bone.6] run data modify entity @s {} merge value {transformation:[-0.9859693269494818f,-0.04502093806768947f,-0.16074078962818283f,-1.4728718314983265f,-0.049337379920880574f,0.9985181886190938f,0.022961923686560526f,4.030192070864694f,0.1594688347525279f,0.03057028184937141f,-0.986729521505423f,1.1941983532553249f,0f,0f,0f,1f],start_interpolation:0}
execute if entity @s[tag=aj.calamity.bone.5] run data modify entity @s {} merge value {transformation:[-0.9891708997647056f,-0.06557689027534064f,-0.13130347489879743f,-1.491315331888266f,-0.05084579010670904f,0.9923430940903463f,-0.11256060251981395f,4.309288566077604f,0.1376794708266544f,-0.10466544354759591f,-0.9849312200554299f,1.1647611972575636f,0f,0f,0f,1f],start_interpolation:0}
execute if entity @s[tag=aj.calamity.bone.4] run data modify entity @s {} merge value {transformation:[-0.9891708997647056f,-0.036948607955317486f,-0.14204130184156805f,-1.501707127875699f,-0.05084579010670904f,0.9941310314268448f,0.0954892558491432f,4.588887918666404f,0.1376794708266544f,0.10167739534607917f,-0.9852441680053374f,1.1933579646986483f,0f,0f,0f,1f],start_interpolation:0}
execute if entity @s[tag=aj.calamity.bone.3] run data modify entity @s {} merge value {transformation:[-0.9887701389473562f,0.004172152732868195f,-0.1493860952953795f,-1.500729279578933f,-0.060255636879176844f,0.9036261701639094f,0.42406249871828f,4.80067530229857f,0.13675843868043852f,0.42830169009295294f,-0.8932271781093591f,1.2937411733141841f,0f,0f,0f,1f],start_interpolation:0}
execute if entity @s[tag=aj.calamity.bone.2] run data modify entity @s {} merge value {transformation:[-0.732495352125459f,0.6641794589167903f,-0.1493860952953795f,-1.313928806758586f,0.5593426718580592f,0.7122547104930211f,0.42406249871828f,5.0009969396247325f,0.3880545510019021f,0.2270657916408884f,-0.8932271781093591f,1.357603427213184f,0f,0f,0f,1f],start_interpolation:0}
execute if entity @s[tag=aj.calamity.bone.1] run data modify entity @s {} merge value {transformation:[0.3333079724647979f,0.930907938533025f,-0.1493860952953795f,-1.0521109490461724f,0.8720887224941566f,-0.24419716886016513f,0.42406249871828f,4.932316485882811f,0.358283484952791f,-0.27162134065068316f,-0.8932271781093591f,1.2812099251551794f,0f,0f,0f,1f],start_interpolation:0}
execute if entity @s[tag=aj.calamity.bone.sword] run data modify entity @s {} merge value {transformation:[2.574305272126798f,0.08871340345776443f,2.559503635560443f,-1.0374511117854315f,0.046048428641879406f,-3.6300874610584435f,0.07950553305205457f,4.3324466877783046f,2.5606265777383075f,-0.023906476386483813f,-2.574606100409728f,1.2772593941232993f,0f,0f,0f,1f],start_interpolation:0}