execute if entity @s[tag=aj.calamity.bone.9] run data modify entity @s {} merge value {transformation:[0.8081474207849769f,0.36349409453703346f,-0.46343261593816565f,1.6348383945009937f,-0.4228019557701499f,0.9058254750950528f,-0.026808857971908094f,0.9994067565828677f,0.4100442079526616f,0.21760572581052168f,0.8857265354605512f,0.2738046037452534f,0f,0f,0f,1f],start_interpolation:0}
execute if entity @s[tag=aj.calamity.bone.8] run data modify entity @s {} merge value {transformation:[0.9749059203374595f,0.194463822511119f,-0.10836174705741408f,1.689531344582246f,-0.19300843259255823f,0.9809068772242845f,0.02386300824008243f,1.2752868158021977f,0.11093327471563669f,-0.0023494570577751173f,0.9938250794845134f,0.27314381894775414f,0f,0f,0f,1f],start_interpolation:0}
execute if entity @s[tag=aj.calamity.bone.7] run data modify entity @s {} merge value {transformation:[0.8628040252729172f,0.0006494485145259327f,-0.5055381214008279f,1.6897140019769563f,-0.03210621201035603f,0.9980508409954185f,-0.053513642547334664f,1.5559886148321591f,0.5045179928636812f,0.06240270030186858f,0.8611431343695648f,0.29069457840765467f,0f,0f,0f,1f],start_interpolation:0}
execute if entity @s[tag=aj.calamity.bone.6] run data modify entity @s {} merge value {transformation:[0.8871106816753859f,-0.3604622520736943f,-0.2882734869657503f,1.5883339935812297f,0.38939021750459246f,0.9198146804574256f,0.048127041533115617f,1.81468649371081f,0.24781020352107846f,-0.1549448884118626f,0.9563379029327854f,0.2471163285418183f,0f,0f,0f,1f],start_interpolation:0}
execute if entity @s[tag=aj.calamity.bone.5] run data modify entity @s {} merge value {transformation:[0.6805776518520912f,-0.7326621933433157f,-0.004491129574564642f,1.3822727517034221f,0.7047397793364063f,0.6529391180596542f,0.27751099352702124f,1.998325620665088f,-0.2003893790108823f,-0.19203285800311093f,0.9607119642363108f,0.19310708722844333f,0f,0f,0f,1f],start_interpolation:0}
execute if entity @s[tag=aj.calamity.bone.4] run data modify entity @s {} merge value {transformation:[0.5127482094276111f,-0.8577705625391647f,-0.03631715531293281f,1.1410247809892822f,0.8145522525946689f,0.47267604588721285f,0.33627664717815364f,2.1312657585708665f,-0.27128195944760025f,-0.20200746938089872f,0.9410627400936648f,0.1362924864650656f,0f,0f,0f,1f],start_interpolation:0}
execute if entity @s[tag=aj.calamity.bone.3] run data modify entity @s {} merge value {transformation:[0.161339050724858f,-0.9637156630293711f,-0.21265425352685002f,0.9151539224667733f,0.9225355666199682f,0.0707318342328574f,0.3793746643454598f,2.1478435322191927f,-0.35056788077685674f,-0.25738906048609705f,0.9004737822444963f,0.07596692541363656f,0f,0f,0f,1f],start_interpolation:0}
execute if entity @s[tag=aj.calamity.bone.2] run data modify entity @s {} merge value {transformation:[-0.17209409561102224f,-0.9690552362983901f,-0.17696206163609246f,0.6426071372578511f,0.7759495859661496f,-0.24402336850273235f,0.581682762047786f,2.0792119598277994f,-0.6068656048045448f,-0.03720946959110699f,0.7939329902944978f,0.06550176209113773f,0f,0f,0f,1f],start_interpolation:0}
execute if entity @s[tag=aj.calamity.bone.1] run data modify entity @s {} merge value {transformation:[-0.36265823354462884f,-0.7657364655625051f,-0.5311559761031898f,0.42724375631839645f,0.7015314949551258f,-0.599506057103455f,0.3852869697800534f,1.9106008812674526f,-0.6134595074072259f,-0.23289515410182274f,0.7546040550961627f,5.2322269863101593e-17f,0f,0f,0f,1f],start_interpolation:0}
execute if entity @s[tag=aj.calamity.bone.sword] run data modify entity @s {} merge value {transformation:[2.5497911519506338f,-2.5854480547739223f,4.446998689403826e-16f,-4.382459307730881e-18f,-2.5854480547739223f,-2.5497911519506338f,0f,1.489249406974515f,3.1225935727305866e-16f,-3.1662606846406346e-16f,-3.6312499999999996f,-5.366964763606149e-34f,0f,0f,0f,1f],start_interpolation:0}