execute if entity @s[tag=aj.calamity.bone.9] run data modify entity @s {} merge value {transformation:[-0.7277538971623413f,-0.0340123049784136f,0.6849944731711926f,-1.4279942579871612f,-0.007138548574657171f,0.9990910945126794f,0.0420241120037455f,3.462143181489691f,-0.6858012148496613f,0.025693344965408302f,-0.727335236143016f,1.1546871745111067f,0f,0f,0f,1f],start_interpolation:0}
execute if entity @s[tag=aj.calamity.bone.8] run data modify entity @s {} merge value {transformation:[-0.8799753577066575f,-0.052187770722735706f,0.47214384081128397f,-1.4426720685029306f,-0.018067928206872495f,0.9969045802756089f,0.07651671579349825f,3.742522594692206f,-0.4746755942739747f,0.058802163331827f,-0.8781943895221295f,1.171225282948183f,0f,0f,0f,1f],start_interpolation:0}
execute if entity @s[tag=aj.calamity.bone.7] run data modify entity @s {} merge value {transformation:[-0.9939041529650375f,-0.04639442213601456f,0.10001046102041616f,-1.4557204997286848f,-0.04129413016841734f,0.9977678794431021f,0.052479077404703436f,4.0231448107855785f,-0.10222196208488993f,0.04802932798072797f,-0.9936014563803913f,1.1847335314427627f,0f,0f,0f,1f],start_interpolation:0}
execute if entity @s[tag=aj.calamity.bone.6] run data modify entity @s {} merge value {transformation:[-0.986138775428641f,-0.04454714037701338f,-0.1598307476061183f,-1.4682493829597199f,-0.04871767219351557f,0.998564319221943f,0.022268560637418167f,4.3039910255667495f,0.1586092809773288f,0.029746473085861425f,-0.9868932279263074f,1.1930997269981611f,0f,0f,0f,1f],start_interpolation:0}
execute if entity @s[tag=aj.calamity.bone.5] run data modify entity @s {} merge value {transformation:[-0.9892392545387023f,-0.06498442034450808f,-0.13108288367365314f,-1.4865262511816129f,-0.05019573059069863f,0.9923116118195149f,-0.11312848305631219f,4.583078666390988f,0.13742665647602084f,-0.10533133513178587f,-0.9848955396026406f,1.1634752889923463f,0f,0f,0f,1f],start_interpolation:0}
execute if entity @s[tag=aj.calamity.bone.4] run data modify entity @s {} merge value {transformation:[-0.9892392545387023f,-0.036377311003249396f,-0.14171234428900353f,-1.4967573699012768f,-0.05019573059069863f,0.9941928129833233f,0.0951894912412743f,4.8626953950425476f,0.13742665647602084f,0.10127853601074371f,-0.9853205428860914f,1.191959877245368f,0f,0f,0f,1f],start_interpolation:0}
execute if entity @s[tag=aj.calamity.bone.3] run data modify entity @s {} merge value {transformation:[-0.9888563600265505f,0.004868952188091968f,-0.14879311993378835f,-1.4956162092321927f,-0.0593436581804726f,0.9037337942217613f,0.4239617428675592f,5.074508003063273f,0.13653362028745852f,0.42806719389148395f,-0.8933739687527674f,1.2922881258136845f,0f,0f,0f,1f],start_interpolation:0}
execute if entity @s[tag=aj.calamity.bone.2] run data modify entity @s {} merge value {transformation:[-0.7319181818942356f,0.6649484058729711f,-0.14879311993378835f,-1.3085994700804198f,0.5602805729942651f,0.7115772060078368f,0.4239617428675592f,5.274639092252977f,0.38779047762658425f,0.22693941353822805f,-0.8933739687527674f,1.356114835871311f,0f,0f,0f,1f],start_interpolation:0}
execute if entity @s[tag=aj.calamity.bone.1] run data modify entity @s {} merge value {transformation:[0.3342392603043437f,0.9306689660301208f,-0.14879311993378835f,-1.0468488233844482f,0.8718217091931325f,-0.2453229462652579f,0.4239617428675592f,5.205642013615874f,0.3580656703047226f,-0.2714257314702476f,-0.8933739687527674f,1.279776348895304f,0f,0f,0f,1f],start_interpolation:0}
execute if entity @s[tag=aj.calamity.bone.sword] run data modify entity @s {} merge value {transformation:[2.574019631238826f,0.08464359280794444f,2.5599287026582775f,-1.0328615199177331f,0.04392866476131677f,-3.6301917188441193f,0.07586118472487724f,4.605754986974173f,2.5609509508987904f,-0.022805901256845718f,-2.574293433246964f,1.2760076872502906f,0f,0f,0f,1f],start_interpolation:0}