execute if entity @s[tag=aj.calamity.bone.9] run data modify entity @s {} merge value {transformation:[0.9884241308864967f,0.13217503136067527f,-0.07448153171141286f,-0.49160060109039994f,-0.1449182833205639f,0.9678369018003978f,-0.20564635341485482f,1.8205133913117473f,0.04490466168110513f,0.21405955385875952f,0.9757879271445691f,0.10950366798161003f,0f,0f,0f,1f],start_interpolation:0}
execute if entity @s[tag=aj.calamity.bone.8] run data modify entity @s {} merge value {transformation:[0.9429748657811989f,0.11526497839316643f,0.31226973478221143f,-0.4591823259173219f,-0.08606618633806294f,0.9906586141996022f,-0.1057739177743987f,2.0991361265553854f,-0.3215447310626495f,0.07286628073496207f,0.9440865908684979f,0.1299973094383181f,0f,0f,0f,1f],start_interpolation:0}
execute if entity @s[tag=aj.calamity.bone.7] run data modify entity @s {} merge value {transformation:[0.7372641858778256f,0.215367781325301f,0.6403578991383837f,-0.39861013741958096f,-0.10457131566001918f,0.9727842208134408f,-0.20677451409087902f,2.3727316886591656f,-0.6674626282894345f,0.08548437578530844f,0.7397202588367827f,0.15403979012793612f,0f,0f,0f,1f],start_interpolation:0}
execute if entity @s[tag=aj.calamity.bone.6] run data modify entity @s {} merge value {transformation:[0.5437458872228734f,0.22745022035528079f,0.8078408304787178f,-0.33463976294465825f,-0.05630020530164678f,0.9702922128921091f,-0.23529408935187146f,2.6456263735350714f,-0.8373593595411727f,0.08245858876592693f,0.5403978942663723f,0.17723126821835306f,0f,0f,0f,1f],start_interpolation:0}
execute if entity @s[tag=aj.calamity.bone.5] run data modify entity @s {} merge value {transformation:[0.2532961720763295f,0.24023384287523641f,0.9370852415596325f,-0.267073994635998f,0.08640005875253275f,0.9591858295589927f,-0.26925373576013006f,2.915397388098538f,-0.9635227444430349f,0.14916516051217624f,0.22220188079838432f,0.21918396961240263f,0f,0f,0f,1f],start_interpolation:0}
execute if entity @s[tag=aj.calamity.bone.4] run data modify entity @s {} merge value {transformation:[0.04350215934128569f,0.18278865823599297f,0.9821893241900621f,-0.215664684507125f,-0.03031025635026589f,0.9829089242544101f,-0.18158010623694273f,3.191840523045091f,-0.99859343603522f,-0.021871283485967955f,0.04829903172994116f,0.21303267113197416f,0f,0f,0f,1f],start_interpolation:0}
execute if entity @s[tag=aj.calamity.bone.3] run data modify entity @s {} merge value {transformation:[-0.01637239269256542f,-0.010288722867704693f,0.9998130259899958f,-0.2180761039292433f,-0.2489797725242754f,0.9684907793721443f,0.005889239755387146f,3.4188305494604374f,-0.968370289523218f,-0.24883679883186063f,-0.01841819523817588f,0.1547115464057568f,0f,0f,0f,1f],start_interpolation:0}
execute if entity @s[tag=aj.calamity.bone.2] run data modify entity @s {} merge value {transformation:[-0.09049603947043705f,0.04477546740837518f,0.994889754876653f,-0.20548300372063777f,-0.34837805505873026f,0.9344487912679309f,-0.07374406587244228f,3.681644272004543f,-0.9329754539073694f,-0.3532713036976883f,-0.06896512444760956f,0.055353992240781996f,0f,0f,0f,1f],start_interpolation:0}
execute if entity @s[tag=aj.calamity.bone.1] run data modify entity @s {} merge value {transformation:[-0.07093809521291947f,0.31875164239499343f,0.9451799707558647f,-0.11583410429704584f,-0.27839533047789417f,0.903586387719325f,-0.32561891821029965f,3.935777943550603f,-0.9578433204943632f,-0.2862324761427953f,0.024640271619794287f,-0.025148891674379212f,0f,0f,0f,1f],start_interpolation:0}
execute if entity @s[tag=aj.calamity.bone.sword] run data modify entity @s {} merge value {transformation:[-3.5772102504889496f,0.6175686589315353f,0.09029029738730851f,-0.013781249999999969f,0.6169929012031785f,3.5783197429940796f,-0.030399658939982824f,4.5270931569745105f,-0.09414428374398737f,-0.014605851713867498f,-3.630000011767774f,-0.027562499999999934f,0f,0f,0f,1f],start_interpolation:0}