execute if entity @s[tag=aj.calamity.bone.9] run data modify entity @s {} merge value {transformation:[0.9821308351909376f,-0.004491023115725527f,0.18814582981965366f,0.1225077484587695f,0.0030789694076853013f,0.9999648651765035f,0.007796689035997742f,1.7961108476285284f,-0.1881742344598183f,-0.007078073460450196f,0.982110155920175f,0.14789378784920604f,0f,0f,0f,1f],start_interpolation:0}
execute if entity @s[tag=aj.calamity.bone.8] run data modify entity @s {} merge value {transformation:[0.9519681068847639f,0.02916273044254978f,0.3048052798548191f,0.13070976639573662f,-0.01764768883222339f,0.9990250542442302f,-0.04046603602027529f,2.077086644134718f,-0.3056882113414263f,0.03314326697005553f,0.9515546444116763f,0.15721533168453417f,0f,0f,0f,1f],start_interpolation:0}
execute if entity @s[tag=aj.calamity.bone.7] run data modify entity @s {} merge value {transformation:[0.764016305265988f,0.0461113307368935f,0.6435470693472096f,0.1436785781654879f,0.032293836652539834f,0.9934595973956426f,-0.10952231031505374f,2.3564971559022423f,-0.6443882318928306f,0.10445943480682186f,0.7575302192506062f,0.1865945477239528f,0f,0f,0f,1f],start_interpolation:0}
execute if entity @s[tag=aj.calamity.bone.6] run data modify entity @s {} merge value {transformation:[0.571014503205716f,-0.010152959619986496f,0.8208771860270481f,0.1408230582723667f,0.03702201323935039f,0.9992246819968472f,-0.013394230997148367f,2.6375290977138555f,-0.820104754079889f,0.03803882620763335f,0.570947668386789f,0.19729296759484968f,0f,0f,0f,1f],start_interpolation:0}
execute if entity @s[tag=aj.calamity.bone.5] run data modify entity @s {} merge value {transformation:[0.25998571134730125f,-0.011907192764371188f,0.9655390456401597f,0.13747416030738732f,0.11413827665859423f,0.9932929058440708f,-0.018483966058399415f,2.9168927274825007f,-0.9588429922029178f,0.11501052978016393f,0.2596010291640657f,0.2296396790955208f,0f,0f,0f,1f],start_interpolation:0}
execute if entity @s[tag=aj.calamity.bone.4] run data modify entity @s {} merge value {transformation:[0.09254666341632195f,-0.0643526837929681f,0.9936266135622319f,0.11937496799061506f,-0.052069646775569994f,0.9962310956821153f,0.06937114587982152f,3.1970827231430956f,-0.9943459493431721f,-0.0581578548835356f,0.08884704238280647f,0.21328278240952642f,0f,0f,0f,1f],start_interpolation:0}
execute if entity @s[tag=aj.calamity.bone.3] run data modify entity @s {} merge value {transformation:[0.08734982875710556f,-0.24115086462120522f,0.9665486371148377f,0.06285523409502006f,-0.27109465079624806f,0.9278845242434276f,0.25600390617959023f,3.414555658512649f,-0.9585810856290486f,-0.28438806262217375f,0.015675844865332758f,0.14662933023245442f,0f,0f,0f,1f],start_interpolation:0}
execute if entity @s[tag=aj.calamity.bone.2] run data modify entity @s {} merge value {transformation:[0.03260451441167516f,-0.1779379297441489f,0.9835014177917315f,0.012810191354478202f,-0.3801100764211092f,0.9078755651822678f,0.17685668759794343f,3.6698956612201616f,-0.9243664183878155f,-0.3796051254966726f,-0.03803515812426947f,0.039865388686515305f,0f,0f,0f,1f],start_interpolation:0}
execute if entity @s[tag=aj.calamity.bone.1] run data modify entity @s {} merge value {transformation:[0.03636796424071302f,0.0736755105537569f,0.9966189293414159f,0.03353142869772234f,-0.30301281749669967f,0.9511424309643618f,-0.059256294618514366f,3.9374044699288886f,-0.9522922889584367f,-0.29983327894656336f,0.05691573795053842f,-0.04446272101720568f,0f,0f,0f,1f],start_interpolation:0}
execute if entity @s[tag=aj.calamity.bone.sword] run data modify entity @s {} merge value {transformation:[-3.6103978524792115f,-0.3503474609105576f,0.16810879199797918f,-0.024363281250000004f,-0.3511651218691648f,3.6142174052072056f,-0.009600394778665384f,4.53465175072451f,-0.16639400979635383f,-0.025802461720094896f,-3.6273439082851064f,-0.048726562500000015f,0f,0f,0f,1f],start_interpolation:0}