execute if entity @s[tag=aj.calamity.bone.9] run data modify entity @s {} merge value {transformation:[-0.7047106817374739f,0.42457016704729267f,0.5684391157358354f,-1.0246242830001147f,0.2708790490946363f,0.9015015767073162f,-0.33751955196078365f,3.8643156617979657f,-0.6557494916556857f,-0.0838753864232917f,-0.7503049538325418f,1.3081838972850104f,0f,0f,0f,1f],start_interpolation:0}
execute if entity @s[tag=aj.calamity.bone.8] run data modify entity @s {} merge value {transformation:[-0.7064169939320513f,0.5381678683932658f,0.45972858961897556f,-0.8732645700145087f,0.16429319881912766f,0.7564570896044644f,-0.6330722047357011f,4.077069218249221f,-0.6884640698727731f,-0.3716826832342228f,-0.6227914638769749f,1.203648142625385f,0f,0f,0f,1f],start_interpolation:0}
execute if entity @s[tag=aj.calamity.bone.7] run data modify entity @s {} merge value {transformation:[-0.8458547925713952f,0.4960519904861326f,0.19611754796230682f,-0.7337499476902839f,0.3679013139835586f,0.8087544202145175f,-0.45887352391770264f,4.304531398934555f,-0.3862360587169108f,-0.3159884657993474f,-0.8665869814557574f,1.1147763866193185f,0f,0f,0f,1f],start_interpolation:0}
execute if entity @s[tag=aj.calamity.bone.6] run data modify entity @s {} merge value {transformation:[-0.8841156539522929f,0.46620972017867324f,0.031432582576567086f,-0.6026284638900321f,0.4457926559879285f,0.8617304278226132f,-0.24225931897841232f,4.546893081759665f,-0.14003006214287655f,-0.2001728417532686f,-0.9697022301308184f,1.0584777748762118f,0f,0f,0f,1f],start_interpolation:0}
execute if entity @s[tag=aj.calamity.bone.5] run data modify entity @s {} merge value {transformation:[-0.8755446757205114f,0.4611575922938124f,-0.1440666369678925f,-0.4729278910573973f,0.48307627175620843f,0.8403419935975677f,-0.24589154003866645f,4.78323926745898f,0.007670494350846569f,-0.2848842025564762f,-0.9585312486560748f,0.9783540929072028f,0f,0f,0f,1f],start_interpolation:0}
execute if entity @s[tag=aj.calamity.bone.4] run data modify entity @s {} merge value {transformation:[-0.8641437522217494f,0.5032432672305764f,-0.0013377156687874592f,-0.3313907221487977f,0.5032446635421757f,0.8641367702478171f,-0.003528586401600753f,5.026277734091178f,-0.0006197680519113256f,-0.003722404164772153f,-0.999992879772049f,0.9773071667358606f,0f,0f,0f,1f],start_interpolation:0}
execute if entity @s[tag=aj.calamity.bone.3] run data modify entity @s {} merge value {transformation:[-0.8294115783767554f,0.5161251884233379f,0.21375505498011882f,-0.21042388111207785f,0.558632280229972f,0.7645507583044864f,0.32154644059777243f,5.2054693180687925f,0.002531627863911645f,0.38610481459185264f,-0.9224514420875223f,1.067800482655826f,0f,0f,0f,1f],start_interpolation:0}
execute if entity @s[tag=aj.calamity.bone.2] run data modify entity @s {} merge value {transformation:[-0.17195342505941708f,0.9616344399410736f,0.21375505498011882f,0.060035805121348956f,0.941917156490375f,0.0969533746085694f,0.32154644059777243f,5.232737454677452f,0.2884858573993214f,0.2566305653487687f,-0.9224514420875223f,1.1399778291601672f,0f,0f,0f,1f],start_interpolation:0}
execute if entity @s[tag=aj.calamity.bone.1] run data modify entity @s {} merge value {transformation:[0.8421415366555373f,0.49508222419098935f,0.21375505498011882f,0.19927768067506477f,0.4179015222942575f,-0.8496859444542115f,0.32154644059777243f,4.993763282799705f,0.34081659276448506f,-0.18145905071684182f,-0.9224514420875223f,1.0889424711460554f,0f,0f,0f,1f],start_interpolation:0}
execute if entity @s[tag=aj.calamity.bone.sword] run data modify entity @s {} merge value {transformation:[1.7795515134851927f,-2.553315862839655f,1.8707621649808797f,-0.22265625000000014f,-1.5817732876823223f,-2.576303510619957f,-2.0116237347083423f,4.568030656974511f,2.7417451084532303f,0.17092363276818218f,-2.3747832394839974f,1.1171875f,0f,0f,0f,1f],start_interpolation:0}