execute if entity @s[tag=aj.calamity.bone.9] run data modify entity @s {} merge value {transformation:[0.11515453253585922f,-0.6664275284597926f,-0.7366232299808501f,-0.9027276074702444f,-0.4660054071871256f,-0.6911343663407323f,0.55242397498222f,6.175399950291279f,-0.8772561735940131f,0.279656283630043f,-0.3901460866360493f,-0.2862104779708599f,0f,0f,0f,1f],start_interpolation:0}
execute if entity @s[tag=aj.calamity.bone.8] run data modify entity @s {} merge value {transformation:[-0.15275140162519532f,-0.5262485736901009f,-0.8364983251571236f,-1.0507350188205853f,-0.16346390910754546f,-0.821318519345962f,0.5465486622421076f,5.944404116725227f,-0.9746520198105673f,0.22022336040595555f,0.03943490599317179f,-0.22427265785668493f,0f,0f,0f,1f],start_interpolation:0}
execute if entity @s[tag=aj.calamity.bone.7] run data modify entity @s {} merge value {transformation:[0.20923385808581155f,-0.37212067400035687f,-0.9042938662912885f,-1.1553939583831856f,-0.3020887786354744f,-0.904126483088657f,0.3021550469548117f,5.690118543356543f,-0.9300341727340207f,0.20995596338103162f,-0.30158735216797306f,-0.16522254315576979f,0f,0f,0f,1f],start_interpolation:0}
execute if entity @s[tag=aj.calamity.bone.6] run data modify entity @s {} merge value {transformation:[0.45315157300292397f,-0.12399927298011221f,-0.8827671449399209f,-1.1902687539088421f,-0.30641534300272755f,-0.9516047259206409f,-0.023623784159680243f,5.422479714191363f,-0.8371160549514607f,0.28119855246054515f,-0.4692164581902445f,-0.0861354502762415f,0f,0f,0f,1f],start_interpolation:0}
execute if entity @s[tag=aj.calamity.bone.5] run data modify entity @s {} merge value {transformation:[0.6988049453334351f,-0.15414334402749855f,-0.6985066054587853f,-1.2336215694165762f,-0.28476667581108295f,-0.9557378588362275f,-0.07398030504566117f,5.153678441393674f,-0.6561856358722284f,0.25060920709176615f,-0.7117692298742591f,-0.015651610781682236f,0f,0f,0f,1f],start_interpolation:0}
execute if entity @s[tag=aj.calamity.bone.4] run data modify entity @s {} merge value {transformation:[0.7033472926034263f,0.36286786855570496f,-0.6112523995513393f,-1.1315649813852842f,0.11174999541479566f,-0.9056451546826156f,-0.40904619827678956f,4.898965741639188f,-0.7020074960513055f,0.21939408326055937f,-0.6775335502527055f,0.04605297513535006f,0f,0f,0f,1f],start_interpolation:0}
execute if entity @s[tag=aj.calamity.bone.3] run data modify entity @s {} merge value {transformation:[0.6003593471202269f,0.6730175193840909f,-0.43199082505009284f,-0.9738265002796377f,0.3098734545881405f,-0.6937380782166342f,-0.6501583814532449f,4.736370879557164f,-0.7372564658699081f,0.2564661721053603f,-0.6250424034404682f,0.10616223422254391f,0f,0f,0f,1f],start_interpolation:0}
execute if entity @s[tag=aj.calamity.bone.2] run data modify entity @s {} merge value {transformation:[0.3271026542396658f,0.8404687862508078f,-0.43199082505009284f,-0.7374446541465981f,0.5329067381824204f,-0.541575929511154f,-0.6501583814532449f,4.584052649382152f,-0.7803936583475928f,-0.017542289252656072f,-0.6250424034404682f,0.10122846537023439f,0f,0f,0f,1f],start_interpolation:0}
execute if entity @s[tag=aj.calamity.bone.1] run data modify entity @s {} merge value {transformation:[0.39461067823336415f,0.8109662999759882f,-0.43199082505009284f,-0.5093603822783513f,0.4869250399012304f,-0.5832650208466836f,-0.6501583814532449f,4.420009362269022f,-0.7792216745839337f,0.04621229013988937f,-0.6250424034404682f,0.11422567197207828f,0f,0f,0f,1f],start_interpolation:0}
execute if entity @s[tag=aj.calamity.bone.sword] run data modify entity @s {} merge value {transformation:[-0.30835273088969606f,3.6179275636646686f,0.03866910819118064f,0.08850000000000012f,3.589369524725259f,0.30099983891241056f,0.4602195937248567f,4.469749406974509f,0.4553257853739848f,0.07730332172770633f,-3.601760567850593f,0.12700000000000022f,0f,0f,0f,1f],start_interpolation:0}