execute if entity @s[tag=aj.calamity.bone.9] run data modify entity @s {} merge value {transformation:[-0.736412596760883f,-0.04302824001016777f,0.6751629861696506f,-1.3311706175672515f,-0.02806500742766738f,0.9990592803734477f,0.03305918416677487f,-2.2945219909299692f,-0.6759503256083081f,0.0053967454373136416f,-0.7369274268533554f,1.167216759352011f,0f,0f,0f,1f],start_interpolation:0}
execute if entity @s[tag=aj.calamity.bone.8] run data modify entity @s {} merge value {transformation:[-0.8654518639932985f,-0.043331842476428205f,0.4991146386734439f,-1.343357698263747f,-0.03455225728705893f,0.9990429135575744f,0.02682160298641575f,-2.0135411714919016f,-0.4997991722951265f,0.005967268888699474f,-0.8661207647176673f,1.1688950537269578f,0f,0f,0f,1f],start_interpolation:0}
execute if entity @s[tag=aj.calamity.bone.7] run data modify entity @s {} merge value {transformation:[-0.9905795993140317f,-0.04322839612023816f,0.12993599652030036f,-1.355515684672564f,-0.042107067947644634f,0.999048451087916f,0.011366055062666918f,-1.7325587946234253f,-0.13030369239474435f,0.005787758435432645f,-0.9914572353866753f,1.1705228607869231f,0f,0f,0f,1f],start_interpolation:0}
execute if entity @s[tag=aj.calamity.bone.6] run data modify entity @s {} merge value {transformation:[-0.9904598051955922f,-0.04318799864920776f,-0.1308593560452782f,-1.3676623092926536f,-0.04353366892412637f,0.9990519363647308f,-0.00021935333503236842f,-1.451575437520845f,0.13074476648001424f,0.005479527220214386f,-0.9914009183067816f,1.1720639778176085f,0f,0f,0f,1f],start_interpolation:0}
execute if entity @s[tag=aj.calamity.bone.5] run data modify entity @s {} merge value {transformation:[-0.9905056842221527f,-0.059895465716319485f,-0.12373771741158596f,-1.3845079090253685f,-0.043564856732804455f,0.9904637757128698f,-0.1307042931906033f,-1.1730075006016003f,0.13038632129734531f,-0.12407272942605146f,-0.98366933724261f,1.1371685226665316f,0f,0f,0f,1f],start_interpolation:0}
execute if entity @s[tag=aj.calamity.bone.4] run data modify entity @s {} merge value {transformation:[-0.9905056842221527f,-0.031714753265988424f,-0.1337634626827587f,-1.3934276833814276f,-0.043564856732804455f,0.9952888919070102f,0.08661480765068513f,-0.8930824997527537f,0.13038632129734531f,0.09161984540367035f,-0.9872209535594112f,1.1629366041863138f,0f,0f,0f,1f],start_interpolation:0}
execute if entity @s[tag=aj.calamity.bone.3] run data modify entity @s {} merge value {transformation:[-0.990500760171737f,0.01578919765111797f,-0.1365977501159668f,-1.389727090181947f,-0.04371960028346478f,0.9056775652206474f,0.42170694137878917f,-0.6808143204041643f,0.13037193198792554f,0.42367304504007985f,-0.8963840194114363f,1.2622349741175827f,0f,0f,0f,1f],start_interpolation:0}
execute if entity @s[tag=aj.calamity.bone.2] run data modify entity @s {} merge value {transformation:[-0.7197125545308972f,0.6807017654699197f,-0.1365977501159668f,-1.198279718643532f,0.57952503052158f,0.6973621688849401f,0.42170694137878917f,-0.484681210405275f,0.38231476279313575f,0.22434596473800494f,-0.8963840194114363f,1.3253322767001465f,0f,0f,0f,1f],start_interpolation:0}
execute if entity @s[tag=aj.calamity.bone.1] run data modify entity @s {} merge value {transformation:[0.35346435817782634f,0.9254209864495146f,-0.1365977501159668f,-0.9380050662046059f,0.8660532624019572f,-0.26854236588641417f,0.42170694137878917f,-0.560208750810829f,0.353574170692464f,-0.2673593004982886f,-0.8963840194114363f,1.2501374734350028f,0f,0f,0f,1f],start_interpolation:0}
execute if entity @s[tag=aj.calamity.bone.sword] run data modify entity @s {} merge value {transformation:[2.567712534628401f,0.0003912318039271195f,2.567650433557859f,-0.9379404153812438f,0.00020236234602141848f,-3.631249977404651f,0.0003509247734730723f,-1.160270654051471f,2.5676504553894532f,-0.0001050542303781782f,-2.567712540453456f,1.2501201132857935f,0f,0f,0f,1f],start_interpolation:0}