execute if entity @s[tag=aj.calamity.bone.9] run data modify entity @s {} merge value {transformation:[0.8987097717034712f,0.4382338342396085f,-0.016487958404377667f,-0.342109594561236f,-0.4364565753825144f,0.8974637047815854f,0.06375387364763938f,1.1683681107112402f,0.042736448730110066f,-0.05009995137085799f,0.9978294397453779f,0.3857919234016344f,0f,0f,0f,1f],start_interpolation:0}
execute if entity @s[tag=aj.calamity.bone.8] run data modify entity @s {} merge value {transformation:[0.8622685627032174f,0.377448331800547f,0.3376768908212559f,-0.23595225124233216f,-0.41277944234339464f,0.9100886411518153f,0.03676679514342768f,1.4243305410351883f,-0.29343833722334733f,-0.17108893028897645f,0.9405437364525742f,0.3376731617578598f,0f,0f,0f,1f],start_interpolation:0}
execute if entity @s[tag=aj.calamity.bone.7] run data modify entity @s {} merge value {transformation:[0.8998153353132348f,0.43343600691252054f,-0.049654710218254794f,-0.11404837429818573f,-0.42484654936086585f,0.896434190876869f,0.12613941066573514f,1.6764526572193077f,0.0991855424509816f,-0.0924065438086631f,0.9907690239556547f,0.31168382131167327f,0f,0f,0f,1f],start_interpolation:0}
execute if entity @s[tag=aj.calamity.bone.6] run data modify entity @s {} merge value {transformation:[0.9131644322341788f,0.3611267664144889f,0.1889925349886698f,-0.012481471244110781f,-0.3732362188613926f,0.9271945684563541f,0.03170105921079597f,1.9372261295976572f,-0.16378475091558292f,-0.09948713888764923f,0.981466690501246f,0.28370306349952196f,0f,0f,0f,1f],start_interpolation:0}
execute if entity @s[tag=aj.calamity.bone.5] run data modify entity @s {} merge value {transformation:[0.8378169846368798f,0.24048481149720863f,0.49013238588479024f,0.05515488198947917f,-0.22414126601829765f,0.9701231442291633f,-0.09285352927399673f,2.2100732639121095f,-0.49781863476740174f,-0.032064629579553625f,0.8666882175316823f,0.2746848864302725f,0f,0f,0f,1f],start_interpolation:0}
execute if entity @s[tag=aj.calamity.bone.4] run data modify entity @s {} merge value {transformation:[0.7663325789253177f,0.34364143912145956f,0.5428120667378374f,0.15180403674238963f,-0.37672029012373526f,0.9247746974011415f,-0.053605802444473855f,2.4701661475561805f,-0.5204000398604514f,-0.16340844643150781f,0.8381416814286713f,0.22872626087141096f,0f,0f,0f,1f],start_interpolation:0}
execute if entity @s[tag=aj.calamity.bone.3] run data modify entity @s {} merge value {transformation:[0.7385259855696433f,0.27106947854427493f,0.6173335455328184f,0.21533594577620407f,-0.41453123312105167f,0.9046699093107803f,0.09867224510856568f,2.6821981575508946f,-0.5317360486233054f,-0.3287760529438831f,0.7804890015913827f,0.15166937346268833f,0f,0f,0f,1f],start_interpolation:0}
execute if entity @s[tag=aj.calamity.bone.2] run data modify entity @s {} merge value {transformation:[0.6090983424307179f,0.26956670976045116f,0.7458773345779285f,0.2911515828963309f,-0.351046791160597f,0.9349554530683134f,-0.051229397748489f,2.9451543787263574f,-0.7111718214777627f,-0.23063410365067236f,0.6641103451755971f,0.08680353181093674f,0f,0f,0f,1f],start_interpolation:0}
execute if entity @s[tag=aj.calamity.bone.1] run data modify entity @s {} merge value {transformation:[0.6293353628483034f,-0.22619262333843743f,0.743487658415302f,0.22753490758239533f,-0.10323038244402799f,0.9238947287771639f,0.36845897774139014f,3.204999771194935f,-0.7702470312886981f,-0.3086347797722193f,0.5580896733553665f,2.7864989626506926e-17f,0f,0f,0f,1f],start_interpolation:0}
execute if entity @s[tag=aj.calamity.bone.sword] run data modify entity @s {} merge value {transformation:[-3.3600703802220324f,-1.3769181538691988f,4.446998689403826e-16f,-4.382459307730881e-18f,-1.3769181538691988f,3.3600703802220324f,0f,3.760249406974515f,-4.114899436048742e-16f,-1.686238409823797e-16f,-3.6312499999999996f,-5.366964763606149e-34f,0f,0f,0f,1f],start_interpolation:0}