execute if entity @s[tag=aj.calamity.bone.9] run data modify entity @s {} merge value {transformation:[0.8423364134569205f,-0.5190711525586565f,0.14503277266176345f,0.7698398218062134f,0.2665067379514804f,0.6350608672276099f,0.7250323120679363f,1.939095169170871f,-0.4684479962503757f,-0.5720689062495389f,0.673270852860469f,0.34702861217562553f,0f,0f,0f,1f],start_interpolation:0}
execute if entity @s[tag=aj.calamity.bone.8] run data modify entity @s {} merge value {transformation:[0.9172052827541053f,-0.3763416479765779f,0.13077244849827574f,0.6639937333128009f,0.27820983807907673f,0.8399452997224346f,0.4659304448844309f,2.175329784717806f,-0.2851907349195878f,-0.3909716837220609f,0.8751042150758738f,0.23706782612879593f,0f,0f,0f,1f],start_interpolation:0}
execute if entity @s[tag=aj.calamity.bone.7] run data modify entity @s {} merge value {transformation:[0.7539040103586282f,-0.32133603539519434f,0.5730374294247058f,0.5736179733579024f,0.19035035151031027f,0.9416479142871541f,0.2776075452839025f,2.440168260611068f,-0.6288048082235677f,-0.10021156557579132f,0.771078566217328f,0.2088833233106046f,0f,0f,0f,1f],start_interpolation:0}
execute if entity @s[tag=aj.calamity.bone.6] run data modify entity @s {} merge value {transformation:[0.5699439580488584f,-0.24016602182370173f,0.7858016076879565f,0.5060712797199863f,0.14593047100718198f,0.9707138628038952f,0.19083735009678415f,2.7131815345246637f,-0.8086211611844091f,0.0059058040703873806f,0.5883000417840026f,0.21054433070540104f,0f,0f,0f,1f],start_interpolation:0}
execute if entity @s[tag=aj.calamity.bone.5] run data modify entity @s {} merge value {transformation:[0.25325646950424574f,-0.2323612294315874f,0.9390790274046615f,0.4407196839423524f,0.1501419420938052f,0.9684039479896105f,0.19912606746088274f,2.985545144896742f,-0.955677015460006f,0.09056518412269009f,0.28014173117598484f,0.23601578873990764f,0f,0f,0f,1f],start_interpolation:0}
execute if entity @s[tag=aj.calamity.bone.4] run data modify entity @s {} merge value {transformation:[0.12589019994634537f,-0.26500800651501044f,0.9559928943461914f,0.36618618211000575f,-0.04697565527356839f,0.9609861720863992f,0.27257818120742566f,3.2558225057960413f,-0.9909313525008114f,-0.07922331438200167f,0.10852981659084515f,0.21373423156996968f,0f,0f,0f,1f],start_interpolation:0}
execute if entity @s[tag=aj.calamity.bone.3] run data modify entity @s {} merge value {transformation:[0.1611480582940837f,-0.4083845721585013f,0.8984727845243635f,0.270471048010357f,-0.2591175568021619f,0.8609268086482861f,0.437793469466546f,3.4576022265729836f,-0.9523074057597811f,-0.30335964031755264f,0.03291707097358635f,0.14263431587054326f,0f,0f,0f,1f],start_interpolation:0}
execute if entity @s[tag=aj.calamity.bone.2] run data modify entity @s {} merge value {transformation:[0.12290187628840961f,-0.33409843093515956f,0.9344909669180607f,0.17650586430984339f,-0.37422581358380935f,0.8565155575907228f,0.3554379552785393f,3.698497227145374f,-0.9191573147466781f,-0.3933946339894804f,-0.019760888035671123f,0.031992075061001934f,0f,0f,0f,1f],start_interpolation:0}
execute if entity @s[tag=aj.calamity.bone.1] run data modify entity @s {} merge value {transformation:[0.11268508478819958f,-0.11573856772864484f,0.9868670911558441f,0.143954392136162f,-0.29457424993848325f,0.9446522414930523f,0.14442352272165337f,3.964180670065295f,-0.9489615813822262f,-0.3069800100695057f,0.07235461615038741f,-0.05434605277104658f,0f,0f,0f,1f],start_interpolation:0}
execute if entity @s[tag=aj.calamity.bone.sword] run data modify entity @s {} merge value {transformation:[-3.469750533140886f,-1.051330468746826f,0.20374505086777758f,-0.029777343749999987f,-1.0514097978626409f,3.4755844555580877f,0.02875224758915818f,4.53851893822451f,-0.20333528278922525f,-0.03151983926937643f,-3.6254155382528848f,-0.05955468749999999f,0f,0f,0f,1f],start_interpolation:0}