execute if entity @s[tag=aj.calamity.bone.9] run data modify entity @s {} merge value {transformation:[-0.760942138344239f,0.3595654745053411f,0.5400738205429385f,-0.31762331024928075f,0.22002074718454456f,0.9260753960625685f,-0.30655379889329715f,3.546429496522604f,-0.6103752394228095f,-0.11444225771674646f,-0.7838016565102688f,1.3464399609181508f,0f,0f,0f,1f],start_interpolation:0}
execute if entity @s[tag=aj.calamity.bone.8] run data modify entity @s {} merge value {transformation:[-0.6922048557937421f,0.5044791365254497f,0.5160942146799377f,-0.17573855310149802f,-0.13364728953867008f,0.6131362831770277f,-0.7785899435844436f,3.718874076166143f,-0.7092184710049025f,-0.6079183325598895f,-0.35699364325303f,1.1754629298856818f,0f,0f,0f,1f],start_interpolation:0}
execute if entity @s[tag=aj.calamity.bone.7] run data modify entity @s {} merge value {transformation:[-0.8657831179180796f,0.4138263731067586f,0.28136688797609943f,-0.05934988566522216f,0.13235179512239986f,0.7316006137684467f,-0.6687626965235957f,3.9246367487885188f,-0.48259982910888766f,-0.5417640398318608f,-0.6881781238088973f,1.0230917936829709f,0f,0f,0f,1f],start_interpolation:0}
execute if entity @s[tag=aj.calamity.bone.6] run data modify entity @s {} merge value {transformation:[-0.9329137775126601f,0.33320458028560507f,0.13655252250966735f,0.03436390254010423f,0.24982310496509785f,0.8719865291865425f,-0.42098445237657567f,4.169882960122234f,-0.2593459079157745f,-0.35862822057654814f,-0.8967304497191121f,0.9222276066458167f,0f,0f,0f,1f],start_interpolation:0}
execute if entity @s[tag=aj.calamity.bone.5] run data modify entity @s {} merge value {transformation:[-0.9330358215324475f,0.32777485542440726f,-0.1483502608315217f,0.1265505806282188f,0.35976643682195025f,0.8540006634696691f,-0.3758337102094534f,4.410070646723078f,0.0035023811484954028f,-0.4040377593058284f,-0.9147356024455459f,0.8085919868410524f,0f,0f,0f,1f],start_interpolation:0}
execute if entity @s[tag=aj.calamity.bone.4] run data modify entity @s {} merge value {transformation:[-0.9276866418579223f,0.3725229039810184f,-0.024983605182614388f,0.2313226473728802f,0.37334836781201486f,0.9250569248765381f,-0.06986187794547372f,4.670242906844604f,-0.0029138926672569385f,-0.07413751916211353f,-0.9972437703400361f,0.787740809576708f,0f,0f,0f,1f],start_interpolation:0}
execute if entity @s[tag=aj.calamity.bone.3] run data modify entity @s {} merge value {transformation:[-0.8751087701201422f,0.4521587783222967f,0.17244442480086414f,0.3372973610421685f,0.48392443397663015f,0.8186420202304538f,0.3092610303827498f,4.862112130336117f,-0.0013351626158995822f,0.35408711060851955f,-0.9352114923597223f,0.8707299761255798f,0f,0f,0f,1f],start_interpolation:0}
execute if entity @s[tag=aj.calamity.bone.2] run data modify entity @s {} merge value {transformation:[-0.20549254818775287f,0.9633461127727687f,0.17244442480086414f,0.6082384552595096f,0.9398394231287436f,0.14511882655131736f,0.3092610303827498f,4.902926800303675f,0.27290047887890434f,0.22562090591513356f,-0.9352114923597223f,0.9341858559142111f,0f,0f,0f,1f],start_interpolation:0}
execute if entity @s[tag=aj.calamity.bone.1] run data modify entity @s {} merge value {transformation:[0.8249449417702718f,0.5382645849419623f,0.17244442480086414f,0.7596253697744365f,0.4734764376684456f,-0.824728851234998f,0.3092610303827498f,4.670971810893832f,0.30868415252559095f,-0.17347495075041397f,-0.9352114923597223f,0.8853960260156571f,0f,0f,0f,1f],start_interpolation:0}
execute if entity @s[tag=aj.calamity.bone.sword] run data modify entity @s {} merge value {transformation:[1.9394748999067912f,-2.3746325528983325f,1.9456448580990038f,0.36721875000000004f,-1.3888194104152822f,-2.7311211807836946f,-1.9488802691875222f,4.21965565697451f,2.7378083059968414f,0.29677246686683795f,-2.3669195898941044f,0.9344374999999998f,0f,0f,0f,1f],start_interpolation:0}