execute if entity @s[tag=aj.calamity.bone.9] run data modify entity @s {} merge value {transformation:[-0.3507718059822573f,-0.7630663508630885f,-0.5428525437984384f,2.0846166284155996f,0.4706317933862479f,-0.6448054111756729f,0.6022721119001073f,4.272884032934742f,-0.8096078403659328f,-0.0442235898481968f,0.5853028437646183f,0.3931966189490241f,0f,0f,0f,1f],start_interpolation:0}
execute if entity @s[tag=aj.calamity.bone.8] run data modify entity @s {} merge value {transformation:[-0.5146493538731844f,-0.6674975063737154f,-0.5381292795813897f,1.8968829547479922f,0.6936799816666106f,-0.6930372995592577f,0.19623298513405463f,4.077967292433701f,-0.5039286909801071f,-0.27229832978643737f,0.8197008564120162f,0.31661271369658855f,0f,0f,0f,1f],start_interpolation:0}
execute if entity @s[tag=aj.calamity.bone.7] run data modify entity @s {} merge value {transformation:[-0.22831270049430769f,-0.5639115506446243f,-0.7936479533411347f,1.7382828311291916f,0.6129763975074624f,-0.7165840059992716f,0.3328172147663176f,3.876428040746406f,-0.7563949014184126f,-0.41050106625392735f,0.5092697003677119f,0.20115928881267148f,0f,0f,0f,1f],start_interpolation:0}
execute if entity @s[tag=aj.calamity.bone.6] run data modify entity @s {} merge value {transformation:[-0.09604893750328108f,-0.8464875480242292f,-0.5236730207337581f,1.5002082082473773f,0.4356397492227073f,-0.5087910319211353f,0.7425292551366599f,3.733330563018587f,-0.8949819051252755f,-0.15681363740617293f,0.41763246116864294f,0.15705545329218534f,0f,0f,0f,1f],start_interpolation:0}
execute if entity @s[tag=aj.calamity.bone.5] run data modify entity @s {} merge value {transformation:[-0.12505127918446673f,-0.9843414789816644f,-0.12423377290623541f,1.223362167283784f,0.10006725693962303f,-0.1370914508714402f,0.9854909833106252f,3.694773592460994f,-0.9870910402100246f,0.11080517521376482f,0.11564381299031494f,0.1882194088210567f,0f,0f,0f,1f],start_interpolation:0}
execute if entity @s[tag=aj.calamity.bone.4] run data modify entity @s {} merge value {transformation:[0.017414163183212268f,-0.9980944767812833f,0.05919596556628226f,0.9426480956890481f,-0.08953121223245324f,0.05741049270400761f,0.9943280129633634f,3.7109202935339964f,-0.9958317673968914f,-0.022615276831802884f,-0.08836085274036817f,0.18185886221211214f,0f,0f,0f,1f],start_interpolation:0}
execute if entity @s[tag=aj.calamity.bone.3] run data modify entity @s {} merge value {transformation:[0.20576592726512014f,-0.94934640130173f,0.23749061773505886f,0.720145032883955f,-0.1929486828154044f,0.1985622196213291f,0.9609078263490477f,3.7574583137577453f,-0.9593910511238503f,-0.24354559177801907f,-0.14231779842650988f,0.1247778641391389f,0f,0f,0f,1f],start_interpolation:0}
execute if entity @s[tag=aj.calamity.bone.2] run data modify entity @s {} merge value {transformation:[0.24789904370282664f,-0.8184983755688389f,0.518272585925974f,0.48994236475521924f,-0.30442849944453976f,0.4420574016118862f,0.8437467288268995f,3.881786957961088f,-0.9197115595974481f,-0.36694095284026207f,-0.13958862515087198f,0.021575721152815225f,0f,0f,0f,1f],start_interpolation:0}
execute if entity @s[tag=aj.calamity.bone.1] run data modify entity @s {} merge value {transformation:[0.17561887913831598f,-0.8369895674187375f,0.518272585925974f,0.2545390489186992f,-0.26474221592009267f,0.46690793172061845f,0.8437467288268995f,4.013104813757512f,-0.9481927907339947f,-0.2853864876418797f,-0.13958862515087198f,-0.058689228496463464f,0f,0f,0f,1f],start_interpolation:0}
execute if entity @s[tag=aj.calamity.bone.sword] run data modify entity @s {} merge value {transformation:[-3.1831247616668286f,-1.734924833751778f,0.20911512473960225f,-0.03215624999999999f,-1.7336338867438694f,3.189804760657856f,0.07507128690663821f,4.54021815697451f,-0.21956060870939098f,-0.03402899669164363f,-3.624446403105903f,-0.06431249999999998f,0f,0f,0f,1f],start_interpolation:0}