execute if entity @s[tag=aj.calamity.bone.9] run data modify entity @s {} merge value {transformation:[0.7943448331088959f,0.5206825827836069f,-0.31289923953086446f,1.3191602876312876f,-0.4949446302413771f,0.8533865153536444f,0.1635887172386623f,-0.4977058789819566f,0.3522017874861334f,0.02492194611896828f,0.9355922175249299f,0.4035366742801954f,0f,0f,0f,1f],start_interpolation:0}
execute if entity @s[tag=aj.calamity.bone.8] run data modify entity @s {} merge value {transformation:[0.9227364623191799f,0.3809157826461549f,0.058826759538090856f,1.4262928515005187f,-0.38542108211515025f,0.9107803931192534f,0.14808668059864552f,-0.24154889341716662f,0.002830294661670063f,-0.1593180530906831f,0.9872232510387519f,0.3587284718484408f,0f,0f,0f,1f],start_interpolation:0}
execute if entity @s[tag=aj.calamity.bone.7] run data modify entity @s {} merge value {transformation:[0.8791096098370222f,0.28195244356501714f,-0.38427739129425076f,1.5055919762531798f,-0.22596296212488445f,0.9564412282840115f,0.18482672043381604f,0.02745020203771159f,0.41965108559367137f,-0.07565048847355613f,0.9045274843550999f,0.33745177196525317f,0f,0f,0f,1f],start_interpolation:0}
execute if entity @s[tag=aj.calamity.bone.6] run data modify entity @s {} merge value {transformation:[0.9901453831935129f,-0.015577156124484435f,-0.1391742517409217f,1.5012109010931685f,0.043905942994980615f,0.9782191910516799f,0.20287799887597222f,0.30257434952099643f,0.13298266169051315f,-0.20698929070188843f,0.9692631454999389f,0.2792360339553471f,0f,0f,0f,1f],start_interpolation:0}
execute if entity @s[tag=aj.calamity.bone.5] run data modify entity @s {} merge value {transformation:[0.900754247115182f,-0.37683281914902694f,0.2159602109559971f,1.3952266707075045f,0.31276136876182575f,0.9077790666329472f,0.27949506684956904f,0.5578872120115129f,-0.30136707271065816f,-0.18421235733580063f,0.9355445980233098f,0.22742630845465314f,0f,0f,0f,1f],start_interpolation:0}
execute if entity @s[tag=aj.calamity.bone.4] run data modify entity @s {} merge value {transformation:[0.861743057726669f,-0.4587546012082448f,0.21666360638131035f,1.2662019391176857f,0.3730696876041771f,0.862397606747983f,0.34218324924851806f,0.800436538909383f,-0.3438283156617743f,-0.21404341556239495f,0.9143125863749068f,0.16722659782772958f,0f,0f,0f,1f],start_interpolation:0}
execute if entity @s[tag=aj.calamity.bone.3] run data modify entity @s {} merge value {transformation:[0.7237746652173062f,-0.6807241246565029f,0.11298185739407285f,1.1066572224013178f,0.5576515363325384f,0.6734588767635662f,0.48526065710534966f,0.958278463150844f,-0.40641727081355217f,-0.2882148632860459f,0.8670393270004941f,0.09967623924506254f,0f,0f,0f,1f],start_interpolation:0}
execute if entity @s[tag=aj.calamity.bone.2] run data modify entity @s {} merge value {transformation:[0.45699537913023663f,-0.8411116548616911f,0.2892860306157885f,0.8700945694714673f,0.6062146972613707f,0.5325288227712555f,0.5906917925129532f,1.1080521945552595f,-0.6508909004417839f,-0.09457397619688229f,0.7532574584751189f,0.0730773084396894f,0f,0f,0f,1f],start_interpolation:0}
execute if entity @s[tag=aj.calamity.bone.1] run data modify entity @s {} merge value {transformation:[0.24656752190876038f,-0.9615800164426227f,-0.12069933354405371f,0.5996501898469796f,0.6949043083781373f,0.08861162237638857f,0.7136217363402877f,1.1329742133486187f,-0.6755090371988193f,-0.2598304300077842f,0.6900548444179595f,7.343596856042062e-17f,0f,0f,0f,1f],start_interpolation:0}
execute if entity @s[tag=aj.calamity.bone.sword] run data modify entity @s {} merge value {transformation:[0.1344925035366793f,-3.628758510702033f,4.446998689403826e-16f,-4.382459307730881e-18f,-3.628758510702033f,-0.1344925035366793f,0f,1.1107494069745063f,1.6470581396550838e-17f,-4.443947495009961e-16f,-3.6312499999999996f,-5.366964763606149e-34f,0f,0f,0f,1f],start_interpolation:0}