execute if entity @s[tag=aj.calamity.bone.9] run data modify entity @s {} merge value {transformation:[-0.7365327228929339f,-0.04331485035722005f,0.6750136086379681f,-1.330500287782981f,-0.028417407572171042f,0.9990479520000249f,0.03310046149878764f,-3.0544438851584204f,-0.6758047048184838f,0.0051974362032877934f,-0.7370624041437165f,1.1675402264381027f,0f,0f,0f,1f],start_interpolation:0}
execute if entity @s[tag=aj.calamity.bone.8] run data modify entity @s {} merge value {transformation:[-0.865266834314979f,-0.04339273253757083f,0.49943005135600044f,-1.3427044938091728f,-0.03490723601687917f,0.9990437998224676f,0.026324340636507678f,-2.7734628164583515f,-0.5000947813246971f,0.005343856211374271f,-0.8659541863705007f,1.1690431859975519f,0f,0f,0f,1f],start_interpolation:0}
execute if entity @s[tag=aj.calamity.bone.7] run data modify entity @s {} merge value {transformation:[-0.990526807450244f,-0.04336617378463421f,0.13029205153695184f,-1.3549012301861012f,-0.04230363902701241f,0.9990451982856724f,0.010913015505042945f,-2.492481354440506f,-0.13064090418968738f,0.005297806491557205f,-0.9914155977181714f,1.1705331940733024f,0f,0f,0f,1f],start_interpolation:0}
execute if entity @s[tag=aj.calamity.bone.6] run data modify entity @s {} merge value {transformation:[-0.9904983845079641f,-0.043355780640479305f,-0.13051140399278333f,-1.367095043491236f,-0.043666048218510466f,0.9990460656058403f,-0.0004847994115722287f,-2.2114996484888634f,0.1304079235326272f,0.005218724225841784f,-0.9914466896396211f,1.1720009602618204f,0f,0f,0f,1f],start_interpolation:0}
execute if entity @s[tag=aj.calamity.bone.5] run data modify entity @s {} merge value {transformation:[-0.9905101353055632f,-0.06001908241909488f,-0.1236421513988025f,-1.3839754104216064f,-0.04367406850181188f,0.9904325959715428f,-0.13090396700470783f,-1.932940480871867f,0.1303159529660644f,-0.12426175027996536f,-0.9836548021638009f,1.1370523429955801f,0f,0f,0f,1f],start_interpolation:0}
execute if entity @s[tag=aj.calamity.bone.4] run data modify entity @s {} merge value {transformation:[-0.9905101353055632f,-0.03184066347383952f,-0.1337005759392988f,-1.3929305970236239f,-0.04367406850181188f,0.9952916446863384f,0.08652813275497478f,-1.6530147058038345f,0.1303159529660644f,0.09154624059517258f,-0.9872370729644614f,1.1627997231629723f,0f,0f,0f,1f],start_interpolation:0}
execute if entity @s[tag=aj.calamity.bone.3] run data modify entity @s {} merge value {transformation:[-0.9905088695543294f,0.015767190735701875f,-0.13654147732651906f,-1.3892351616949437f,-0.0437137723923024f,0.9056830700557709f,0.4216957229064429f,-1.440745236259513f,0.1303122612705277f,0.42366209685391687f,-0.8963978705083497f,1.2620955271131091f,0f,0f,0f,1f],start_interpolation:0}
execute if entity @s[tag=aj.calamity.bone.2] run data modify entity @s {} merge value {transformation:[-0.7196547339990161f,0.6807741834134846f,-0.13654147732651906f,-1.197767422609901f,0.5796136295245725f,0.6972953160259747f,0.4216957229064429f,-1.2446309286272077f,0.38228929399364137f,0.22433402204288833f,-0.8963978705083497f,1.3251894708126715f,0f,0f,0f,1f],start_interpolation:0}
execute if entity @s[tag=aj.calamity.bone.1] run data modify entity @s {} merge value {transformation:[0.35355339059327395f,0.925395280390759f,-0.13654147732651906f,-0.9375f,0.8660254037844386f,-0.2686498041734121f,0.4216957229064429f,-1.32018868605098f,0.353553390593274f,-0.267340340667277f,-0.8963978705083497f,1.2499999999999998f,0f,0f,0f,1f],start_interpolation:0}
execute if entity @s[tag=aj.calamity.bone.sword] run data modify entity @s {} merge value {transformation:[2.56768149918365f,-4.446998689403825e-16f,2.567681499183651f,-0.9375000000000001f,-3.144502929205134e-16f,-3.6312499999999996f,-3.1445029292051346e-16f,-1.9202505930254898f,2.567681499183651f,-3.208072115412901e-32f,-2.56768149918365f,1.2499999999999998f,0f,0f,0f,1f],start_interpolation:0}