execute if entity @s[tag=aj.calamity.bone.9] run data modify entity @s {} merge value {transformation:[-0.7283404971762463f,-0.0345586481308075f,0.684343349505516f,-1.4207375424487894f,-0.008599445763563075f,0.999109712483839f,0.04130171852382383f,3.4750361198233075f,-0.6851614187223458f,0.02419674068614762f,-0.7279892499443584f,1.1554035838892232f,0f,0f,0f,1f],start_interpolation:0}
execute if entity @s[tag=aj.calamity.bone.8] run data modify entity @s {} merge value {transformation:[-0.8789783740096699f,-0.0514804558342818f,0.474074657296096f,-1.4352164206521811f,-0.019055987383336696f,0.9971534753828745f,0.07295077708086439f,3.755485534774741f,-0.47648073137133534f,0.055088194733086154f,-0.8774573513469968f,1.1708971386579037f,0f,0f,0f,1f],start_interpolation:0}
execute if entity @s[tag=aj.calamity.bone.7] run data modify entity @s {} merge value {transformation:[-0.9937038833494292f,-0.04606086865599739f,0.10213221134842179f,-1.4481710399616805f,-0.041161016620469955f,0.9979218465264276f,0.049575789817764504f,4.036151054110299f,-0.10420346888195803f,0.045059789213230075f,-0.9935347263528467f,1.1835702043741247f,0f,0f,0f,1f],start_interpolation:0}
execute if entity @s[tag=aj.calamity.bone.6] run data modify entity @s {} merge value {transformation:[-0.986478419440308f,-0.04430388610118287f,-0.1577893965223422f,-1.4606315079276382f,-0.04816165187855559f,0.9986248761715398f,0.020707775827112473f,4.317014300533544f,0.15665498162165248f,0.028027171953490693f,-0.987255637798746f,1.191452846486044f,0f,0f,0f,1f],start_interpolation:0}
execute if entity @s[tag=aj.calamity.bone.5] run data modify entity @s {} merge value {transformation:[-0.9893419015217496f,-0.0644686654776156f,-0.13056183617299516f,-1.4787633200932175f,-0.04956269129389265f,0.9922018810092631f,-0.11436331122080519f,4.596071079567399f,0.13691654949287532f,-0.1066734198065089f,-0.9848221362163572f,1.1614509471654635f,0f,0f,0f,1f],start_interpolation:0}
execute if entity @s[tag=aj.calamity.bone.4] run data modify entity @s {} merge value {transformation:[-0.9893419015217496f,-0.035892266165081774f,-0.14111820266309963f,-1.4888580199521468f,-0.04956269129389265f,0.9942824431292208f,0.0945831005872319f,4.8757130166974925f,0.13691654949287532f,0.10056922250133526f,-0.9854642002429321f,1.1897360409939641f,0f,0f,0f,1f],start_interpolation:0}
execute if entity @s[tag=aj.calamity.bone.3] run data modify entity @s {} merge value {transformation:[-0.9889924783618487f,0.005767345401002544f,-0.14785335799606947f,-1.4875062983737868f,-0.058086648205761704f,0.9038911285553779f,0.4238003881771532f,5.087562499952659f,0.1360875418394659f,0.4277237022259945f,-0.8936065216358822f,1.2899837837031816f,0f,0f,0f,1f],start_interpolation:0}
execute if entity @s[tag=aj.calamity.bone.2] run data modify entity @s {} merge value {transformation:[-0.7310004037337514f,0.6661664914046479f,-0.14785335799606947f,-1.3001469726662296f,0.5617665719457177f,0.7105009145843878f,0.4238003881771532f,5.287390882179518f,0.387371563728482f,0.22673918078790478f,-0.8936065216358822f,1.3537541782997797f,0f,0f,0f,1f],start_interpolation:0}
execute if entity @s[tag=aj.calamity.bone.1] run data modify entity @s {} merge value {transformation:[0.33571584309251185f,0.93028719072444f,-0.14785335799606947f,-1.0385037002749808f,0.8713960127552234f,-0.24710770917798877f,0.4238003881771532f,5.217891838973209f,0.35772036795656925f,-0.2711153312500721f,-0.8936065216358822f,1.277502991385697f,0f,0f,0f,1f],start_interpolation:0}
execute if entity @s[tag=aj.calamity.bone.sword] run data modify entity @s {} merge value {transformation:[2.5735629831901705f,0.07818862595658528f,2.560593031472267f,-1.025583076248757f,0.04056804398036411f,-3.6303470262978395f,0.07008041779303384f,4.617979147866972f,2.5614652775044444f,-0.021061099721052762f,-2.573796539106698f,1.2740226571587516f,0f,0f,0f,1f],start_interpolation:0}