execute if entity @s[tag=aj.calamity.bone.9] run data modify entity @s {} merge value {transformation:[0.8730029402413779f,0.4770879214202506f,-0.10125700748498315f,0.5778961140400479f,-0.4608849551141942f,0.8749135790449616f,0.14869864610050296f,-0.12054553499452542f,0.15953345880816344f,-0.08314652390593724f,0.9836847722126554f,0.4287658221580203f,0f,0f,0f,1f],start_interpolation:0}
execute if entity @s[tag=aj.calamity.bone.8] run data modify entity @s {} merge value {transformation:[0.8924100399222562f,0.3650835821114468f,0.2651759768882387f,0.6805758715088923f,-0.40750817028133735f,0.9044373324225253f,0.12621490749662842f,0.13382746474930984f,-0.19375606261460188f,-0.22069682778214256f,0.955903498480357f,0.3666948393442927f,0f,0f,0f,1f],start_interpolation:0}
execute if entity @s[tag=aj.calamity.bone.7] run data modify entity @s {} merge value {transformation:[0.9143907997037274f,0.3616715472754894f,-0.181887760194389f,0.7822959941801237f,-0.32411870957841005f,0.9232329427645481f,0.2063685913494065f,0.393486729901839f,0.2425624198395213f,-0.12974831515540303f,0.9614202240414595f,0.3302031257068356f,0f,0f,0f,1f],start_interpolation:0}
execute if entity @s[tag=aj.calamity.bone.6] run data modify entity @s {} merge value {transformation:[0.9824653769005203f,0.17389791360043613f,0.06724060408067506f,0.8312047823802464f,-0.18286160862060938f,0.9691043450804625f,0.16552462185080036f,0.666047326955719f,-0.036378775191061974f,-0.17491793501977657f,0.9839107178621522f,0.28100745648252345f,0f,0f,0f,1f],start_interpolation:0}
execute if entity @s[tag=aj.calamity.bone.5] run data modify entity @s {} merge value {transformation:[0.9089551880751984f,-0.07016887583827225f,0.4109462190296611f,0.8114697860507324f,0.017944716830821564f,0.991405172302428f,0.12959078466408958f,0.944880031665777f,-0.4165074467630113f,-0.11041790251397612f,0.9024020354561328f,0.24995242140046764f,0f,0f,0f,1f],start_interpolation:0}
execute if entity @s[tag=aj.calamity.bone.4] run data modify entity @s {} merge value {transformation:[0.8985846638995212f,-0.033886592676345154f,0.4374897720420129f,0.8019391818605103f,-0.05290719372822235f,0.9813730028038544f,0.184683129222867f,1.220891188704361f,-0.4355989332590121f,-0.1890997837241845f,0.8800538853610486f,0.19676810722804078f,0f,0f,0f,1f],start_interpolation:0}
execute if entity @s[tag=aj.calamity.bone.3] run data modify entity @s {} merge value {transformation:[0.8829958777532004f,-0.18344678618114504f,0.43204809513602177f,0.7589438413493044f,0.01986104330472073f,0.9342419371192073f,0.3560864247434871f,1.4398541427166753f,-0.46896035955046744f,-0.3058419192451558f,0.8285752238648801f,0.12508640740495736f,0f,0f,0f,1f],start_interpolation:0}
execute if entity @s[tag=aj.calamity.bone.2] run data modify entity @s {} merge value {transformation:[0.7211814243384819f,-0.28446304477867235f,0.6316471557320321f,0.6789386100053028f,0.10102627656937668f,0.9452409033404356f,0.3103438836108826f,1.7057031467811727f,-0.6853400941369524f,-0.160001283767988f,0.7104284232496257f,0.08008604634521076f,0f,0f,0f,1f],start_interpolation:0}
execute if entity @s[tag=aj.calamity.bone.1] run data modify entity @s {} merge value {transformation:[0.6076913473575712f,-0.688734300160081f,0.3954191322252168f,0.48523208808527996f,0.3166899058656181f,0.6667550381387426f,0.6746445157558386f,1.893228001257694f,-0.7282985170035471f,-0.2847503870051935f,0.6232964681680997f,5.942379235172247e-17f,0f,0f,0f,1f],start_interpolation:0}
execute if entity @s[tag=aj.calamity.bone.sword] run data modify entity @s {} merge value {transformation:[-2.136294546628639f,-2.936362064280346f,4.446998689403826e-16f,-4.382459307730881e-18f,-2.936362064280346f,2.136294546628639f,0f,2.246249406974521f,-2.6162062785647094e-16f,-3.5960064031586405e-16f,-3.6312499999999996f,-5.366964763606149e-34f,0f,0f,0f,1f],start_interpolation:0}