execute if entity @s[tag=aj.calamity.bone.9] run data modify entity @s {} merge value {transformation:[-0.9676631904574078f,0.20305950942300827f,0.14964887392385776f,-0.5065603198577141f,0.03225854570241238f,0.6880142176571955f,-0.7249798773281392f,3.109276639877187f,-0.2501746111478081f,-0.6967088860739794f,-0.67231643740325f,2.0266738538214257f,0f,0f,0f,1f],start_interpolation:0}
execute if entity @s[tag=aj.calamity.bone.8] run data modify entity @s {} merge value {transformation:[-0.8859403971665335f,0.11792185799028702f,0.448557742187697f,-0.4733947972979459f,-0.41169252595329836f,0.24543446427076387f,-0.8776509487389148f,3.1783050829533397f,-0.21358575969057186f,-0.9622143000164995f,-0.16889275917326807f,1.7560510819417852f,0f,0f,0f,1f],start_interpolation:0}
execute if entity @s[tag=aj.calamity.bone.7] run data modify entity @s {} merge value {transformation:[-0.9955456524251007f,0.032814179199762296f,0.08838599199492819f,-0.4641658093980128f,-0.06769490204615047f,0.4037204944287201f,-0.9123744640306376f,3.2918514720114174f,-0.06562205554875405f,-0.9142937121197303f,-0.3997008303767711f,1.498905975408111f,0f,0f,0f,1f],start_interpolation:0}
execute if entity @s[tag=aj.calamity.bone.6] run data modify entity @s {} merge value {transformation:[-0.9859542951121218f,0.007167028402172083f,-0.16686150440962233f,-0.4621500826599019f,0.13277869446879959f,0.639675524203475f,-0.7570898506981665f,3.4717602131936447f,0.10131113583965515f,-0.768611642794261f,-0.6316424592409748f,1.2827339508722253f,0f,0f,0f,1f],start_interpolation:0}
execute if entity @s[tag=aj.calamity.bone.5] run data modify entity @s {} merge value {transformation:[-0.8806233195902118f,-0.012445820440278976f,-0.4736535342921925f,-0.46565046965873036f,0.36701436430169837f,0.6143269221567863f,-0.6985004574870308f,3.644539660050241f,0.2996715291617421f,-0.7889534423950115f,-0.5364228186262443f,1.0608407951986283f,0f,0f,0f,1f],start_interpolation:0}
execute if entity @s[tag=aj.calamity.bone.4] run data modify entity @s {} merge value {transformation:[-0.8699648310970683f,0.029632272539467153f,-0.4922226336510717f,-0.4573163930070052f,0.27124982823104343f,0.8623625922202709f,-0.42749770785790797f,3.8870791391121924f,0.4118066577155832f,-0.5054232760402733f,-0.7582628757217633f,0.9186904988123015f,0f,0f,0f,1f],start_interpolation:0}
execute if entity @s[tag=aj.calamity.bone.3] run data modify entity @s {} merge value {transformation:[-0.853364780190075f,0.32753839093534604f,-0.40557015964519727f,-0.3805495826315335f,0.40687411101765736f,0.9048418354310215f,-0.125358328951101f,4.099151444291338f,0.3259171822944247f,-0.27199238099128f,-0.9054270456353495f,0.8549422845174702f,0f,0f,0f,1f],start_interpolation:0}
execute if entity @s[tag=aj.calamity.bone.2] run data modify entity @s {} merge value {transformation:[-0.853364780190075f,0.32753839093534604f,-0.40557015964519727f,-0.28842941018096746f,0.40687411101765736f,0.9048418354310215f,-0.125358328951101f,4.353638210506313f,0.3259171822944247f,-0.27199238099128f,-0.9054270456353495f,0.7784444273636728f,0f,0f,0f,1f],start_interpolation:0}
execute if entity @s[tag=aj.calamity.bone.1] run data modify entity @s {} merge value {transformation:[-0.5437343066021924f,0.7347556392632884f,-0.40557015964519727f,-0.08177938663816753f,0.8293253085479236f,0.5445225633199049f,-0.125358328951101f,4.506785181440036f,0.12873436381062184f,-0.40451122185461963f,-0.9054270456353495f,0.664675646217061f,0f,0f,0f,1f],start_interpolation:0}
execute if entity @s[tag=aj.calamity.bone.sword] run data modify entity @s {} merge value {transformation:[0.9900505982112772f,3.2725042614865765f,1.2233119937422743f,0.45899999999999985f,2.593768570498928f,-1.5403127915386974f,2.02133066800418f,4.25224940697451f,2.3405428810798248f,0.32269013817356446f,-2.7574819417454175f,0.718f,0f,0f,0f,1f],start_interpolation:0}