execute if entity @s[tag=aj.calamity.bone.9] run data modify entity @s {} merge value {transformation:[-0.674663702442315f,-0.7112785812402134f,-0.1972604077754499f,2.0905819382434365f,0.25691988666066656f,-0.4768234948610301f,0.8406137796793387f,4.900968848250628f,-0.6919689736144949f,0.5164514833141856f,0.5044371169308219f,-0.11304275173734651f,0f,0f,0f,1f],start_interpolation:0}
execute if entity @s[tag=aj.calamity.bone.8] run data modify entity @s {} merge value {transformation:[-0.6736740009994425f,-0.7330527822717394f,-0.09379210404434385f,1.8844108432295097f,0.5885779898718418f,-0.6089392362968553f,0.531760243283216f,4.729704688042137f,-0.44692201804769627f,0.3030290826007705f,0.8416852647411086f,-0.027815822255879804f,0f,0f,0f,1f],start_interpolation:0}
execute if entity @s[tag=aj.calamity.bone.7] run data modify entity @s {} merge value {transformation:[-0.5383331981075796f,-0.7056292354015317f,-0.4607436922649244f,1.685952620772829f,0.3838362830534039f,-0.69202727822033f,0.6113656467374573f,4.535072016042669f,-0.7502446771733956f,0.15226827754201427f,0.6433873607923732f,0.015009630802811712f,0f,0f,0f,1f],start_interpolation:0}
execute if entity @s[tag=aj.calamity.bone.6] run data modify entity @s {} merge value {transformation:[-0.35753582018926167f,-0.5623362597899305f,-0.7456179103314671f,1.5277955477069112f,0.2642730047685809f,-0.826680093426621f,0.4967492346070995f,4.3025682397664315f,-0.8957275904158459f,-0.01944104054892968f,0.44417803830243263f,0.009541838148425241f,0f,0f,0f,1f],start_interpolation:0}
execute if entity @s[tag=aj.calamity.bone.5] run data modify entity @s {} merge value {transformation:[-0.2505315005505724f,-0.8179537154782308f,-0.5178664756162885f,1.2977460652286585f,-0.06055938923387716f,-0.5206373636789233f,0.851627439621975f,4.156138981231734f,-0.9662124650445668f,0.2447211778265584f,0.08090128253423245f,0.07836966941214482f,0f,0f,0f,1f],start_interpolation:0}
execute if entity @s[tag=aj.calamity.bone.4] run data modify entity @s {} merge value {transformation:[-0.04278806423536176f,-0.9255848446184015f,-0.3761141807639271f,1.0374253276797332f,-0.17392929368395438f,-0.3638094859740941f,0.9150908472462538f,4.0538175633015205f,-0.9838281264314368f,0.10457223975795331f,-0.14541961461375777f,0.10778061184406917f,0f,0f,0f,1f],start_interpolation:0}
execute if entity @s[tag=aj.calamity.bone.3] run data modify entity @s {} merge value {transformation:[0.17418336662083075f,-0.9628006034686053f,-0.20657965232113956f,0.8117689362417788f,-0.18578826437474744f,-0.23815115490837357f,0.9532925827029324f,3.9980008863698706f,-0.9670278566893781f,-0.12766763636998013f,-0.2203590229839711f,0.07785850956985507f,0f,0f,0f,1f],start_interpolation:0}
execute if entity @s[tag=aj.calamity.bone.2] run data modify entity @s {} merge value {transformation:[0.2631654810724836f,-0.9599415359558687f,0.0962090282591818f,0.5417853792541909f,-0.26518669701438746f,0.023905584973241818f,0.9639006892484759f,4.004724332143595f,-0.9275882412463452f,-0.2791787430191899f,-0.2482726004772523f,-0.0006605119042920465f,0f,0f,0f,1f],start_interpolation:0}
execute if entity @s[tag=aj.calamity.bone.1] run data modify entity @s {} merge value {transformation:[0.1784996394046102f,-0.9792250515657002f,0.0962090282591818f,0.2663783335013376f,-0.2620940725560348f,0.04692716055021233f,0.9639006892484759f,4.017922596048342f,-0.9483905186490511f,-0.19727174148581572f,-0.2482726004772523f,-0.05614318919717774f,0f,0f,0f,1f],start_interpolation:0}
execute if entity @s[tag=aj.calamity.bone.sword] run data modify entity @s {} merge value {transformation:[-3.148533652621169f,-1.7981308298303698f,0.19858982759835028f,-0.030761718749999997f,-1.796828181691075f,3.154622328432315f,0.0757826691072805f,4.539222063224511f,-0.210049723381732f,-0.03255835176761732f,-3.6250235350873834f,-0.06152343750000001f,0f,0f,0f,1f],start_interpolation:0}