execute if entity @s[tag=aj.calamity.bone.9] run data modify entity @s {} merge value {transformation:[0.9878367978035384f,0.11845558399261336f,-0.10073100578381716f,-0.5721182332004123f,-0.13824050274794858f,0.9656209662922003f,-0.22014929674407863f,1.8301348701738538f,0.0711900576291718f,0.23139668121623289f,0.9702512827184863f,0.11692121265382122f,0f,0f,0f,1f],start_interpolation:0}
execute if entity @s[tag=aj.calamity.bone.8] run data modify entity @s {} merge value {transformation:[0.9547119725069528f,0.12413895465471649f,0.27039705895056765f,-0.5372041522037733f,-0.09112342847599152f,0.9871256291911573f,-0.13145156133246605f,2.107763953383867f,-0.28323412635956025f,0.10085887234743679f,0.9537326237128201f,0.14528777050153782f,0f,0f,0f,1f],start_interpolation:0}
execute if entity @s[tag=aj.calamity.bone.7] run data modify entity @s {} merge value {transformation:[0.7319738215689856f,0.2210354534129482f,0.6444824690185347f,-0.4750379309313816f,-0.0899046785512165f,0.9689775515837266f,-0.2302165356819733f,2.3802888897667898f,-0.6753750612158378f,0.11057048820250097f,0.7291383228348126f,0.17638572030849123f,0f,0f,0f,1f],start_interpolation:0}
execute if entity @s[tag=aj.calamity.bone.6] run data modify entity @s {} merge value {transformation:[0.530886203937301f,0.24651565736738018f,0.8107958245710015f,-0.40570540229680596f,-0.05760329015676619f,0.9650397963288847f,-0.2556952335586652f,2.6517063324842884f,-0.8454831159947296f,0.08904056476816341f,0.5265264270609868f,0.20142837914953718f,0f,0f,0f,1f],start_interpolation:0}
execute if entity @s[tag=aj.calamity.bone.5] run data modify entity @s {} merge value {transformation:[0.23702389522204437f,0.2632376682245615f,0.9351607365161694f,-0.331669808108648f,0.07860340857971593f,0.9542387580400346f,-0.2885305821119539f,2.920085983183048f,-0.9683187374276195f,0.14189546392294772f,0.2054860094134679f,0.24133647837786623f,0f,0f,0f,1f],start_interpolation:0}
execute if entity @s[tag=aj.calamity.bone.4] run data modify entity @s {} merge value {transformation:[0.02207176649418064f,0.2164025924534118f,0.976054688582186f,-0.2708065789811259f,-0.0305261341890165f,0.9759831955817606f,-0.21569644659448878f,3.194581256940418f,-0.9992902442510384f,-0.025034374796620483f,0.0281476077712087f,0.23429556046631672f,0f,0f,0f,1f],start_interpolation:0}
execute if entity @s[tag=aj.calamity.bone.3] run data modify entity @s {} merge value {transformation:[-0.04842892042039182f,0.035728948368528884f,0.9981873981950452f,-0.26243260670725194f,-0.24504755659166114f,0.9683928231041978f,-0.046551424991495255f,3.421548324855465f,-0.9683007459851363f,-0.2468578182046523f,-0.038142927468494195f,0.1764382593246013f,0f,0f,0f,1f],start_interpolation:0}
execute if entity @s[tag=aj.calamity.bone.2] run data modify entity @s {} merge value {transformation:[-0.1286532686383026f,0.09781348556930297f,0.9868540208711033f,-0.2349225638908855f,-0.3388449453346832f,0.9308962641513913f,-0.1364413735276766f,3.6833628991480434f,-0.9320045276122941f,-0.3519441254372164f,-0.08661924197553597f,0.07745397404538422f,0f,0f,0f,1f],start_interpolation:0}
execute if entity @s[tag=aj.calamity.bone.1] run data modify entity @s {} merge value {transformation:[-0.1049706913153034f,0.35390746637935644f,0.929371109517469f,-0.13538608897169147f,-0.2683710523295391f,0.8897809428697914f,-0.36914340299845644f,3.933613789330172f,-0.957579308588235f,-0.28816554087310614f,0.0015775984872843803f,-0.003592584325176905f,0f,0f,0f,1f],start_interpolation:0}
execute if entity @s[tag=aj.calamity.bone.sword] run data modify entity @s {} merge value {transformation:[-3.5403348642617103f,0.8073695505579471f,0.012649910073646495f,-0.0019687499999999675f,0.8073566071723566f,3.540356848503878f,-0.005025595171454f,4.51865565697451f,-0.013450659766486907f,-0.0020872430488314644f,-3.6312244884705622f,-0.003937499999999927f,0f,0f,0f,1f],start_interpolation:0}