execute if entity @s[tag=aj.calamity.bone.9] run data modify entity @s {} merge value {transformation:[-0.7291308056199409f,-0.03617677068133236f,0.6834175221334945f,-1.4146731618318966f,-0.010905634507869768f,0.9990892641803089f,0.04125177978741595f,2.985568322963566f,-0.6842874654938493f,0.022624841716993055f,-0.7288612907167488f,1.1571153784484551f,0f,0f,0f,1f],start_interpolation:0}
execute if entity @s[tag=aj.calamity.bone.8] run data modify entity @s {} merge value {transformation:[-0.8777813224866013f,-0.05155268394492668f,0.47627961395775387f,-1.4291723541914072f,-0.02100444859115152f,0.9973784999440016f,0.06924551240935689f,3.2660810260728166f,-0.4786008389389368f,0.050778426792558506f,-0.876563054400206f,1.1713968109838622f,0f,0f,0f,1f],start_interpolation:0}
execute if entity @s[tag=aj.calamity.bone.7] run data modify entity @s {} merge value {transformation:[-0.9934237272928699f,-0.04659941702787528f,0.1045839011712762f,-1.4422784402304971f,-0.041936049306796244f,0.9980443642583724f,0.04635530973511761f,3.5467810035204836f,-0.10653950356594968f,0.041664628940660225f,-0.9934351477953445f,1.1831149878734228f,0f,0f,0f,1f],start_interpolation:0}
execute if entity @s[tag=aj.calamity.bone.6] run data modify entity @s {} merge value {transformation:[-0.9868266872738328f,-0.04496321183198689f,-0.15540720339129757f,-1.4549243435582435f,-0.04847600041551985f,0.9986457728392489f,0.018886444186585014f,3.8276501271315224f,0.15434755154477464f,0.02617116680720112f,-0.9876699364464238f,1.190475628537948f,0f,0f,0f,1f],start_interpolation:0}
execute if entity @s[tag=aj.calamity.bone.5] run data modify entity @s {} merge value {transformation:[-0.9894042627230094f,-0.06480370147330605f,-0.12992184258582515f,-1.4731503845976108f,-0.04977530461129201f,0.9920296646213019f,-0.1157564838883758f,4.106658470306264f,0.1363877705528999f,-0.1080630593066167f,-0.9847440029047672f,1.160082893107962f,0f,0f,0f,1f],start_interpolation:0}
execute if entity @s[tag=aj.calamity.bone.4] run data modify entity @s {} merge value {transformation:[-0.9894042627230094f,-0.03624444779481295f,-0.14058998865348263f,-1.483344135539902f,-0.04977530461129201f,0.9943315270581828f,0.09395335730560528f,4.386314212291378f,0.1363877705528999f,0.0999557617258291f,-0.985599929860701f,1.1881954510933515f,0f,0f,0f,1f],start_interpolation:0}
execute if entity @s[tag=aj.calamity.bone.3] run data modify entity @s {} merge value {transformation:[-0.9890871645212767f,0.006048242257697567f,-0.14720733590705493f,-1.481926578760754f,-0.05753035602194628f,0.9039792605106725f,0.423688275389543f,4.5981843514735665f,0.13563494798630804f,0.42753352538972833f,-0.8937663260341496f,1.288398621106569f,0f,0f,0f,1f],start_interpolation:0}
execute if entity @s[tag=aj.calamity.bone.2] run data modify entity @s {} merge value {transformation:[-0.7303673100497728f,0.6670034427690803f,-0.14720733590705493f,-1.2943318604819503f,0.5627878026385893f,0.7097592088156816f,0.423688275389543f,4.7978041289529765f,0.38708330061097546f,0.22660157288847577f,-0.8937663260341496f,1.3521303134814529f,0f,0f,0f,1f],start_interpolation:0}
execute if entity @s[tag=aj.calamity.bone.1] run data modify entity @s {} merge value {transformation:[0.33673135979181185f,0.9300225758485137f,-0.14720733590705493f,-1.0327630110245558f,0.8711015740431548f,-0.24833504182247856f,0.423688275389543f,4.727959898440404f,0.35748292131554327f,-0.2709016711191039f,-0.8937663260341496f,1.2759392184792049f,0f,0f,0f,1f],start_interpolation:0}
execute if entity @s[tag=aj.calamity.bone.sword] run data modify entity @s {} merge value {transformation:[2.5732462493627204f,0.07374769164767063f,2.561043064967343f,-1.0205762487567225f,0.03825701197951309f,-3.6304467178621396f,0.06610289175525715f,4.128030733362344f,2.56181902242822f,-0.01986124972522985f,-2.5734539804675483f,1.2726571587518332f,0f,0f,0f,1f],start_interpolation:0}