execute if entity @s[tag=aj.calamity.bone.9] run data modify entity @s {} merge value {transformation:[0.9388962267839218f,-0.16382268900444416f,-0.30271438997554606f,1.3922855658426623f,0.059342233638046034f,0.9433452118311012f,-0.3264633373323607f,5.244138016087756f,0.339046272118956f,0.28855144754911277f,0.8954248642290151f,0.1489011123793743f,0f,0f,0f,1f],start_interpolation:0}
execute if entity @s[tag=aj.calamity.bone.8] run data modify entity @s {} merge value {transformation:[0.9236427354834004f,-0.3805220198958811f,-0.04568467536384016f,1.2852637477469457f,0.3747988435120543f,0.9217254226780061f,-0.09974002251392433f,5.503373291215945f,0.08006200154110188f,0.0750015837393462f,0.993964203754754f,0.16999530780606542f,0f,0f,0f,1f],start_interpolation:0}
execute if entity @s[tag=aj.calamity.bone.7] run data modify entity @s {} merge value {transformation:[0.7532761594160924f,-0.5834842384119737f,-0.30351469681078075f,1.1211588056935782f,0.46501804889769066f,0.7988362307599334f,-0.3816004332081502f,5.728045981117177f,0.4651163745287046f,0.14631069663582924f,0.873074990018161f,0.2111451912348924f,0f,0f,0f,1f],start_interpolation:0}
execute if entity @s[tag=aj.calamity.bone.6] run data modify entity @s {} merge value {transformation:[0.46370968716484323f,-0.8653810624535444f,-0.18997089981430682f,0.877770381878519f,0.8534795964400868f,0.49385495141156965f,-0.16637267031199324f,5.86694268620168f,0.23779382769523244f,-0.08498766800572044f,0.9675904049736125f,0.18724240960828353f,0f,0f,0f,1f],start_interpolation:0}
execute if entity @s[tag=aj.calamity.bone.5] run data modify entity @s {} merge value {transformation:[0.041501115999993655f,-0.9889505884174594f,-0.1423179224114637f,0.5996280288861084f,0.984683250323612f,0.016341725849446338f,0.17358526587354334f,5.871538796596837f,-0.1693415303547309f,-0.1473420566743311f,0.9744812796724706f,0.1458024561686279f,0f,0f,0f,1f],start_interpolation:0}
execute if entity @s[tag=aj.calamity.bone.4] run data modify entity @s {} merge value {transformation:[-0.21877062285963894f,-0.953348213822331f,-0.20800624455861003f,0.33149884374857796f,0.9453314946746703f,-0.2599066990460556f,0.1969692183239233f,5.798440037490134f,-0.24184246887128785f,-0.15354377549335463f,0.9580900423537895f,0.10261826931112192f,0f,0f,0f,1f],start_interpolation:0}
execute if entity @s[tag=aj.calamity.bone.3] run data modify entity @s {} merge value {transformation:[-0.5970530621826026f,-0.7196334009791501f,-0.35447906727133954f,0.16283476539408964f,0.7416875859117719f,-0.663565211880739f,0.0978812264228342f,5.642916940955586f,-0.3056585772438674f,-0.20447243769479442f,0.9299268016249466f,0.054695041726404464f,0f,0f,0f,1f],start_interpolation:0}
execute if entity @s[tag=aj.calamity.bone.2] run data modify entity @s {} merge value {transformation:[-0.7484436991715778f,-0.4442705420604068f,-0.4923979230538213f,0.03788367543960027f,0.36528441087327596f,-0.8958420018308203f,0.25305020633999237f,5.390961377940668f,-0.5535334934250393f,0.009528547271295207f,0.832772404948417f,0.05737494564645624f,0f,0f,0f,1f],start_interpolation:0}
execute if entity @s[tag=aj.calamity.bone.1] run data modify entity @s {} merge value {transformation:[-0.8137077989006538f,-0.10646253116849964f,-0.571441464601099f,0.007941088548459737f,0.20318154132330038f,-0.9731648412812874f,-0.10801598474047674f,5.1172587663303055f,-0.5446070870579455f,-0.20399980674295543f,0.8135030421424961f,9.725028672616918e-19f,0f,0f,0f,1f],start_interpolation:0}
execute if entity @s[tag=aj.calamity.bone.sword] run data modify entity @s {} merge value {transformation:[3.630932010242206f,-0.048055171402205644f,4.446998689403826e-16f,-4.382459307730881e-18f,-0.048055171402205644f,-3.630932010242206f,0f,4.517249406974511f,4.446609264264782e-16f,-5.885061184018857e-18f,-3.6312499999999996f,-5.366964763606149e-34f,0f,0f,0f,1f],start_interpolation:0}