execute if entity @s[tag=aj.calamity.bone.9] run data modify entity @s {} merge value {transformation:[0.4799725144235032f,0.8625916802250801f,-0.15988113898910494f,-1.2634286984117147f,0.24211206241200328f,-0.30541203464052236f,-0.9209262936475117f,2.649525128745047f,-0.8432129829601689f,0.40331015645928103f,-0.3554332329203386f,-0.48746858453855885f,0f,0f,0f,1f],start_interpolation:0}
execute if entity @s[tag=aj.calamity.bone.8] run data modify entity @s {} merge value {transformation:[0.36814872499662643f,0.9276500441431328f,-0.06270495901124992f,-1.0025271234964586f,-0.14770234781981278f,-0.008234378555591726f,-0.988997579096288f,2.647209209776287f,-0.9179599842759341f,0.3733598674349551f,0.1339846135087131f,-0.3824611218224777f,0f,0f,0f,1f],start_interpolation:0}
execute if entity @s[tag=aj.calamity.bone.7] run data modify entity @s {} merge value {transformation:[0.30211220438213016f,0.9244455574172573f,0.23265559811632908f,-0.7425268104728551f,0.2368111502350511f,0.163628347484292f,-0.9576775255919459f,2.693229682506244f,-0.9233897850245703f,0.344421508142358f,-0.16948489502377886f,-0.28559257265743954f,0f,0f,0f,1f],start_interpolation:0}
execute if entity @s[tag=aj.calamity.bone.6] run data modify entity @s {} merge value {transformation:[0.1717279709816154f,0.8327301391652984f,0.5263744098151814f,-0.508321458832615f,0.45720036647142903f,0.4059180294379318f,-0.7913269730494579f,2.8073941282856625f,-0.872626683571462f,0.37655154853348966f,-0.3110170452179468f,-0.17968744963239558f,0f,0f,0f,1f],start_interpolation:0}
execute if entity @s[tag=aj.calamity.bone.5] run data modify entity @s {} merge value {transformation:[0.005484851309562694f,0.8560774428893559f,0.516818467338517f,-0.26754967801998353f,0.6739457575896799f,0.37865196146580604f,-0.6343656736496468f,2.9138899924479205f,-0.7387604701342543f,0.35178701490265274f,-0.5748729110967887f,-0.08074735169102445f,0f,0f,0f,1f],start_interpolation:0}
execute if entity @s[tag=aj.calamity.bone.4] run data modify entity @s {} merge value {transformation:[-0.32253933732983414f,0.5683583585442653f,0.756926120666806f,-0.10769888967940897f,0.47768266072100324f,0.7881023323487056f,-0.3882189966926313f,3.1355437734209937f,-0.8171827528290929f,0.2363545853572526f,-0.5256889369762948f,-0.014272624559297196f,0f,0f,0f,1f],start_interpolation:0}
execute if entity @s[tag=aj.calamity.bone.3] run data modify entity @s {} merge value {transformation:[-0.4336139280782643f,0.23396884220910752f,0.8701939681771346f,-0.05286244228664937f,0.2934244157584379f,0.9497316149288084f,-0.10914198019798317f,3.3581371206699333f,-0.8519865454415094f,0.20801067395700476f,-0.48046902700027966f,0.03447987714937581f,0f,0f,0f,1f],start_interpolation:0}
execute if entity @s[tag=aj.calamity.bone.2] run data modify entity @s {} merge value {transformation:[-0.4824216462912831f,0.05898185448828829f,0.8739510833168701f,-0.036273795711818296f,-0.05896324405120064f,0.9932807050889672f,-0.09958301435949125f,3.637497318976205f,-0.8739523391127041f,-0.09957199274437804f,-0.47570235149760065f,0.006475254190019497f,0f,0f,0f,1f],start_interpolation:0}
execute if entity @s[tag=aj.calamity.bone.1] run data modify entity @s {} merge value {transformation:[-0.4754452789435065f,0.10080322762491643f,0.8739510833168701f,-0.007922887942310535f,0.02783124650285082f,0.9946399574565536f,-0.09958301435949125f,3.917239807010861f,-0.8793049575934557f,-0.023023126008958207f,-0.47570235149760065f,-9.702739358553757e-19f,0f,0f,0f,1f],start_interpolation:0}
execute if entity @s[tag=aj.calamity.bone.sword] run data modify entity @s {} merge value {transformation:[-3.6309334662707653f,0.047945031181153196f,4.446998689403826e-16f,-4.382459307730881e-18f,0.047945031181153196f,3.6309334662707653f,0f,4.517249406974511f,-4.446611047385497e-16f,5.871572897101931e-18f,-3.6312499999999996f,-5.366964763606149e-34f,0f,0f,0f,1f],start_interpolation:0}