execute if entity @s[tag=aj.calamity.bone.9] run data modify entity @s {} merge value {transformation:[-0.6644130792230281f,-0.7216176592390502f,0.19448191183688013f,2.2258013535882104f,0.3465086187168008f,-0.06687181319577262f,0.9356601614661623f,4.588738908422258f,-0.6621835374821312f,0.6890545076220485f,0.29447724566320443f,-0.3175273278577284f,0f,0f,0f,1f],start_interpolation:0}
execute if entity @s[tag=aj.calamity.bone.8] run data modify entity @s {} merge value {transformation:[-0.5063976214607141f,-0.8257451338166577f,0.24840777555672688f,1.9935605347022753f,0.6955404625637481f,-0.2208731688950889f,0.6836947478216058f,4.526618329670514f,-0.5096909984643038f,0.5189990532172015f,0.6861887997075657f,-0.17155884414039052f,0f,0f,0f,1f],start_interpolation:0}
execute if entity @s[tag=aj.calamity.bone.7] run data modify entity @s {} merge value {transformation:[-0.5065950921781139f,-0.8563357673384692f,-0.10025201323606026f,1.752716100138331f,0.39960934945265636f,-0.33623995619993174f,0.8527925068178619f,4.432050841989283f,-0.7639854582458185f,0.3919588568096185f,0.5125372905042364f,-0.0613204156626853f,0f,0f,0f,1f],start_interpolation:0}
execute if entity @s[tag=aj.calamity.bone.6] run data modify entity @s {} merge value {transformation:[-0.40690666037005924f,-0.8012097033119318f,-0.4387368015852913f,1.5273758710818501f,0.19531867054014057f,-0.5455017998090032f,0.8150327621289654f,4.2786284607930005f,-0.8923438724420747f,0.24594877052740963f,0.37845952966088503f,0.007852676048148627f,0f,0f,0f,1f],start_interpolation:0}
execute if entity @s[tag=aj.calamity.bone.5] run data modify entity @s {} merge value {transformation:[-0.2561334395956075f,-0.8240373898782043f,-0.505329636181809f,1.2956153551786052f,-0.05874274151705686f,-0.5085333097535676f,0.8590361827013707f,4.13560346742481f,-0.9648548862082752f,0.24971234041151918f,0.0818461703821142f,0.07808427178888842f,0f,0f,0f,1f],start_interpolation:0}
execute if entity @s[tag=aj.calamity.bone.4] run data modify entity @s {} merge value {transformation:[-0.050108386684353565f,-0.930124104967438f,-0.3638108010249468f,1.0340179506565133f,-0.17508124330270575f,-0.35044707755774984f,0.9200724993579645f,4.037040226861692f,-0.983278041973617f,0.10979979594586946f,-0.14528694704885006f,0.1089654643986642f,0f,0f,0f,1f],start_interpolation:0}
execute if entity @s[tag=aj.calamity.bone.3] run data modify entity @s {} merge value {transformation:[0.16675333509561263f,-0.9667002349203838f,-0.19412362308427342f,0.8074475830970482f,-0.18998800546330125f,-0.22469290373800013f,0.955728861544875f,3.9843778275480988f,-0.967521515530568f,-0.12248981514665018f,-0.22112974058405743f,0.08025691397366805f,0f,0f,0f,1f],start_interpolation:0}
execute if entity @s[tag=aj.calamity.bone.2] run data modify entity @s {} merge value {transformation:[0.25479403477611906f,-0.9608728240416718f,0.1086435265475498f,0.5372021013353281f,-0.2705699466533242f,0.03702277430378009f,0.9619881590492001f,3.994790482821037f,-0.9283705638431905f,-0.2745045176331962f,-0.25055012669811827f,0.0030525183893316404f,0f,0f,0f,1f],start_interpolation:0}
execute if entity @s[tag=aj.calamity.bone.1] run data modify entity @s {} merge value {transformation:[0.1700788818839819f,-0.9794231761993415f,0.1086435265475498f,0.2617393330292632f,-0.26631359892598305f,0.060463616135837756f,0.9619881590492001f,4.011795874859241f,-0.9487624786869395f,-0.19254711903160665f,-0.25055012669811827f,-0.05110135883830775f,0f,0f,0f,1f],start_interpolation:0}
execute if entity @s[tag=aj.calamity.bone.sword] run data modify entity @s {} merge value {transformation:[-3.1747008520179105f,-1.753345681226862f,0.181741533007354f,-0.02800000000000001f,-1.7523383543714885f,3.179760481904116f,0.06640882486179636f,4.53724940697451f,-0.19121023637707082f,-0.029643925921047885f,-3.6260910696865585f,-0.05600000000000003f,0f,0f,0f,1f],start_interpolation:0}