execute if entity @s[tag=aj.calamity.bone.9] run data modify entity @s {} merge value {transformation:[0.9809814163033799f,0.15817841335553937f,-0.11249466838806266f,-0.6195982520263512f,-0.18039549243454925f,0.9568987741977666f,-0.22760097154473719f,1.8448545751467527f,0.07164444972719575f,0.24356585451810703f,0.9672345875412808f,0.09205751818295871f,0f,0f,0f,1f],start_interpolation:0}
execute if entity @s[tag=aj.calamity.bone.8] run data modify entity @s {} merge value {transformation:[0.9438673515242288f,0.1495802104100393f,0.29451686433942487f,-0.5775288178485277f,-0.11392238479560018f,0.9843005375440391f,-0.13481150556610216f,2.1216891013310137f,-0.31005824125335213f,0.09369211516560091f,0.9460896757637056f,0.11840842557328396f,0f,0f,0f,1f],start_interpolation:0}
execute if entity @s[tag=aj.calamity.bone.7] run data modify entity @s {} merge value {transformation:[0.7320427514070615f,0.2505788494681286f,0.6335011052173539f,-0.5070535164356166f,-0.11699884399638558f,0.9623241801229303f,-0.24544539688949116f,2.392342776990588f,-0.6711368568450766f,0.10555762667831806f,0.7337798762804495f,0.1480965080765609f,0f,0f,0f,1f],start_interpolation:0}
execute if entity @s[tag=aj.calamity.bone.6] run data modify entity @s {} merge value {transformation:[0.5371220833519201f,0.2697676234582548f,0.799202913476533f,-0.4311813723379824f,-0.0670096194296394f,0.9581312276220378f,-0.2783779114071049f,2.661817184759286f,-0.8408386161919467f,0.09596864065501871f,0.5327104668872575f,0.1750876882607849f,0f,0f,0f,1f],start_interpolation:0}
execute if entity @s[tag=aj.calamity.bone.5] run data modify entity @s {} merge value {transformation:[0.25015543240324556f,0.28619525210040614f,0.9249402885129022f,-0.3506889576847432f,0.08312886829092428f,0.9454374076214348f,-0.3150201573339893f,2.927721455652815f,-0.9646304219211705f,0.15569324309438087f,0.21271521609640107f,0.21887641288107956f,0f,0f,0f,1f],start_interpolation:0}
execute if entity @s[tag=aj.calamity.bone.4] run data modify entity @s {} merge value {transformation:[0.033145776546280384f,0.2312365593055049f,0.9723327676971997f,-0.2856536753800699f,-0.022217623974876553f,0.9727973973211791f,-0.2305896809270775f,3.201320723649397f,-0.9992035501748656f,-0.013959849773260508f,0.03738165208030497f,0.21495020513235005f,0f,0f,0f,1f],start_interpolation:0}
execute if entity @s[tag=aj.calamity.bone.3] run data modify entity @s {} merge value {transformation:[-0.03847146373786112f,0.03967899875867403f,0.998471593754863f,-0.2763539100460057f,-0.23903872767186568f,0.9698351950248374f,-0.04775124254039369f,3.4286258474833433f,-0.9702476143494928f,-0.24051043958349305f,-0.027826162158532425f,0.15858057085496885f,0f,0f,0f,1f],start_interpolation:0}
execute if entity @s[tag=aj.calamity.bone.2] run data modify entity @s {} merge value {transformation:[-0.11674907731795489f,0.09452349542407046f,0.9886531048645033f,-0.2497691769579859f,-0.33586341869319775f,0.933053280188243f,-0.12886947006051616f,3.6910470825362864f,-0.934647215225683f,-0.3470978034254557f,-0.07718612523050933f,0.06095931364155946f,0f,0f,0f,1f],start_interpolation:0}
execute if entity @s[tag=aj.calamity.bone.1] run data modify entity @s {} merge value {transformation:[-0.09413429952013314f,0.36792486191329715f,0.9250783910782565f,-0.14629030954487104f,-0.2676021563561372f,0.8856561009738243f,-0.3794764244605832f,3.9401378609351747f,-0.9589201320065189f,-0.2832747196520091f,0.015086869744129181f,-0.01871170126056813f,0f,0f,0f,1f],start_interpolation:0}
execute if entity @s[tag=aj.calamity.bone.sword] run data modify entity @s {} merge value {transformation:[-3.5360942572501455f,0.8232187108079239f,0.06576412789870018f,-0.010253906250000003f,0.8228649809833823f,3.5366890419548445f,-0.0264651863348755f,4.524573625724511f,-0.07005133413258176f,-0.01086909344249381f,-3.6305579785886883f,-0.0205078125f,0f,0f,0f,1f],start_interpolation:0}