execute if entity @s[tag=aj.calamity.bone.9] run data modify entity @s {} merge value {transformation:[-0.7280216938605883f,-0.0342566606907119f,0.6846976664679685f,-1.4246507789831224f,-0.007804980885722811f,0.9991001937938029f,0.04168794831314181f,3.4760449888721836f,-0.6855096611585669f,0.02500567854522473f,-0.7276339880041058f,1.155008540128857f,0f,0f,0f,1f],start_interpolation:0}
execute if entity @s[tag=aj.calamity.bone.8] run data modify entity @s {} merge value {transformation:[-0.8795191122485769f,-0.051858201224229704f,0.4730294474504338f,-1.4392358980774371f,-0.0185139565977942f,0.9970206910057596f,0.07487973769647438f,3.7564570582175536f,-0.47550327506818546f,0.057100513764633605f,-0.877858853533553f,1.1710680596251601f,0f,0f,0f,1f],start_interpolation:0}
execute if entity @s[tag=aj.calamity.bone.7] run data modify entity @s {} merge value {transformation:[-0.9938132060832551f,-0.04623548801508549f,0.10098312266180343f,-1.45223962908168f,-0.04122557636014947f,0.9978398314827551f,0.05114804551730742f,4.037099510822078f,-0.10312983694496705f,0.04666851566606709f,-0.993572486725166f,1.1841935796562415f,0f,0f,0f,1f],start_interpolation:0}
execute if entity @s[tag=aj.calamity.bone.6] run data modify entity @s {} merge value {transformation:[-0.9862952671802643f,-0.04442885331488386f,-0.1588953206703579f,-1.464735244076491f,-0.048455217197100074f,0.998592769718186f,0.02155393683168083f,4.317953727305318f,0.15771410166561867f,0.028957853160874306f,-0.9870601323506688f,1.1923379758577375f,0f,0f,0f,1f],start_interpolation:0}
execute if entity @s[tag=aj.calamity.bone.5] run data modify entity @s {} merge value {transformation:[-0.9892868114845234f,-0.06474112188501019f,-0.13084415065204713f,-1.48294368460665f,-0.04989847404534226f,0.9922619233813553f,-0.1136944048556475f,4.597027393256325f,0.13719237191160297f,-0.10594745180797788f,-0.9848621175294867f,1.1625402550367436f,0f,0f,0f,1f],start_interpolation:0}
execute if entity @s[tag=aj.calamity.bone.4] run data modify entity @s {} merge value {transformation:[-0.9892868114845234f,-0.03614818790561265f,-0.14143872572222174f,-1.4931103624551034f,-0.04989847404534226f,0.9942343738364186f,0.0949112857886325f,4.876655810897818f,0.13719237191160297f,0.10095205987618922f,-0.9853866929769362f,1.1909330218769218f,0f,0f,0f,1f],start_interpolation:0}
execute if entity @s[tag=aj.calamity.bone.3] run data modify entity @s {} merge value {transformation:[-0.9889194327062905f,0.005286302193462211f,-0.1483590598008367f,-1.4918713853785108f,-0.05876085488615873f,0.9038067125798785f,0.42388747118616393f,5.088485509158727f,0.13632871138874808f,0.42790826272072907f,-0.8934813938445562f,1.2912240209520927f,0f,0f,0f,1f],start_interpolation:0}
execute if entity @s[tag=aj.calamity.bone.2] run data modify entity @s {} merge value {transformation:[-0.7314947431470158f,0.665511104432746f,-0.1483590598008367f,-1.3046963872568011f,0.5609669932658341f,0.7110804766253178f,0.42388747118616393f,5.288476893209598f,0.38759705005917044f,0.22684692115833976f,-0.8934813938445562f,1.3550247175278758f,0f,0f,0f,1f],start_interpolation:0}
execute if entity @s[tag=aj.calamity.bone.1] run data modify entity @s {} merge value {transformation:[0.33492116897987567f,0.9304930950545338f,-0.1483590598008367f,-1.0429952042727133f,0.8716254727489953f,-0.2461472060099203f,0.42388747118616393f,5.219247991519308f,0.3579061969626186f,-0.27128242300109384f,-0.8934813938445562f,1.278726536058818f,0f,0f,0f,1f],start_interpolation:0}
execute if entity @s[tag=aj.calamity.bone.sword] run data modify entity @s {} merge value {transformation:[2.57380931679618f,0.08166292031488807f,2.560236967688504f,-1.029500455166136f,0.04237662923027206f,-3.6302649663233177f,0.07319192633511663f,4.619348860775149f,2.561188471114194f,-0.022000096163638173f,-2.574064135506442f,1.2750910332271277f,0f,0f,0f,1f],start_interpolation:0}