execute if entity @s[tag=aj.calamity.bone.9] run data modify entity @s {} merge value {transformation:[-0.6223509318689694f,0.7721930000697079f,-0.12805189668712164f,-2.5207207766746214f,-0.7819529658219697f,-0.6206770235411324f,0.05752905083821691f,11.325978608377762f,-0.035055339736633634f,0.13593381879232483f,0.9900975305819546f,-0.1377081102400189f,0f,0f,0f,1f],start_interpolation:0}
execute if entity @s[tag=aj.calamity.bone.8] run data modify entity @s {} merge value {transformation:[-0.5431141284943065f,0.828090696519644f,-0.13889867446264798f,-2.2878202682784714f,-0.8234282544812096f,-0.5576458615474722f,-0.10486659535336279f,11.169140709817535f,-0.16429532297633492f,0.057418563519025245f,0.9847386228901116f,-0.12155913925029303f,0f,0f,0f,1f],start_interpolation:0}
execute if entity @s[tag=aj.calamity.bone.7] run data modify entity @s {} merge value {transformation:[-0.4600972127965556f,0.8807567424363996f,-0.11215219761405792f,-2.040107434468234f,-0.8790320186836423f,-0.43409244703507033f,0.19714577742387818f,11.047052209088921f,0.12495305080629934f,0.18929159537582857f,0.9739381022499695f,-0.06832087805084125f,0f,0f,0f,1f],start_interpolation:0}
execute if entity @s[tag=aj.calamity.bone.6] run data modify entity @s {} merge value {transformation:[-0.18475730964060866f,0.9688991673633488f,-0.16461816429839538f,-1.7676045436472925f,-0.9791823260922944f,-0.19580694326986722f,-0.053494048601640906f,10.991981506294271f,-0.08406371870698993f,0.1513077805333231f,0.9849057044952232f,-0.02576556477584415f,0f,0f,0f,1f],start_interpolation:0}
execute if entity @s[tag=aj.calamity.bone.5] run data modify entity @s {} merge value {transformation:[0.06055451469882577f,0.9941703002925419f,-0.08921078839370598f,-1.487994146690015f,-0.9899425583158962f,0.048367344037911764f,-0.13294484294509812f,11.005584821804934f,-0.1278549255389413f,0.09636396653809534f,0.9871003515187686f,0.001336800812995172f,0f,0f,0f,1f],start_interpolation:0}
execute if entity @s[tag=aj.calamity.bone.4] run data modify entity @s {} merge value {transformation:[0.1105169788805964f,0.993499267828313f,-0.027298391962013335f,-1.2085724776133022f,-0.980531114098053f,0.10450650670145455f,-0.16624417085326534f,11.034977276814718f,-0.162310602440927f,0.0451397262028108f,0.9857066873333055f,0.014032348807535705f,0f,0f,0f,1f],start_interpolation:0}
execute if entity @s[tag=aj.calamity.bone.3] run data modify entity @s {} merge value {transformation:[0.26976194334952613f,0.9607970042005465f,0.06401258188467394f,-0.983385679753799f,-0.949254802247016f,0.2765059808466219f,-0.14986581653941644f,11.099783366075645f,-0.16169048930368649f,-0.020336156846920583f,0.9866319609628669f,0.009266062046538692f,0f,0f,0f,1f],start_interpolation:0}
execute if entity @s[tag=aj.calamity.bone.2] run data modify entity @s {} merge value {transformation:[0.4115359236177537f,0.9076898603811643f,0.08208106318332334f,-0.7280979065215967f,-0.8351360389172955f,0.4116325935337257f,-0.36483750416072624f,11.215555033007005f,-0.3649465441316191f,0.08159488526813963f,0.927446114135192f,0.03221462352820295f,0f,0f,0f,1f],start_interpolation:0}
execute if entity @s[tag=aj.calamity.bone.1] run data modify entity @s {} merge value {transformation:[0.4841029003904626f,0.8309083740561585f,0.2742911878950772f,-0.49440492631830196f,-0.8089274131420883f,0.5444921118755457f,-0.22173132474361268f,11.368693439472002f,-0.33358780268587607f,-0.11454088365583288f,0.935734772182027f,-6.054714104983914e-17f,0f,0f,0f,1f],start_interpolation:0}
execute if entity @s[tag=aj.calamity.bone.sword] run data modify entity @s {} merge value {transformation:[-2.057834729452349f,2.9918711183404563f,4.446998689403826e-16f,-4.382459307730881e-18f,2.9918711183404563f,2.057834729452349f,0f,11.70874940697453f,-2.520120714598079e-16f,3.6639853885370515e-16f,-3.6312499999999996f,-5.366964763606149e-34f,0f,0f,0f,1f],start_interpolation:0}