execute if entity @s[tag=aj.calamity.bone.9] run data modify entity @s {} merge value {transformation:[-0.7285751740774213f,-0.035510790304379855f,0.6840447350064265f,-1.4208716445186158f,-0.009472900859413807f,0.9990821045993362f,0.04177573959450412f,3.0279321056192416f,-0.684900343018867f,0.023956878789159104f,-0.7282428084720914f,1.1562992657892741f,0f,0f,0f,1f],start_interpolation:0}
execute if entity @s[tag=aj.calamity.bone.8] run data modify entity @s {} merge value {transformation:[-0.8787026674132564f,-0.052046857963782334f,0.47452370526341947f,-1.4355098233209296f,-0.019952234578943285f,0.9971742218939786f,0.07242568277513207f,3.308387355526923f,-0.4769523357906254f,0.054172832363049934f,-0.8772580997731687f,1.171535374891382f,0f,0f,0f,1f],start_interpolation:0}
execute if entity @s[tag=aj.calamity.bone.7] run data modify entity @s {} merge value {transformation:[-0.9936189168673839f,-0.04674324058176642f,0.10264754017121294f,-1.4486563597345514f,-0.04188539374682243f,0.9979209989995055f,0.04898258411416975f,3.589052636495534f,-0.10472374054606384f,0.04437058953567295f,-0.9935110411818768f,1.1840146031982899f,0f,0f,0f,1f],start_interpolation:0}
execute if entity @s[tag=aj.calamity.bone.6] run data modify entity @s {} merge value {transformation:[-0.9865282776762518f,-0.04501688392106034f,-0.1572750377751183f,-1.4613173583373495f,-0.04880669318107399f,0.9986015990683276f,0.020316324443823905f,3.8699093362335013f,0.15614052659657485f,0.02771870307600964f,-0.9873458408551321f,1.1918104884384175f,0f,0f,0f,1f],start_interpolation:0}
execute if entity @s[tag=aj.calamity.bone.5] run data modify entity @s {} merge value {transformation:[-0.9893210139012211f,-0.06510632757178567f,-0.13040359490280243f,-1.4796285129669142f,-0.050181713618221345f,0.9921394841164747f,-0.11463437388250255f,4.14894856614126f,0.13684197847078122f,-0.10686631914317014f,-0.9848115874424874f,1.161754336179401f,0f,0f,0f,1f],start_interpolation:0}
execute if entity @s[tag=aj.calamity.bone.4] run data modify entity @s {} merge value {transformation:[-0.9893210139012211f,-0.036521914158863134f,-0.14110308727888093f,-1.4899003013240946f,-0.050181713618221345f,0.9942597580338548f,0.09449512777280356f,4.428584123088282f,0.13684197847078122f,0.10056681033339127f,-0.985474804136346f,1.1900387515856672f,0f,0f,0f,1f],start_interpolation:0}
execute if entity @s[tag=aj.calamity.bone.3] run data modify entity @s {} merge value {transformation:[-0.9889750522239824f,0.005365273714259877f,-0.14798499895780431f,-1.488642815297315f,-0.058515172009514727f,0.9038528322581376f,0.4238231143574391f,4.640424630648782f,0.136030587454687f,0.42780985432422325f,-0.8935739520710188f,1.2903066861929071f,0f,0f,0f,1f],start_interpolation:0}
execute if entity @s[tag=aj.calamity.bone.2] run data modify entity @s {} merge value {transformation:[-0.731129191853652f,0.6659959045691524f,-0.14798499895780431f,-1.301331467137241f,0.5615584449237492f,0.7106518702368838f,0.4238231143574391f,4.840295469152906f,0.38743027470016533f,0.22676722520226517f,-0.8935739520710188f,1.354084968281044f,0f,0f,0f,1f],start_interpolation:0}
execute if entity @s[tag=aj.calamity.bone.1] run data modify entity @s {} merge value {transformation:[0.3355089563269102f,0.9303408946767231f,-0.14798499895780431f,-1.0396730905094125f,0.8714558308297465f,-0.2468576566549974f,0.4238231143574391f,4.770866753218688f,0.3577687453331594f,-0.271158840982398f,-0.8935739520710188f,1.2778215442547447f,0f,0f,0f,1f],start_interpolation:0}
execute if entity @s[tag=aj.calamity.bone.sword] run data modify entity @s {} merge value {transformation:[2.5736272426173517f,0.0790932036719251f,2.560500662700697f,-1.02660298555269f,0.04103888307032208f,-3.630326004787631f,0.07089056029547416f,4.1709575359045346f,2.5613932124205645f,-0.02130555316290099f,-2.5738662450232876f,1.2743008142416425f,0f,0f,0f,1f],start_interpolation:0}