execute if entity @s[tag=aj.calamity.bone.9] run data modify entity @s {} merge value {transformation:[-0.7295461389357428f,-0.03573699906228526f,0.6829972899375013f,-1.4062834732767138f,-0.01158792778215572f,0.9991364459758056f,0.039900905410164035f,3.3606160609040483f,-0.6838334234984894f,0.0211950282108216f,-0.7293302541959147f,1.1569594639107021f,0f,0f,0f,1f],start_interpolation:0}
execute if entity @s[tag=aj.calamity.bone.8] run data modify entity @s {} merge value {transformation:[-0.8769433033252427f,-0.05010969077428242f,0.4779743315738997f,-1.4203768238069807f,-0.021164503202624384f,0.997611219947742f,0.06575650263330024f,3.641194216514351f,-0.48012759403849764f,0.047548635362993266f,-0.8759090253661737f,1.170332517606544f,0f,0f,0f,1f],start_interpolation:0}
execute if entity @s[tag=aj.calamity.bone.7] run data modify entity @s {} merge value {transformation:[-0.9932805634044707f,-0.04546182012445915f,0.10642812257043652f,-1.433162960716985f,-0.04100571424089448f,0.9982031979914987f,0.04369103934605006f,3.92193886594946f,-0.1082231664778415f,0.039033298996053255f,-0.9933600292980354f,1.181310632949184f,0f,0f,0f,1f],start_interpolation:0}
execute if entity @s[tag=aj.calamity.bone.6] run data modify entity @s {} merge value {transformation:[-0.9871495821964957f,-0.04390543317258952f,-0.15364900034562678f,-1.4455113637967758f,-0.0471489522909984f,0.998734064943627f,0.01752837183080941f,4.202832821714855f,0.152684899931671f,0.024547514316223845f,-0.98797001010848f,1.188214621350622f,0f,0f,0f,1f],start_interpolation:0}
execute if entity @s[tag=aj.calamity.bone.5] run data modify entity @s {} merge value {transformation:[-0.9895418417351457f,-0.06352169504062127f,-0.12950651610857844f,-1.4633768405269505f,-0.04838213882128318f,0.9919681040998397f,-0.116869367636034f,4.481823850992935f,0.1358900735833686f,-0.10938132705235704f,-0.9846672601410953f,1.1574511231171465f,0f,0f,0f,1f],start_interpolation:0}
execute if entity @s[tag=aj.calamity.bone.4] run data modify entity @s {} merge value {transformation:[-0.9895418417351457f,-0.035006602420759675f,-0.13993384595004185f,-1.473222447457789f,-0.04838213882128318f,0.9944565881218765f,0.09335557286029322f,4.761514766402213f,0.1358900735833686f,0.09914954426496514f,-0.9857500980337541f,1.1853369324416678f,0f,0f,0f,1f],start_interpolation:0}
execute if entity @s[tag=aj.calamity.bone.3] run data modify entity @s {} merge value {transformation:[-0.9892565340561024f,0.007508806794449097f,-0.14599701246200342f,-1.4714625708653402f,-0.05563443613624308f,0.9041975534021902f,0.4234756119746386f,4.973436067980852f,0.13518993802465148f,0.4270484776252178f,-0.8940655895485936f,1.2854264193850782f,0f,0f,0f,1f],start_interpolation:0}
execute if entity @s[tag=aj.calamity.bone.2] run data modify entity @s {} merge value {transformation:[-0.7291764059757279f,0.6685705956146213f,-0.14599701246200342f,-1.283427090848728f,0.5647004381474169f,0.708365598556861f,0.4234756119746386f,5.172663892574969f,0.3865426032463113f,0.22634384785253173f,-0.8940655895485936f,1.3490856265936026f,0f,0f,0f,1f],start_interpolation:0}
execute if entity @s[tag=aj.calamity.bone.1] run data modify entity @s {} merge value {transformation:[0.338634959488797f,0.9295220473792916f,-0.14599701246200342f,-1.021999015023302f,0.8705459799701142f,-0.2506353981794634f,0.4234756119746386f,5.102172686836995f,0.3570378985064384f,-0.2705007589919694f,-0.8940655895485936f,1.2730072881271113f,0f,0f,0f,1f],start_interpolation:0}
execute if entity @s[tag=aj.calamity.bone.sword] run data modify entity @s {} merge value {transformation:[2.5726466503174574f,0.0654197073982571f,2.5618715887011745f,-1.0111884472091575f,0.033925444236383176f,-3.630617940199484f,0.05864297941787835f,4.5022152273693266f,2.5624821637123087f,-0.017612401470783984f,-2.5728100447702524f,1.270096849238861f,0f,0f,0f,1f],start_interpolation:0}