execute if entity @s[tag=aj.calamity.bone.9] run data modify entity @s {} merge value {transformation:[0.9777105184447686f,0.16386359030116499f,-0.13126639286608632f,-0.6830215719975958f,-0.19150738593682276f,0.9522896909827481f,-0.23763262734655755f,1.859080194499891f,0.08606429720915948f,0.2574744030415357f,0.9624447353091496f,0.08377723257372634f,0f,0f,0f,1f],start_interpolation:0}
execute if entity @s[tag=aj.calamity.bone.8] run data modify entity @s {} merge value {transformation:[0.9472140305546778f,0.16418518241409324f,0.2753703073971719f,-0.6368444894436321f,-0.12578968006754698f,0.9803681129180017f,-0.15183978254101022f,2.134808726258079f,-0.2948941110108276f,0.10918602955162393f,0.9492712332320444f,0.11448580338512057f,0f,0f,0f,1f],start_interpolation:0}
execute if entity @s[tag=aj.calamity.bone.7] run data modify entity @s {} merge value {transformation:[0.7301768295328852f,0.26418808175721203f,0.6301162234625837f,-0.5625415914494163f,-0.11706635591337108f,0.9569586040351052f,-0.26556674956844156f,2.4039533336429524f,-0.673154711731611f,0.12014527714657844f,0.7296765354956293f,0.14827666258259575f,0f,0f,0f,1f],start_interpolation:0}
execute if entity @s[tag=aj.calamity.bone.6] run data modify entity @s {} merge value {transformation:[0.5329514891367151f,0.28905004658236594f,0.795243849896175f,-0.4812462658481259f,-0.0699596004522671f,0.9516774860327193f,-0.29902444194915456f,2.6716126265896545f,-0.8432486967268421f,0.1037305796242182f,0.5274197591286345f,0.1774508881019071f,0f,0f,0f,1f],start_interpolation:0}
execute if entity @s[tag=aj.calamity.bone.5] run data modify entity @s {} merge value {transformation:[0.24648892388542193f,0.30769543048742065f,0.9190031188515998f,-0.39470692602353885f,0.08141855455230489f,0.9383343842793628f,-0.3360053604537927f,2.935519172168225f,-0.9657195397093407f,0.15764550528394608f,0.20623691543307504f,0.22178868646301694f,0f,0f,0f,1f],start_interpolation:0}
execute if entity @s[tag=aj.calamity.bone.4] run data modify entity @s {} merge value {transformation:[0.025923684040173228f,0.25575988629723045f,0.9663926961473855f,-0.3227744580024428f,-0.01795937653521333f,0.9666807213571366f,-0.2553543493871078f,3.2073981250499197f,-0.9995025879907727f,-0.010736084839195408f,0.02965321368880438f,0.21876916260199322f,0f,0f,0f,1f],start_interpolation:0}
execute if entity @s[tag=aj.calamity.bone.3] run data modify entity @s {} merge value {transformation:[-0.05213795849021295f,0.06728103970790186f,0.9963708621694518f,-0.3070054643209033f,-0.23319781308348653f,0.969323532646536f,-0.07765738233239441f,3.4345833280139515f,-0.9710305933684854f,-0.236400403454529f,-0.03484875878684578f,0.16336281804233796f,0f,0f,0f,1f],start_interpolation:0}
execute if entity @s[tag=aj.calamity.bone.2] run data modify entity @s {} merge value {transformation:[-0.13298024229113614f,0.12322038286595258f,0.9834292005053332f,-0.27234973163985415f,-0.3281117981002217f,0.9308184189827315f,-0.16099602116179185f,3.6963760083528445f,-0.9352320049632769f,-0.3440840131840722f,-0.08335039750063049f,0.06658918933431769f,0f,0f,0f,1f],start_interpolation:0}
execute if entity @s[tag=aj.calamity.bone.1] run data modify entity @s {} merge value {transformation:[-0.10854190402821995f,0.39326321882897175f,0.9129965475215145f,-0.1617444513442058f,-0.2605762354567718f,0.8750536539073211f,-0.40789842889943045f,3.9424848485142787f,-0.9593324140177409f,-0.2821792754610495f,0.007495059384114422f,-0.012773731889102512f,0f,0f,0f,1f],start_interpolation:0}
execute if entity @s[tag=aj.calamity.bone.sword] run data modify entity @s {} merge value {transformation:[-3.5081496797425866f,0.9364296956905761f,0.0442923475426478f,-0.007000000000000037f,0.936256011725356f,3.5084214285879387f,-0.019501857170444885f,4.52224940697451f,-0.04782329484794785f,-0.007420711139868946f,-3.6309274886750442f,-0.014000000000000068f,0f,0f,0f,1f],start_interpolation:0}