execute if entity @s[tag=aj.calamity.bone.9] run data modify entity @s {} merge value {transformation:[0.9998344795767712f,0.014589212825258692f,-0.010870525221248845f,0.004580257993851547f,-0.015652252178903606f,0.9943321970236895f,-0.10515935033923879f,38.59018064595393f,0.009274721083380642f,0.10531209252114432f,0.9943959687758409f,-0.2068159531596613f,0f,0f,0f,1f],start_interpolation:0}
execute if entity @s[tag=aj.calamity.bone.8] run data modify entity @s {} merge value {transformation:[0.9962226436334377f,0.08078117625796437f,0.03185664568631666f,0.027299963816404024f,-0.07760570418853074f,0.9928460910971245f,-0.09074135810402387f,38.869418609075f,-0.03895893978801385f,0.08792633823570802f,0.9953648376625797f,-0.18208667053086844f,0f,0f,0f,1f],start_interpolation:0}
execute if entity @s[tag=aj.calamity.bone.7] run data modify entity @s {} merge value {transformation:[0.9826227022589606f,0.0020026635850637015f,-0.18560337912835057f,0.02786321294970319f,-0.03868834340221671f,0.9801892620079324f,-0.19424783841561033f,39.14509683901473f,0.18153742614152413f,0.19805302316023848f,0.9632337010959492f,-0.12638425776705137f,0f,0f,0f,1f],start_interpolation:0}
execute if entity @s[tag=aj.calamity.bone.6] run data modify entity @s {} merge value {transformation:[0.9937351644559306f,-0.08364616861056415f,0.07411977739117219f,0.004337728027982032f,0.09556537076326657f,0.9798312572436625f,-0.1754934962874216f,39.420674380114505f,-0.057945516087297616f,0.18147734240140537f,0.9816864526722876f,-0.07534375521665612f,0f,0f,0f,1f],start_interpolation:0}
execute if entity @s[tag=aj.calamity.bone.5] run data modify entity @s {} merge value {transformation:[0.9925693869299677f,-0.12031534405004625f,-0.018172234743867217f,-0.02950096248609349f,0.11685858932250402f,0.9841731999658145f,-0.13321855190101475f,39.69747309260489f,0.03391286232422127f,0.13010507467108262f,0.9909200711025135f,-0.03875170296541413f,0f,0f,0f,1f],start_interpolation:0}
execute if entity @s[tag=aj.calamity.bone.4] run data modify entity @s {} merge value {transformation:[0.99975123232885f,-0.00020495760312194385f,0.02230317128405123f,-0.029558606811971536f,0.001864990369236516f,0.9972241195315953f,-0.07443505380771415f,39.97794237622315f,-0.022226004316283708f,0.0744581319723747f,0.996976424653721f,-0.017810353348183754f,0f,0f,0f,1f],start_interpolation:0}
execute if entity @s[tag=aj.calamity.bone.3] run data modify entity @s {} merge value {transformation:[0.9979706488937299f,0.036753935643184896f,0.051997424564718675f,-0.020944403145600074f,-0.035306812970456014f,0.9989706012478855f,-0.028480990156727337f,40.21207611089062f,-0.05299068696003317f,0.02658732888379324f,0.9982410034847939f,-0.01157894814104471f,0f,0f,0f,1f],start_interpolation:0}
execute if entity @s[tag=aj.calamity.bone.2] run data modify entity @s {} merge value {transformation:[0.9636618660654804f,0.061775887884469374f,0.25988371931939275f,-0.0035699346780930672f,-0.03221502169284188f,0.9926671650387601f,-0.1165079045869463f,40.49126375105777f,-0.2651754141479281f,0.10390206509014499f,0.9585856042114745f,0.01764350766555856f,0f,0f,0f,1f],start_interpolation:0}
execute if entity @s[tag=aj.calamity.bone.1] run data modify entity @s {} merge value {transformation:[0.9724795160162667f,-0.01560659366831365f,0.23246510525848674f,-0.007959289147306283f,0.0005623738008846413f,0.9979083481104417f,0.06464218829214854f,40.77192547396383f,-0.23298771354832265f,-0.06273247169976374f,0.9704542041384348f,-9.747317977736905e-19f,0f,0f,0f,1f],start_interpolation:0}
execute if entity @s[tag=aj.calamity.bone.sword] run data modify entity @s {} merge value {transformation:[-3.630930550872667f,0.04816531157906625f,4.446998689403826e-16f,-4.382459307730881e-18f,0.04816531157906625f,3.630930550872667f,0f,41.371934592159676f,-4.446607477052548e-16f,5.898549465523843e-18f,-3.6312499999999996f,-5.366964763606149e-34f,0f,0f,0f,1f],start_interpolation:0}