execute if entity @s[tag=aj.calamity.bone.9] run data modify entity @s {} merge value {transformation:[-0.7418412844291887f,-0.015815881452779883f,0.6703889666531831f,-1.2757106025632086f,-0.01852131638861619f,0.9998236829231499f,0.0030925564215266224f,3.3440693651297853f,-0.6703196771359793f,-0.010122300126905924f,-0.7420034160867839f,1.1814230700746706f,0f,0f,0f,1f],start_interpolation:0}
execute if entity @s[tag=aj.calamity.bone.8] run data modify entity @s {} merge value {transformation:[-0.8494706369466584f,0.0030260445963165164f,0.5276272169055907f,-1.2748595275204946f,-0.02067442800434752f,0.9990247205788163f,-0.039015070153855344f,3.6250450677925774f,-0.5272306942811003f,-0.04405054740316286f,-0.8485796039744005f,1.169033853617531f,0f,0f,0f,1f],start_interpolation:0}
execute if entity @s[tag=aj.calamity.bone.7] run data modify entity @s {} merge value {transformation:[-0.9867230678087555f,-0.0028676742056668713f,0.16238646464138484f,-1.2756660608908383f,-0.008441548573209844f,0.9993981898766897f,-0.033645182848092516f,3.9061258086953963f,-0.16219225540007648f,-0.03456927126575836f,-0.9861534554887442f,1.1593112460740365f,0f,0f,0f,1f],start_interpolation:0}
execute if entity @s[tag=aj.calamity.bone.6] run data modify entity @s {} merge value {transformation:[-0.9951116697278479f,-0.005587955713254279f,-0.0985978677375973f,-1.2772376734351911f,-0.003780860141162603f,0.9998216139994638f,-0.01850527697981723f,4.187325637632745f,0.09868368592653523f,-0.01804203232602944f,-0.9949552830160255f,1.1542369244823407f,0f,0f,0f,1f],start_interpolation:0}
execute if entity @s[tag=aj.calamity.bone.5] run data modify entity @s {} merge value {transformation:[-0.9930092210756395f,-0.018754573016227297f,-0.1165373453006817f,-1.282512397096005f,-0.0018496279483303155f,0.9896478224975452f,-0.14350528318608874f,4.46566408771018f,0.11802231032819241f,-0.1422865187459646f,-0.9827641023399003f,1.1142188410850382f,0f,0f,0f,1f],start_interpolation:0}
execute if entity @s[tag=aj.calamity.bone.4] run data modify entity @s {} merge value {transformation:[-0.993064009491065f,0.009572058242588617f,-0.11718467798534951f,-1.279820255715277f,-0.0001362082867576457f,0.9965861731730423f,0.08255895401234847f,4.745953948915098f,0.11757488890418846f,0.082002287415114f,-0.9896725571409246f,1.137281984420539f,0f,0f,0f,1f],start_interpolation:0}
execute if entity @s[tag=aj.calamity.bone.3] run data modify entity @s {} merge value {transformation:[-0.9929420265908488f,0.057537973148216126f,-0.10370879169893382f,-1.2663347932586637f,0.008210056083173933f,0.9056852128567674f,0.4238713132446009f,4.958223920678402f,0.11831621532473433f,0.4200281857906523f,-0.8997653006938222f,1.2357260904652232f,0f,0f,0f,1f],start_interpolation:0}
execute if entity @s[tag=aj.calamity.bone.2] run data modify entity @s {} merge value {transformation:[-0.6856474669635407f,0.7205081800859912f,-0.10370879169893382f,-1.0636918676094789f,0.6248685397020717f,0.6556465647731996f,0.4238713132446009f,5.142624517020865f,0.3733990615107122f,0.22582193102149098f,-0.8997653006938222f,1.2992385085650175f,0f,0f,0f,1f],start_interpolation:0}
execute if entity @s[tag=aj.calamity.bone.1] run data modify entity @s {} merge value {transformation:[0.4057745528460703f,0.9080702058689727f,-0.10370879169893382f,-0.8082971222088303f,0.8439648545114316f,-0.32871938512627324f,0.4238713132446009f,5.0501721899541f,0.3508138204405144f,-0.259522767893852f,-0.8997653006938222f,1.2262477300948715f,0f,0f,0f,1f],start_interpolation:0}
execute if entity @s[tag=aj.calamity.bone.sword] run data modify entity @s {} merge value {transformation:[2.54744811609138f,-0.23742371392980105f,2.5768419894099543f,-0.8475312500000005f,-0.15100200659733432f,-3.6234110974394804f,-0.18457241249978487f,4.45140565697451f,2.583347257401925f,0.022328491131111364f,-2.5518218881140107f,1.2299375000000001f,0f,0f,0f,1f],start_interpolation:0}