execute if entity @s[tag=aj.calamity.bone.9] run data modify entity @s {} merge value {transformation:[-0.3953090415370607f,-0.3650327037853174f,0.842900876050222f,2.2037740224158724f,0.0941500400233573f,0.8967093962402427f,0.43249049545401586f,4.236460064686397f,-0.9137103105703966f,0.25032655444766677f,-0.3201094882937845f,0.08779273190378467f,0f,0f,0f,1f],start_interpolation:0}
execute if entity @s[tag=aj.calamity.bone.8] run data modify entity @s {} merge value {transformation:[0.03092214836027324f,-0.36889634430833707f,0.9289560311967036f,2.100021925579153f,0.13087701463112184f,0.9228930071579717f,0.36213216424416306f,4.496023722949577f,-0.9909162566947978f,0.110381087577815f,0.07681788673940709f,0.11883741278504514f,0f,0f,0f,1f],start_interpolation:0}
execute if entity @s[tag=aj.calamity.bone.7] run data modify entity @s {} merge value {transformation:[-0.2957084313045436f,-0.5300921321129047f,0.7947067730473936f,1.9509335134223984f,-0.07897896272694443f,0.8426296800796672f,0.5326702034987635f,4.733013320471983f,-0.9520077978157437f,0.09474995367193095f,-0.2910388276109992f,0.14548583725527572f,0f,0f,0f,1f],start_interpolation:0}
execute if entity @s[tag=aj.calamity.bone.6] run data modify entity @s {} merge value {transformation:[-0.44699085917656384f,-0.7237939147676686f,0.5256629535718593f,1.7473664748939917f,-0.2675885244863428f,0.6689173350341634f,0.6935026895795108f,4.921146320950341f,-0.8535780886221361f,0.1693279889329765f,-0.49267887998989185f,0.19310933414267534f,0f,0f,0f,1f],start_interpolation:0}
execute if entity @s[tag=aj.calamity.bone.5] run data modify entity @s {} merge value {transformation:[-0.5877270889895516f,-0.7092308490755351f,0.3893179569291196f,1.5478952985914973f,-0.4709542492947194f,0.6911736737724661f,0.548161516120131f,5.115538916698847f,-0.657859380064703f,0.1388184260228762f,-0.74023677337553f,0.23215201646160927f,0f,0f,0f,1f],start_interpolation:0}
execute if entity @s[tag=aj.calamity.bone.4] run data modify entity @s {} merge value {transformation:[-0.24721937607008945f,-0.9670618605898638f,0.06061301747964068f,1.2759091503005981f,-0.7117957625445106f,0.2236947509572431f,0.6658133753671942f,5.178453065405572f,-0.6574415354380909f,0.12145787824035326f,-0.7436522112480785f,0.2663120447167086f,0f,0f,0f,1f],start_interpolation:0}
execute if entity @s[tag=aj.calamity.bone.3] run data modify entity @s {} merge value {transformation:[-0.007114867361382282f,-0.9697745377921986f,-0.24389900473835113f,1.0486182430055515f,-0.7407634263126915f,-0.15873076963615992f,0.6527435093573849f,5.141250541272097f,-0.671728311819527f,0.1853156459143172f,-0.717244160993624f,0.3097453992278767f,0f,0f,0f,1f],start_interpolation:0}
execute if entity @s[tag=aj.calamity.bone.2] run data modify entity @s {} merge value {transformation:[0.34732265002819873f,-0.9054723917740573f,-0.24389900473835113f,0.7939541328190979f,-0.6317293148252451f,-0.41814349663988837f,0.6527435093573849f,5.023647682842128f,-0.6930260093011054f,-0.07263445430879545f,-0.717244160993624f,0.289316958953528f,0f,0f,0f,1f],start_interpolation:0}
execute if entity @s[tag=aj.calamity.bone.1] run data modify entity @s {} merge value {transformation:[0.2949264390191978f,-0.9238677779071516f,-0.24389900473835113f,0.5341163202827114f,-0.6546270703693974f,-0.38129950135213403f,0.6527435093573849f,4.916407198086841f,-0.6960472644203377f,-0.03284842786978934f,-0.717244160993624f,0.28007833861514975f,0f,0f,0f,1f],start_interpolation:0}
execute if entity @s[tag=aj.calamity.bone.sword] run data modify entity @s {} merge value {transformation:[3.008873747479285f,-1.8373216999982445f,0.8700024741031114f,0.23050000000000023f,-1.7016087214869196f,-3.126533416253575f,-0.717839201011903f,4.39974940697451f,1.1122873249253655f,0.18712116466428005f,-3.451634270754226f,0.31100000000000044f,0f,0f,0f,1f],start_interpolation:0}