execute if entity @s[tag=aj.calamity.bone.9] run data modify entity @s {} merge value {transformation:[-0.7335757527594837f,-0.03972128982303703f,0.6784458962202888f,-1.3601732741421995f,-0.021275371547956785f,0.9991434312516558f,0.03549313105607149f,1.8525873451919996f,-0.6792745936135498f,0.011602711814975382f,-0.7337924798944764f,1.1625519793102732f,0f,0f,0f,1f],start_interpolation:0}
execute if entity @s[tag=aj.calamity.bone.8] run data modify entity @s {} merge value {transformation:[-0.8701700660107896f,-0.045737696810178766f,0.49062421394513134f,-1.3730370013700623f,-0.028623563622416533f,0.9986933669014401f,0.042334979775815365f,2.1334698546330295f,-0.49191945257768727f,0.02279521874353003f,-0.870342248875753f,1.168963134581891f,0f,0f,0f,1f],start_interpolation:0}
execute if entity @s[tag=aj.calamity.bone.7] run data modify entity @s {} merge value {transformation:[-0.9917560992158588f,-0.0437303647582609f,0.12044706250570397f,-1.3853361664583232f,-0.04108212342490311f,0.9988581869165308f,0.02438404323982224f,2.414398719703304f,-0.12137585757902838f,0.01923480251861048f,-0.9924202353685788f,1.1743729227902502f,0f,0f,0f,1f],start_interpolation:0}
execute if entity @s[tag=aj.calamity.bone.6] run data modify entity @s {} merge value {transformation:[-0.9892056839579022f,-0.04299049226463808f,-0.14008544678239399f,-1.3974272424077527f,-0.04440694948726921f,0.9989890013700402f,0.0069998556359973235f,2.6953643763386275f,0.13964289334804653f,0.013145064341180512f,-0.990114674985101f,1.1780699721362071f,0f,0f,0f,1f],start_interpolation:0}
execute if entity @s[tag=aj.calamity.bone.5] run data modify entity @s {} merge value {transformation:[-0.9901523007695999f,-0.060854243871164476f,-0.1260760971934662f,-1.4145424984965178f,-0.04498338721730775f,0.9911223693864635f,-0.12511172517482205f,2.9741175427285707f,0.13257041960831678f,-0.11820833263620345f,-0.9840995244080973f,1.1448238785822749f,0f,0f,0f,1f],start_interpolation:0}
execute if entity @s[tag=aj.calamity.bone.4] run data modify entity @s {} merge value {transformation:[-0.9901523007695999f,-0.032541778612189376f,-0.1361596633567473f,-1.423694873731196f,-0.04498338721730775f,0.9949866575125478f,0.08931990957488528f,3.2539575401539746f,0.13257041960831678f,0.09456523683026002f,-0.9866521675991553f,1.1714203514407855f,0f,0f,0f,1f],start_interpolation:0}
execute if entity @s[tag=aj.calamity.bone.3] run data modify entity @s {} merge value {transformation:[-0.9900473728876888f,0.012858467761798609f,-0.14014584990289264f,-1.4206811703495246f,-0.048036909452352505f,0.905136155712732f,0.4223990944022529f,3.466098826649146f,0.13228248095818185f,0.4249272872249976f,-0.8955099920174832f,1.2710126843841443f,0f,0f,0f,1f],start_interpolation:0}
execute if entity @s[tag=aj.calamity.bone.2] run data modify entity @s {} merge value {transformation:[-0.7233301790804403f,0.6761306033500141f,-0.14014584990289264f,-1.2305194381573332f,0.5739349631663813f,0.7015537492618518f,0.4223990944022529f,3.6634108186290417f,0.3839168009955577f,0.22509940939545967f,-0.8955099920174832f,1.3343218932766172f,0f,0f,0f,1f],start_interpolation:0}
execute if entity @s[tag=aj.calamity.bone.1] run data modify entity @s {} merge value {transformation:[0.34785675007582717f,0.927013927717205f,-0.14014584990289264f,-0.9697967709868693f,0.8677865515584224f,-0.2617737687059158f,0.4223990944022529f,3.589786946180503f,0.35488333626844926f,-0.2685510600161955f,-0.8955099920174832f,1.2587919076470622f,0f,0f,0f,1f],start_interpolation:0}
execute if entity @s[tag=aj.calamity.bone.sword] run data modify entity @s {} merge value {transformation:[2.5696332554830863f,0.025012896774201585f,2.565606331807426f,-0.9656634046426947f,0.012950328995432584f,-3.631157627832754f,0.022430633315120962f,2.9897403036517978f,2.5656955750428194f,-0.006723044471851434f,-2.5696570937342442f,1.2576809285389166f,0f,0f,0f,1f],start_interpolation:0}