execute if entity @s[tag=aj.calamity.bone.9] run data modify entity @s {} merge value {transformation:[-0.7398184969527962f,0.18176112208477752f,0.6477896927745838f,-1.19473370086424f,0.10542891925442735f,0.9822416232037245f,-0.15519708963430187f,3.6974973505229265f,-0.6644947964817711f,-0.046521910371315894f,-0.7458433999869231f,1.2349791348066066f,0f,0f,0f,1f],start_interpolation:0}
execute if entity @s[tag=aj.calamity.bone.8] run data modify entity @s {} merge value {transformation:[-0.7851512592064809f,0.260620882470489f,0.561795564050467f,-1.121434077669415f,0.09061089877997226f,0.9457212830890384f,-0.3120912041931175f,3.9634814613917184f,-0.6126395067156252f,-0.19413400097027883f,-0.7661493486772064f,1.1803789470337156f,0f,0f,0f,1f],start_interpolation:0}
execute if entity @s[tag=aj.calamity.bone.7] run data modify entity @s {} merge value {transformation:[-0.9446466195320407f,0.2350678802617581f,0.22887956631366935f,-1.0553212363457956f,0.1867334232009825f,0.9588112071531676f,-0.2140366737200191f,4.233147113403547f,-0.2697654404595453f,-0.1594495553669907f,-0.9496327955725502f,1.1355337595867494f,0f,0f,0f,1f],start_interpolation:0}
execute if entity @s[tag=aj.calamity.bone.6] run data modify entity @s {} merge value {transformation:[-0.9756681499909631f,0.2190841232958027f,-0.00859115899763975f,-0.993703826668851f,0.21889214296709036f,0.9710708372636874f,-0.09543405452603063f,4.506260786383959f,-0.01256546220749627f,-0.09499250462911349f,-0.9953986805415207f,1.1088171176598112f,0f,0f,0f,1f],start_interpolation:0}
execute if entity @s[tag=aj.calamity.bone.5] run data modify entity @s {} merge value {transformation:[-0.9708645120163456f,0.21340932155052825f,-0.10898881035504475f,-0.9336824549827649f,0.2305890068634857f,0.9557638769059107f,-0.18260372809856815f,4.775069376763747f,0.06519823019818748f,-0.20241510091178436f,-0.977127073466853f,1.0518878705283718f,0f,0f,0f,1f],start_interpolation:0}
execute if entity @s[tag=aj.calamity.bone.4] run data modify entity @s {} merge value {transformation:[-0.9682709321314946f,0.2452197517898381f,-0.048152625279813455f,-0.864714399791873f,0.2421822119012939f,0.968297662868514f,0.06121611162081114f,5.047403094445516f,0.06163747421662043f,0.047612072161428765f,-0.9969623424967919f,1.0652787658237737f,0f,0f,0f,1f],start_interpolation:0}
execute if entity @s[tag=aj.calamity.bone.3] run data modify entity @s {} merge value {transformation:[-0.9593952257798364f,0.2764174581843978f,0.0561621719819928f,-0.7999290580299048f,0.27468032711633755f,0.8703064785263854f,0.4087998915487447f,5.251381175350138f,0.06412112480391949f,0.4076273080227577f,-0.9108943182982318f,1.1608164161416075f,0f,0f,0f,1f],start_interpolation:0}
execute if entity @s[tag=aj.calamity.bone.2] run data modify entity @s {} merge value {transformation:[-0.4783370163664716f,0.8763786334752168f,0.0561621719819928f,-0.5534475673650001f,0.8118311698331009f,0.4169086235101825f,0.4087998915487447f,5.368636725712377f,0.3348489965059501f,0.24113832219487272f,-0.9108943182982318f,1.2286365692589154f,0f,0f,0f,1f],start_interpolation:0}
execute if entity @s[tag=aj.calamity.bone.1] run data modify entity @s {} merge value {transformation:[0.6414567356593165f,0.7651006905731823f,0.0561621719819928f,-0.33826299814129257f,0.6843572015039641f,-0.6037697155533714f,0.4087998915487447f,5.198826493212991f,0.3466820979326136f,-0.2237924571227587f,-0.9108943182982318f,1.1656949406931394f,0f,0f,0f,1f],start_interpolation:0}
execute if entity @s[tag=aj.calamity.bone.sword] run data modify entity @s {} merge value {transformation:[2.309085477908388f,-1.3961063878572775f,2.4300180600145156f,-0.5689687500000004f,-0.8894943917310267f,-3.3508945557868848f,-1.0799453530512024f,4.645093156974511f,2.657611812378109f,0.0914832896322634f,-2.4727933243452442f,1.1808125f,0f,0f,0f,1f],start_interpolation:0}