execute if entity @s[tag=aj.calamity.bone.9] run data modify entity @s {} merge value {transformation:[-0.7273781034030223f,-0.03390513146217773f,0.6853988158367034f,-1.433703523569029f,-0.006289926473796493f,0.9990661561069897f,0.04274637465983879f,3.245730069862351f,-0.6862080817906309f,0.026781668770588525f,-0.7269121065872307f,1.154435645572859f,0f,0f,0f,1f],start_interpolation:0}
execute if entity @s[tag=aj.calamity.bone.8] run data modify entity @s {} merge value {transformation:[-0.8806581110588374f,-0.0529272323967739f,0.47078657531528967f,-1.4485893076806216f,-0.017607105471319974f,0.9967098272569783f,0.0791170657082721f,3.5260547087783762f,-0.47342505348069935f,0.061385896753106975f,-0.878692489109025f,1.1717004290346704f,0f,0f,0f,1f],start_interpolation:0}
execute if entity @s[tag=aj.calamity.bone.7] run data modify entity @s {} merge value {transformation:[-0.9940292222197868f,-0.04688371296873912f,0.09852828442326089f,-1.4617753519530794f,-0.041648301416701505f,0.9976427174602396f,0.05453831027500556f,3.8066417230640686f,-0.10085298390345115f,0.05010913845611471f,-0.9936386414994921f,1.1857936242254528f,0f,0f,0f,1f],start_interpolation:0}
execute if entity @s[tag=aj.calamity.bone.6] run data modify entity @s {} merge value {transformation:[-0.9858882521769398f,-0.04497924417384515f,-0.16124894360289294f,-1.4744257643769734f,-0.049373894608388334f,0.9985074026923401f,0.023349203408202027f,4.087471930071289f,0.15995803434244546f,0.03098119368499934f,-0.9866375184874907f,1.1945070849493589f,0f,0f,0f,1f],start_interpolation:0}
execute if entity @s[tag=aj.calamity.bone.5] run data modify entity @s {} merge value {transformation:[-0.9891513293925455f,-0.06560439094168369f,-0.1314371007369347f,-1.4928769993293218f,-0.05090133748260606f,0.9923744141081573f,-0.11225896875516896f,4.366577234039209f,0.13779949710881434f,-0.1043507839580655f,-0.9849478222138952f,1.165158426961153f,0f,0f,0f,1f],start_interpolation:0}
execute if entity @s[tag=aj.calamity.bone.4] run data modify entity @s {} merge value {transformation:[-0.9891513293925455f,-0.036970652520848926f,-0.1421717919038198f,-1.5032749953508107f,-0.05090133748260606f,0.9941145422103701f,0.0956312229784213f,4.6461719490358755f,0.13779949710881434f,0.10183048570074354f,-0.9852115766567648f,1.1937982510644871f,0f,0f,0f,1f],start_interpolation:0}
execute if entity @s[tag=aj.calamity.bone.3] run data modify entity @s {} merge value {transformation:[-0.9887426441461484f,0.0040310795849312075f,-0.14957183573207655f,-1.5023302110730925f,-0.06047077110268312f,0.9035970658777817f,0.42409389099503797f,4.85795251135098f,0.13686222813154159f,0.4283644393906247f,-0.893181189667822f,1.2941961665466648f,0f,0f,0f,1f],start_interpolation:0}
execute if entity @s[tag=aj.calamity.bone.2] run data modify entity @s {} merge value {transformation:[-0.7326758345969344f,0.6639385418496373f,-0.14957183573207655f,-1.315597496177882f,0.5590488476161267f,0.7124666712203245f,0.42409389099503797f,5.058333762631697f,0.3881372275069299f,0.22710538313040504f,-0.893181189667822f,1.3580695555520912f,0f,0f,0f,1f],start_interpolation:0}
execute if entity @s[tag=aj.calamity.bone.1] run data modify entity @s {} merge value {transformation:[0.3330163264657565f,0.9309824876242248f,-0.14957183573207655f,-1.0537586715335687f,0.8721721070023934f,-0.24384459679823697f,0.42409389099503797f,4.989752469782193f,0.358351701648337f,-0.2716825727743972f,-0.893181189667822f,1.2816588319592919f,0f,0f,0f,1f],start_interpolation:0}
execute if entity @s[tag=aj.calamity.bone.sword] run data modify entity @s {} merge value {transformation:[2.574394347924227f,0.08998770491348525f,2.559369554566163f,-1.0388882567137008f,0.046712295556106787f,-3.6300538090876686f,0.08064655647942735f,4.389888232645882f,2.5605249979876543f,-0.024251156519103274f,-2.5747039011482094f,1.2776513427401f,0f,0f,0f,1f],start_interpolation:0}