execute if entity @s[tag=aj.calamity.bone.9] run data modify entity @s {} merge value {transformation:[-0.7365759126353761f,-0.04345079772489966f,0.6749577417160515f,-1.3303791497013737f,-0.028559569544863963f,0.9990423516143718f,0.03314710648364488f,-58.554437589918365f,-0.6757516377433167f,0.005138857645028985f,-0.7371114679811526f,1.1676836429100426f,0f,0f,0f,1f],start_interpolation:0}
execute if entity @s[tag=aj.calamity.bone.8] run data modify entity @s {} merge value {transformation:[-0.8652037154881946f,-0.04345079772489966f,0.4995343420451618f,-1.3425996865615017f,-0.035056940642200024f,0.9990423516143718f,0.026179965501032992f,-58.27345692852682f,-0.5001935041743668f,0.005138857645028985f,-0.8658984065835161f,1.169128946622707f,0f,0f,0f,1f],start_interpolation:0}
execute if entity @s[tag=aj.calamity.bone.7] run data modify entity @s {} merge value {transformation:[-0.9905075207903409f,-0.04345079772489966f,0.13041042686396645f,-1.3548202234216298f,-0.04240702898892663f,0.9990423516143718f,0.010771423915079657f,-57.992476267135274f,-0.1307535664909545f,0.005138857645028985f,-0.9914015821008155f,1.1705742503353715f,0f,0f,0f,1f],start_interpolation:0}
execute if entity @s[tag=aj.calamity.bone.6] run data modify entity @s {} merge value {transformation:[-0.9905094976172905f,-0.04345079772489966f,-0.13039541137253435f,-1.3670407602817578f,-0.0437498941686888f,0.9990423516143718f,-0.0005713502030657569f,-57.71149560574373f,0.1302953640394435f,0.005138857645028985f,-0.9914619055979575f,1.172019554048036f,0f,0f,0f,1f],start_interpolation:0}
execute if entity @s[tag=aj.calamity.bone.5] run data modify entity @s {} merge value {transformation:[-0.9905094976172905f,-0.06009908665636874f,-0.12360839337606846f,-1.3839436284038615f,-0.0437498941686888f,0.9904208296364461f,-0.13096765624566428f,-57.432939747408476f,0.1302953640394435f,-0.12431685326344212f,-0.9836505670737474f,1.137055439067693f,0f,0f,0f,1f],start_interpolation:0}
execute if entity @s[tag=aj.calamity.bone.4] run data modify entity @s {} merge value {transformation:[-0.9905094976172905f,-0.031920745392342256f,-0.1336862040135027f,-1.3929213380454577f,-0.0437498941686888f,0.9952904902986638f,0.0865031021482699f,-57.15301429701198f,0.1302953640394435f,0.09153090152862464f,-0.987241212761697f,1.1627985051226186f,0f,0f,0f,1f],start_interpolation:0}
execute if entity @s[tag=aj.calamity.bone.3] run data modify entity @s {} merge value {transformation:[-0.9905094976172905f,0.015727685762192967f,-0.13654147732651906f,-1.3892351616949437f,-0.0437498941686888f,0.9056813258771769f,0.4216957229064429f,-56.94074523625952f,0.1302953640394435f,0.4236672938260927f,-0.8963978705083497f,1.2620955271131091f,0f,0f,0f,1f],start_interpolation:0}
execute if entity @s[tag=aj.calamity.bone.2] run data modify entity @s {} merge value {transformation:[-0.7196547339990161f,0.6807741834134846f,-0.13654147732651906f,-1.197767422609901f,0.5796136295245725f,0.6972953160259747f,0.4216957229064429f,-56.74463092862721f,0.38228929399364137f,0.22433402204288833f,-0.8963978705083497f,1.3251894708126715f,0f,0f,0f,1f],start_interpolation:0}
execute if entity @s[tag=aj.calamity.bone.1] run data modify entity @s {} merge value {transformation:[0.35355339059327395f,0.925395280390759f,-0.13654147732651906f,-0.9375f,0.8660254037844386f,-0.2686498041734121f,0.4216957229064429f,-56.82018868605098f,0.353553390593274f,-0.267340340667277f,-0.8963978705083497f,1.2499999999999998f,0f,0f,0f,1f],start_interpolation:0}
execute if entity @s[tag=aj.calamity.bone.sword] run data modify entity @s {} merge value {transformation:[2.56768149918365f,-4.446998689403825e-16f,2.567681499183651f,-0.9375000000000001f,-3.144502929205134e-16f,-3.6312499999999996f,-3.1445029292051346e-16f,-57.42025059302549f,2.567681499183651f,-3.208072115412901e-32f,-2.56768149918365f,1.2499999999999998f,0f,0f,0f,1f],start_interpolation:0}