execute if entity @s[tag=aj.calamity.bone.9] run data modify entity @s {} merge value {transformation:[-0.8375340063148533f,-0.5309683663749154f,0.12887739202569673f,-1.5232690304278795f,0.5423680523889766f,-0.8364678742504444f,0.07847541713639328f,10.380144331314106f,0.06613383410917487f,0.1356248106214204f,0.9885505686255628f,-0.027959488193058275f,0f,0f,0f,1f],start_interpolation:0}
execute if entity @s[tag=aj.calamity.bone.8] run data modify entity @s {} merge value {transformation:[-0.9147982547075684f,-0.3881705774944326f,-0.11165910599510306f,-1.6324420053481887f,0.38314149271951375f,-0.9214476549956095f,0.06431808190357323f,10.12098717834659f,-0.1278544083739382f,0.016056832524836973f,0.9916629610853775f,-0.023443504045447875f,0f,0f,0f,1f],start_interpolation:0}
execute if entity @s[tag=aj.calamity.bone.7] run data modify entity @s {} merge value {transformation:[-0.9499521686945493f,-0.2124227088004588f,0.22905778742142346f,-1.6921858921983177f,0.23903797691329468f,-0.9663333462395196f,0.0951877593954803f,9.849205924716726f,0.20112613650573033f,0.14517732857236393f,0.9687475525041958f,0.017387619615529478f,0f,0f,0f,1f],start_interpolation:0}
execute if entity @s[tag=aj.calamity.bone.6] run data modify entity @s {} merge value {transformation:[-0.9895481541714293f,0.14216106011748425f,-0.02418023081342019f,-1.6522030940402752f,-0.14338949776305995f,-0.9878192089466048f,0.060437259760527065f,9.571381772200493f,-0.015293871556106758f,0.0632727699913399f,0.997879077879904f,0.03518308617559382f,0f,0f,0f,1f],start_interpolation:0}
execute if entity @s[tag=aj.calamity.bone.5] run data modify entity @s {} merge value {transformation:[-0.8538751140334782f,0.49206827678524695f,-0.16960572105890878f,-1.5138088911944245f,-0.4867908320703753f,-0.8703477585855327f,-0.074360372090051f,9.326596465098312f,-0.18420633932236544f,0.019068038880197986f,0.9827026175027297f,0.0405459721106495f,0f,0f,0f,1f],start_interpolation:0}
execute if entity @s[tag=aj.calamity.bone.4] run data modify entity @s {} merge value {transformation:[-0.7604903893023587f,0.628377110166555f,-0.1636965949477148f,-1.337077828960081f,-0.6116566553919673f,-0.7778493422512983f,-0.14431402105801994f,9.107826337590135f,-0.21801491621781102f,-0.009623314291429555f,0.9758979906366181f,0.03783941496618494f,0f,0f,0f,1f],start_interpolation:0}
execute if entity @s[tag=aj.calamity.bone.3] run data modify entity @s {} merge value {transformation:[-0.5459602362730943f,0.8354459915022939f,-0.06290799385909573f,-1.1412701747017309f,-0.8086878862926994f,-0.5451196285339699f,-0.22106219294676488f,8.980063924652486f,-0.21897790521436886f,-0.06981823450743792f,0.973228694171206f,0.021475766253504173f,0f,0f,0f,1f],start_interpolation:0}
execute if entity @s[tag=aj.calamity.bone.2] run data modify entity @s {} merge value {transformation:[-0.26176396657825096f,0.9452165398739477f,-0.19505209188814665f,-0.8754280228621832f,-0.8648965155618287f,-0.31942190539049087f,-0.3871997723730161f,8.89022651376141f,-0.4282915399237153f,0.06734492635254707f,0.9011276367553834f,0.04041652679015803f,0f,0f,0f,1f],start_interpolation:0}
execute if entity @s[tag=aj.calamity.bone.1] run data modify entity @s {} merge value {transformation:[-0.16030879343891508f,0.9833815290868256f,0.0852165418038999f,-0.5988519678065134f,-0.902186225037013f,-0.11095114569608065f,-0.41683313042774206f,8.859021504034388f,-0.40045112822868056f,-0.14370320636500655f,0.9049797137951727f,-7.333821455373405e-17f,0f,0f,0f,1f],start_interpolation:0}
execute if entity @s[tag=aj.calamity.bone.sword] run data modify entity @s {} merge value {transformation:[0.2304813838998052f,3.623928102787861f,4.446998689403826e-16f,-4.382459307730881e-18f,3.623928102787861f,-0.2304813838998052f,0f,8.820934592159677f,2.822582890559488e-17f,4.4380319514192944e-16f,-3.6312499999999996f,-5.366964763606149e-34f,0f,0f,0f,1f],start_interpolation:0}