execute if entity @s[tag=aj.calamity.bone.9] run data modify entity @s {} merge value {transformation:[-0.728704635311074f,-0.03491087850886161f,0.6839377055243365f,-1.4163249858883642f,-0.009505580271312965f,0.9991192057381176f,0.04087122054622841f,3.456923658309263f,-0.6847621473328239f,0.02328182310241886f,-0.7283946446076932f,1.1558651830861688f,0f,0f,0f,1f],start_interpolation:0}
execute if entity @s[tag=aj.calamity.bone.8] run data modify entity @s {} merge value {transformation:[-0.8783625450875343f,-0.05105964341944671f,0.47526008900519745f,-1.4306855106000835f,-0.019684683628789296f,0.997298817477364f,0.07076426985905836f,3.7374139507247714f,-0.4775895231449111f,0.05280133968120624f,-0.8769950204591167f,1.170715559871508f,0f,0f,0f,1f],start_interpolation:0}
execute if entity @s[tag=aj.calamity.bone.7] run data modify entity @s {} merge value {transformation:[-0.9935776596671277f,-0.04587242509156716f,0.10343671894744139f,-1.4435871301570868f,-0.04110190862043904f,0.9980113863145091f,0.04779022802151474f,4.018104653125727f,-0.10542327692758591f,0.043231856342399434f,-0.9934872617598274f,1.1828745194678079f,0f,0f,0f,1f],start_interpolation:0}
execute if entity @s[tag=aj.calamity.bone.6] run data modify entity @s {} merge value {transformation:[-0.9866843882799966f,-0.04417388067710855f,-0.15653301948935097f,-1.4560110340975236f,-0.047842453966761934f,0.9986597213093126f,0.019744888777709302f,4.298977699743971f,0.15545101325809138f,0.0269708972844884f,-0.987475343072779f,1.1904600843290702f,0f,0f,0f,1f],start_interpolation:0}
execute if entity @s[tag=aj.calamity.bone.5] run data modify entity @s {} merge value {transformation:[-0.9894034675896184f,-0.06417158191779662f,-0.1302412622627954f,-1.474059291511904f,-0.049194177671594105f,0.9921323231873534f,-0.11512335197552334f,4.578014915640415f,0.13660421371558948f,-0.10749633184919413f,-0.9847760290716431f,1.1602267409964844f,0f,0f,0f,1f],start_interpolation:0}
execute if entity @s[tag=aj.calamity.bone.4] run data modify entity @s {} merge value {transformation:[-0.9894034675896184f,-0.03561383229694791f,-0.14075664556518674f,-1.4840756818454206f,-0.049194177671594105f,0.994336106275729f,0.09421061850788143f,4.8576719455304636f,0.13660421371558948f,0.10013672006585217f,-0.9855515846923482f,1.1883901935150052f,0f,0f,0f,1f],start_interpolation:0}
execute if entity @s[tag=aj.calamity.bone.3] run data modify entity @s {} merge value {transformation:[-0.9890739956572221f,0.006303702140666667f,-0.1472850788572253f,-1.482598251656202f,-0.057332920451003855f,0.9039854562557932f,0.4237018186302294f,5.069543536840415f,0.13581445927152333f,0.427516734429574f,-0.8937470975815569f,1.2885894281469366f,0f,0f,0f,1f],start_interpolation:0}
execute if entity @s[tag=aj.calamity.bone.2] run data modify entity @s {} merge value {transformation:[-0.7304435914955928f,0.6669027404269982f,-0.1472850788572253f,-1.2950318559111087f,0.5626649193145008f,0.7098485454392661f,0.4237018186302294f,5.269188440245209f,0.38711800296011234f,0.22661813111204848f,-0.8937470975815569f,1.3523257775222002f,0f,0f,0f,1f],start_interpolation:0}
execute if entity @s[tag=aj.calamity.bone.1] run data modify entity @s {} merge value {transformation:[0.33660913131357406f,0.9300545135971019f,-0.1472850788572253f,-1.0334540239619237f,0.8711370849089457f,-0.24818732478871708f,0.4237018186302294f,5.199385755148382f,0.35751149913347563f,-0.27092739535137084f,-0.8937470975815569f,1.2761274475796271f,0f,0f,0f,1f],start_interpolation:0}
execute if entity @s[tag=aj.calamity.bone.sword] run data modify entity @s {} merge value {transformation:[2.57328448717201f,0.07428227304011335f,2.560989194528527f,-1.021178922436319f,0.038535160061804484f,-3.630435026276998f,0.06658170860028119f,4.599458522097827f,2.5617764445827214f,-0.02000565902727777f,-2.5734952465640952f,1.272821524300814f,0f,0f,0f,1f],start_interpolation:0}