execute if entity @s[tag=aj.calamity.bone.9] run data modify entity @s {} merge value {transformation:[-0.7330752404775289f,-0.039221265604544864f,0.6790157465944293f,-1.3657255979748957f,-0.020094914540415672f,0.9991490860494558f,0.03601802682199246f,2.1623711621415427f,-0.6798506352195501f,0.012759160274646634f,-0.7332396045090989f,1.1618241340244497f,0f,0f,0f,1f],start_interpolation:0}
execute if entity @s[tag=aj.calamity.bone.8] run data modify entity @s {} merge value {transformation:[-0.8710102104242686f,-0.04626328416925282f,0.4890817128809313f,-1.378737146647498f,-0.027662310459610248f,0.9985951094301134f,0.04519517675919782f,2.443226036668762f,-0.49048548390009133f,0.02583633023736066f,-0.8710662857229402f,1.1690906019037075f,0f,0f,0f,1f],start_interpolation:0}
execute if entity @s[tag=aj.calamity.bone.7] run data modify entity @s {} merge value {transformation:[-0.9919545404111335f,-0.04392267554137205f,0.11873073877907064f,-1.3910903991435088f,-0.04102346041644565f,0.9987999216360177f,0.026754293773980576f,2.724138514628892f,-0.11976337275309529f,0.021668297422074833f,-0.9925659773705884f,1.175184810553666f,0f,0f,0f,1f],start_interpolation:0}
execute if entity @s[tag=aj.calamity.bone.6] run data modify entity @s {} merge value {transformation:[-0.9889650815361669f,-0.04306942294754632f,-0.1417501051467962f,-1.4032036743475063f,-0.044694667103921955f,0.9989662116094428f,0.008300288859245455f,3.0050977616440475f,0.1412460768822697f,0.014544169609939442f,-0.9898676744372072f,1.1792753582564615f,0f,0f,0f,1f],start_interpolation:0}
execute if entity @s[tag=aj.calamity.bone.5] run data modify entity @s {} merge value {transformation:[-0.9900809523228857f,-0.06114457239257254f,-0.12649525332729608f,-1.4204005853329174f,-0.045360627679534644f,0.991232622882351f,-0.12409794837261771f,3.283881936829709f,0.13297413772582256f,-0.1171291108166698f,-0.9841740954197942f,1.146332795839273f,0f,0f,0f,1f],start_interpolation:0}
execute if entity @s[tag=aj.calamity.bone.4] run data modify entity @s {} merge value {transformation:[-0.9900809523228857f,-0.032807066820976005f,-0.13661407033688505f,-1.4296275728763168f,-0.045360627679534644f,0.994924873108608f,0.08981598035059374f,3.563704557391505f,0.13297413772582256f,0.0951219913396667f,-0.9865443150004212f,1.1730858559035544f,0f,0f,0f,1f],start_interpolation:0}
execute if entity @s[tag=aj.calamity.bone.3] run data modify entity @s {} merge value {transformation:[-0.9899561784975746f,0.012232375853259092f,-0.14084435961536595f,-1.4267606097857093f,-0.048932070924750215f,0.9050262387702529f,0.42253184444770975f,3.7758200821032832f,0.1326364093659549f,0.4251798162170367f,-0.8953377612902036f,1.2727373753294224f,0f,0f,0f,1f],start_interpolation:0}
execute if entity @s[tag=aj.calamity.bone.2] run data modify entity @s {} merge value {transformation:[-0.7240358940554646f,0.6752295094883227f,-0.14084435961536595f,-1.2368523102421185f,0.5728335893631551f,0.7023734899075703f,0.42253184444770975f,3.9733626261397874f,0.3842313144664651f,0.2252478417015771f,-0.8953377612902036f,1.336088330807991f,0f,0f,0f,1f],start_interpolation:0}
execute if entity @s[tag=aj.calamity.bone.1] run data modify entity @s {} merge value {transformation:[0.34675418247122525f,0.9273210896465416f,-0.14084435961536595f,-0.9760432537790286f,0.8681224156556338f,-0.26044253082751834f,0.42253184444770975f,3.900113164344548f,0.35514082893260646f,-0.268784829990287f,-0.8953377612902036f,1.2604925973732226f,0f,0f,0f,1f],start_interpolation:0}
execute if entity @s[tag=aj.calamity.bone.sword] run data modify entity @s {} merge value {transformation:[2.5700030390090918f,0.029849464337820247f,2.5651841944513007f,-0.9711106475159731f,0.015457404730549044f,-3.631118447267829f,0.02676664062328849f,3.300072996380939f,2.565311289224569f,-0.00802458036320124f,-2.5700369954510327f,1.2591665402316288f,0f,0f,0f,1f],start_interpolation:0}