execute if entity @s[tag=aj.calamity.bone.9] run data modify entity @s {} merge value {transformation:[0.9380075912288216f,-0.2016322461008877f,0.2819329638928643f,0.37907558194485413f,0.11470959036327463f,0.9481372566964344f,0.29644131348860453f,1.8281720284921856f,-0.32708327483348f,-0.24572378760809954f,0.9124890966623848f,0.19130065551799572f,0f,0f,0f,1f],start_interpolation:0}
execute if entity @s[tag=aj.calamity.bone.8] run data modify entity @s {} merge value {transformation:[0.9536140650604292f,-0.09555294184414717f,0.2854642713613255f,0.35220131705118773f,0.06050696929397831f,0.9897737800866737f,0.12917728484448918f,2.1065459041415626f,-0.2948883205313174f,-0.10591269781223475f,0.949643816836793f,0.1615127092583047f,0f,0f,0f,1f],start_interpolation:0}
execute if entity @s[tag=aj.calamity.bone.7] run data modify entity @s {} merge value {transformation:[0.766337256852875f,-0.045816075073500995f,0.6408026966423206f,0.3393155459367656f,0.08476589904630298f,0.9959442206451239f,-0.030163748481389398f,2.3866552161980037f,-0.6368217577298081f,0.07743382095980955f,0.7671128028220368f,0.18329097140325112f,0f,0f,0f,1f],start_interpolation:0}
execute if entity @s[tag=aj.calamity.bone.6] run data modify entity @s {} merge value {transformation:[0.5743982052229465f,-0.047158067635908796f,0.8172165064984339f,0.3260523394141663f,0.08914463610140574f,0.9960052110567227f,-0.0051820268429411676f,2.666781681807707f,-0.8137075246616596f,0.07582701500586737f,0.576307494402332f,0.20461731937365132f,0f,0f,0f,1f],start_interpolation:0}
execute if entity @s[tag=aj.calamity.bone.5] run data modify entity @s {} merge value {transformation:[0.25871721849882967f,-0.12031690272092332f,0.9584306150013534f,0.2922132105239066f,0.13070009725840265f,0.9874480157451344f,0.08867863766229518f,2.9445014362360262f,-0.9570699480335138f,0.10232428411985288f,0.27119523493322406f,0.23339602428235995f,0f,0f,0f,1f],start_interpolation:0}
execute if entity @s[tag=aj.calamity.bone.4] run data modify entity @s {} merge value {transformation:[0.11077979660450263f,-0.16461020727177805f,0.9801180114283213f,0.24591658972871905f,-0.05191087442584662f,0.9838834530366348f,0.17110994114034334f,3.22121865740258f,-0.9924883363448705f,-0.06983430749030184f,0.10044934901103614f,0.21375512530071256f,0f,0f,0f,1f],start_interpolation:0}
execute if entity @s[tag=aj.calamity.bone.3] run data modify entity @s {} merge value {transformation:[0.1261483056312906f,-0.3268037803398891f,0.9366354115353058f,0.1693219537115575f,-0.2681036247811393f,0.8978105312815107f,0.34936613502059055f,3.431643000671684f,-0.9550953100950546f,-0.2951872949087899f,0.025639999197787738f,0.14457060305646488f,0f,0f,0f,1f],start_interpolation:0}
execute if entity @s[tag=aj.calamity.bone.2] run data modify entity @s {} merge value {transformation:[0.0794257441726405f,-0.25857867716280214f,0.9627193874018313f,0.09659670075951941f,-0.38031254867296416f,0.8848606375379208f,0.26904277997719733f,3.680510054979224f,-0.9214412170532076f,-0.3875031868936302f,-0.028060001118742545f,0.035585331742631426f,0f,0f,0f,1f],start_interpolation:0}
execute if entity @s[tag=aj.calamity.bone.1] run data modify entity @s {} merge value {transformation:[0.07630846333624536f,-0.022483183039300404f,0.9968307403484715f,0.09027330552971617f,-0.3015148554250642f,0.9524195240595426f,0.044562788828765555f,3.94837804612097f,-0.9504029726285916f,-0.3039597944969299f,0.06589865664883181f,-0.04990336045963013f,0f,0f,0f,1f],start_interpolation:0}
execute if entity @s[tag=aj.calamity.bone.sword] run data modify entity @s {} merge value {transformation:[-3.5558040579525683f,-0.711754783845035f,0.1887834516628877f,-0.027343749999999997f,-0.7122955458243233f,3.5606942480897756f,0.00825163736550102f,4.536780656974511f,-0.18673274845852758f,-0.028951024059432645f,-3.626330001717857f,-0.0546875f,0f,0f,0f,1f],start_interpolation:0}