execute if entity @s[tag=aj.calamity.bone.9] run data modify entity @s {} merge value {transformation:[-0.7305916909910295f,-0.03782273733022135f,0.6817662514349893f,-1.3982169719325173f,-0.014587814069096794f,0.9991013657714921f,0.039795183053034436f,2.9307205925616047f,-0.6826587557012316f,0.019128550765495547f,-0.7304869073501988f,1.1592245174186173f,0f,0f,0f,1f],start_interpolation:0}
execute if entity @s[tag=aj.calamity.bone.8] run data modify entity @s {} merge value {transformation:[-0.8753426607904199f,-0.05015276438844391f,0.4808949224358113f,-1.412322436916767f,-0.023753055801359405f,0.9978653714874774f,0.0608316753530249f,3.211370228292458f,-0.4829192671041873f,0.04182583663664787f,-0.8746654107995805f,1.1709880339726746f,0f,0f,0f,1f],start_interpolation:0}
execute if entity @s[tag=aj.calamity.bone.7] run data modify entity @s {} merge value {transformation:[-0.9928955584215924f,-0.046134784773775736f,0.10968131883120127f,-1.4252978451343914f,-0.042034237034808984f,0.9983386112783552f,0.03940989910804495f,3.492152962714495f,-0.11131726273842601f,0.034519543228180016f,-0.9931852134177904f,1.1806966555056002f,0f,0f,0f,1f],start_interpolation:0}
execute if entity @s[tag=aj.calamity.bone.6] run data modify entity @s {} merge value {transformation:[-0.9875984309481542f,-0.04475716680566092f,-0.15048632897467473f,-1.4378857982984836f,-0.047564300585089064f,0.9987539684028128f,0.015104565848916798f,3.773052516327786f,0.1496227806806004f,0.022075022517841617f,-0.9884966954331419f,1.1869052555887432f,0f,0f,0f,1f],start_interpolation:0}
execute if entity @s[tag=aj.calamity.bone.5] run data modify entity @s {} merge value {transformation:[-0.9896247201903353f,-0.0639490405033978f,-0.12866014692551603f,-1.4558714659400642f,-0.04865035649370948f,0.9917348594768134f,-0.11872283399388636f,4.05197794555564f,0.1351889640511959f,-0.11123168935694379f,-0.984556476430664f,1.1556213429571027f,0f,0f,0f,1f],start_interpolation:0}
execute if entity @s[tag=aj.calamity.bone.4] run data modify entity @s {} merge value {transformation:[-0.9896247201903353f,-0.03545884615063917f,-0.13923212063983614f,-1.4658442664199316f,-0.04865035649370948f,0.99452210189734f,0.09251449427377106f,4.331687286714267f,0.1351889640511959f,0.09832832281373449f,-0.9859287423193435f,1.1832761837484655f,0f,0f,0f,1f],start_interpolation:0}
execute if entity @s[tag=aj.calamity.bone.3] run data modify entity @s {} merge value {transformation:[-0.9893804960156949f,0.007894287408824918f,-0.14513412531187941f,-1.4639940428084883f,-0.05488235160447236f,0.9043154821408935f,0.4233219061691069f,4.543636227841039f,0.13458886130025954f,0.4267917395950747f,-0.8942788432179917f,1.2833054977160612f,0f,0f,0f,1f],start_interpolation:0}
execute if entity @s[tag=aj.calamity.bone.2] run data modify entity @s {} merge value {transformation:[-0.7283235305498253f,0.669687181090838f,-0.14513412531187941f,-1.2756445231266902f,0.5660635189430121f,0.7073688261997468f,0.4233219061691069f,4.7425837102097175f,0.3861566098997806f,0.22616017156740748f,-0.8942788432179917f,1.3469130459693945f,0f,0f,0f,1f],start_interpolation:0}
execute if entity @s[tag=aj.calamity.bone.1] run data modify entity @s {} merge value {transformation:[0.33999293125193736f,0.929161391992086f,-0.14513412531187941f,-1.014317881628916f,0.8701467108282528f,-0.2522761688945801f,0.4233219061691069f,4.671631037708117f,0.35672049048728394f,-0.2702144375106596f,-0.8942788432179917f,1.2709152354195214f,0f,0f,0f,1f],start_interpolation:0}
execute if entity @s[tag=aj.calamity.bone.sword] run data modify entity @s {} merge value {transformation:[2.57221422680191f,0.059476063366356954f,2.5624506106117027f,-1.0044894974628704f,0.030835818776793526f,-3.6307275982510787f,0.053318121481449175f,4.0716554573125165f,2.562955264185899f,-0.016008362951498725f,-2.5723492392358773f,1.268269862944419f,0f,0f,0f,1f],start_interpolation:0}