execute if entity @s[tag=aj.calamity.bone.9] run data modify entity @s {} merge value {transformation:[-0.33011061806068837f,-0.9414551990694894f,0.06847691573529009f,1.1544070854124324f,-0.3301648138430901f,0.18312063119846134f,0.9259902969952948f,6.102537238071627f,-0.8843179154260914f,0.28307056112302625f,-0.3712854452869752f,-0.14663197463747812f,0f,0f,0f,1f],start_interpolation:0}
execute if entity @s[tag=aj.calamity.bone.8] run data modify entity @s {} merge value {transformation:[-0.18297571433191673f,-0.9788217864168609f,0.0918030413462955f,0.8791134579826904f,0.05537600550787475f,0.08296984544147704f,0.9950123128692472f,6.125872507102042f,-0.9815566137410092f,0.18714677443953537f,0.039021773898184675f,-0.09399694432635881f,0f,0f,0f,1f],start_interpolation:0}
execute if entity @s[tag=aj.calamity.bone.7] run data modify entity @s {} merge value {transformation:[-0.13734364072616262f,-0.9796205344022222f,-0.14656170348896447f,0.6035951826820654f,-0.3292237266803491f,-0.09440491445197527f,0.9395208618854705f,6.099321124912424f,-0.9342100738820929f,0.17728880592079013f,-0.30954840841521886f,-0.04413446766113659f,0f,0f,0f,1f],start_interpolation:0}
execute if entity @s[tag=aj.calamity.bone.6] run data modify entity @s {} merge value {transformation:[-0.029220560349256866f,-0.9063098378820761f,-0.421602462766811f,0.34869554077773157f,-0.5461240158760445f,-0.338789620021229f,0.76613977357222f,6.004036544281454f,-0.8371945521420316f,0.25263426355907476f,-0.48505794575459443f,0.026918918964853156f,0f,0f,0f,1f],start_interpolation:0}
execute if entity @s[tag=aj.calamity.bone.5] run data modify entity @s {} merge value {transformation:[0.10179671434328225f,-0.9226749728505848f,-0.37189827026229205f,0.08919320466350451f,-0.7543326307151755f,-0.3153137361601136f,0.5758120613768631f,5.915354555986422f,-0.6485520111658236f,0.22191922463798136f,-0.7281017418938391f,0.08933370089428544f,0f,0f,0f,1f],start_interpolation:0}
execute if entity @s[tag=aj.calamity.bone.4] run data modify entity @s {} merge value {transformation:[0.4667872245472121f,-0.6256605080278255f,-0.6250268919765564f,-0.08677381321932133f,-0.5617854650777573f,-0.7556115762122063f,0.3368207789336533f,5.702838800176739f,-0.6830130146833798f,0.19390738662688495f,-0.7041968099790379f,0.1438701533830968f,0f,0f,0f,1f],start_interpolation:0}
execute if entity @s[tag=aj.calamity.bone.3] run data modify entity @s {} merge value {transformation:[0.5984796379128919f,-0.28362276518003315f,-0.7492531281718385f,-0.15324789880839162f,-0.36401909924110953f,-0.9293888627654778f,0.06104455057728535f,5.48501328546608f,-0.713661136949004f,0.2362085282946475f,-0.6594644135732661f,0.19923152720215484f,0f,0f,0f,1f],start_interpolation:0}
execute if entity @s[tag=aj.calamity.bone.2] run data modify entity @s {} merge value {transformation:[0.6605834107647853f,-0.047426863137649565f,-0.7492531281718385f,-0.16658670406585557f,-0.0024227888385099094f,-0.998132101947964f,0.06104455057728535f,5.204288631793215f,-0.7507487512587729f,-0.03850973531279314f,-0.6594644135732661f,0.18840066414543177f,0f,0f,0f,1f],start_interpolation:0}
execute if entity @s[tag=aj.calamity.bone.1] run data modify entity @s {} merge value {transformation:[0.6556960827173656f,-0.0931793809478045f,-0.7492531281718385f,-0.1927934049574256f,-0.07172129412752339f,-0.9955549300834636f,0.06104455057728535f,4.92428880770724f,-0.7516107390649598f,0.013710731296811426f,-0.6594644135732661f,0.19225680732265998f,0f,0f,0f,1f],start_interpolation:0}
execute if entity @s[tag=aj.calamity.bone.sword] run data modify entity @s {} merge value {transformation:[2.869642951475841f,2.1118436221289447f,0.7008868733385698f,0.15618749999999978f,2.0877805557568516f,-2.9510811044300267f,0.3439029348226855f,4.43662440697451f,0.7696091505099374f,0.13119982183427378f,-3.5463311921903213f,0.2139374999999998f,0f,0f,0f,1f],start_interpolation:0}