execute if entity @s[tag=aj.calamity.bone.9] run data modify entity @s {} merge value {transformation:[0.4046141511431679f,-0.3683224432935043f,-0.8370340294522062f,1.7905115851231506f,0.6073516841051629f,-0.5760536860651055f,0.5470704548642955f,3.0353119306938936f,-0.6836748646171775f,-0.7297264751515518f,-0.009378216972087183f,0.6309222417541781f,0f,0f,0f,1f],start_interpolation:0}
execute if entity @s[tag=aj.calamity.bone.8] run data modify entity @s {} merge value {transformation:[0.21919255730853437f,-0.6300409013466003f,-0.7449852921037489f,1.6133125816194192f,0.8753317195854551f,-0.2102986167013255f,0.43539507633995955f,2.9761654447466457f,-0.4309860827313511f,-0.7475446170255473f,0.5053988939916791f,0.4206753182157429f,0f,0f,0f,1f],start_interpolation:0}
execute if entity @s[tag=aj.calamity.bone.7] run data modify entity @s {} merge value {transformation:[0.35899411308624646f,-0.8858553642132873f,-0.29391070151316934f,1.3641657604344322f,0.6236820455077197f,-0.006589363586194108f,0.7816503607104877f,2.9743121862380284f,-0.69436584944878f,-0.46391470550314834f,0.5501265428401007f,0.2901993072929824f,0f,0f,0f,1f],start_interpolation:0}
execute if entity @s[tag=aj.calamity.bone.6] run data modify entity @s {} merge value {transformation:[0.32753503876985746f,-0.9303788520731764f,0.1646693353148253f,1.1024967082888515f,0.41543257019548263f,0.2983410703742913f,0.8593069215063367f,3.058220612280798f,-0.8486086129652487f,-0.21304412064856504f,0.48422683182396675f,0.2302806483605735f,0f,0f,0f,1f],start_interpolation:0}
execute if entity @s[tag=aj.calamity.bone.5] run data modify entity @s {} merge value {transformation:[0.0926693903967754f,-0.8269694460066754f,0.5545574086196148f,0.869911551599474f,0.1912705783100045f,0.561366196529145f,0.8051605798021646f,3.21610485505462f,-0.9771529818592616f,0.031456776150990476f,0.21019638740411312f,0.23912786665303956f,0f,0f,0f,1f],start_interpolation:0}
execute if entity @s[tag=aj.calamity.bone.4] run data modify entity @s {} merge value {transformation:[0.08952252332169998f,-0.742090521078261f,0.6642946457287691f,0.6611985925462132f,-0.04535929359445584f,0.6632429005390035f,0.7470283725329456f,3.402641920831215f,-0.9949513818788974f,-0.09700780077088839f,0.02571447621220327f,0.21184442268622722f,0f,0f,0f,1f],start_interpolation:0}
execute if entity @s[tag=aj.calamity.bone.3] run data modify entity @s {} merge value {transformation:[0.20233621605582655f,-0.7119403850012326f,0.672458878948376f,0.4943375648115492f,-0.22697213617929599f,0.6338736606277567f,0.7393834132306285f,3.5512060600408453f,-0.9526508830995839f,-0.3022334702951744f,-0.033335032067164753f,0.1410084530857957f,0f,0f,0f,1f],start_interpolation:0}
execute if entity @s[tag=aj.calamity.bone.2] run data modify entity @s {} merge value {transformation:[0.19608047156013134f,-0.5582300685148593f,0.8061833781954648f,0.3373353580417451f,-0.347263715381655f,0.7293317484488171f,0.5894769823190046f,3.756330614292075f,-0.9170389090175429f,-0.3955431598580447f,-0.05084533447060683f,0.029761939375720685f,0f,0f,0f,1f],start_interpolation:0}
execute if entity @s[tag=aj.calamity.bone.1] run data modify entity @s {} merge value {transformation:[0.16304244647067545f,-0.3861874130266833f,0.9078967136566883f,0.22872014812799038f,-0.2727637093849935f,0.8667008263493514f,0.41764774206008826f,4.0000902217028305f,-0.9481651330287334f,-0.31573558498387405f,0.03597111179120156f,-0.05903869390099393f,0f,0f,0f,1f],start_interpolation:0}
execute if entity @s[tag=aj.calamity.bone.sword] run data modify entity @s {} merge value {transformation:[-3.262574748817516f,-1.5798411024411982f,0.21373970598767905f,-0.032347656249999995f,-1.578860608676488f,3.2693893781855476f,0.06533631974043035f,4.5403548757245105f,-0.2208659078446243f,-0.034230795271117415f,-3.6243651948868334f,-0.06469531249999999f,0f,0f,0f,1f],start_interpolation:0}