execute if entity @s[tag=aj.calamity.bone.9] run data modify entity @s {} merge value {transformation:[-0.7273939589477845f,-0.03372581059279428f,0.6853908360826887f,-1.43269029565535f,-0.006254955095063963f,0.9990759108957658f,0.042522932689953066f,3.3983793115913534f,-0.6861915942526744f,0.026643835453149654f,-0.7269327355466382f,1.1542939746426493f,0f,0f,0f,1f],start_interpolation:0}
execute if entity @s[tag=aj.calamity.bone.8] run data modify entity @s {} merge value {transformation:[-0.8805966948809368f,-0.05268177006731371f,0.4709289671143031f,-1.447507043486782f,-0.017501267401789738f,0.9967386224059497f,0.0787770540425331f,3.678712049143027f,-0.47354320458021654f,0.06112895964159564f,-0.8786467342960056f,1.171486494541848f,0f,0f,0f,1f],start_interpolation:0}
execute if entity @s[tag=aj.calamity.bone.7] run data modify entity @s {} merge value {transformation:[-0.9940249593561654f,-0.04665766315980168f,0.09867848116706956f,-1.4606295112504764f,-0.04143745163216493f,0.9976641785287097f,0.05430584206939837f,3.9593050993542267f,-0.10098176953888863f,0.0498923776653402f,-0.9936364691735574f,1.1855187257602249f,0f,0f,0f,1f],start_interpolation:0}
execute if entity @s[tag=aj.calamity.bone.6] run data modify entity @s {} merge value {transformation:[-0.9859210936264017f,-0.04475706584474505f,-0.1611099072046433f,-1.4732174360193109f,-0.04912740965367861f,0.9985220155196098f,0.023243970043329468f,4.240139416219117f,0.15983145736443533f,0.03083163277584744f,-0.9866627162597846f,1.194190122478432f,0f,0f,0f,1f],start_interpolation:0}
execute if entity @s[tag=aj.calamity.bone.5] run data modify entity @s {} merge value {transformation:[-0.9891709765559832f,-0.06536540648690885f,-0.13140830557496522f,-1.491601456593754f,-0.05065148621404761f,0.9923765570667578f,-0.1123529969722027f,4.519245322894143f,0.137750521173571f,-0.10448029775574343f,-0.9849409430505369f,1.1648050387346292f,0f,0f,0f,1f],start_interpolation:0}
execute if entity @s[tag=aj.calamity.bone.4] run data modify entity @s {} merge value {transformation:[-0.9891709765559832f,-0.036738012399202324f,-0.14209538199476546f,-1.5019340225810298f,-0.05065148621404761f,0.9941328812284034f,0.09557322535533092f,4.798845195739632f,0.137750521173571f,0.10173560293952555f,-0.9852282278796831f,1.1934181770613708f,0f,0f,0f,1f],start_interpolation:0}
execute if entity @s[tag=aj.calamity.bone.3] run data modify entity @s {} merge value {transformation:[-0.9887661483531267f,0.004258848793330772f,-0.1494100601628885f,-1.5009358548950928f,-0.06018752859602933f,0.9036288062891148f,0.42406655355735295f,5.010633197213643f,0.13681726964248558f,0.4282952750748773f,-0.893221244751887f,1.2937998821570451f,0f,0f,0f,1f],start_interpolation:0}
execute if entity @s[tag=aj.calamity.bone.2] run data modify entity @s {} merge value {transformation:[-0.7325186468232747f,0.6641483764779677f,-0.1494100601628885f,-1.3141441240106646f,0.5593047627487158f,0.7122820652807365f,0.42406655355735295f,5.21096252807385f,0.38806521929026466f,0.2270708997231663f,-0.893221244751887f,1.3576635727041857f,0f,0f,0f,1f],start_interpolation:0}
execute if entity @s[tag=aj.calamity.bone.1] run data modify entity @s {} merge value {transformation:[0.333270341540833f,0.930917565293178f,-0.1494100601628885f,-1.0523235587719582f,0.8720994878345615f,-0.24415167718589242f,0.42406655355735295f,5.142294868865317f,0.35829228678266595f,-0.2716292420854893f,-0.893221244751887f,1.2812678483676418f,0f,0f,0f,1f],start_interpolation:0}
execute if entity @s[tag=aj.calamity.bone.sword] run data modify entity @s {} merge value {transformation:[2.574316775622796f,0.08887783170666344f,2.5594863610260106f,-1.037636549840692f,0.046134086145808065f,-3.6300831458159544f,0.07965276554164573f,4.542425783852071f,2.5606134708976556f,-0.023950949752843568f,-2.5746187226778643f,1.2773099681383704f,0f,0f,0f,1f],start_interpolation:0}