execute if entity @s[tag=aj.calamity.bone.9] run data modify entity @s {} merge value {transformation:[-0.7275427671993011f,-0.03383294624724821f,0.6852275925881954f,-1.4306975530304165f,-0.006616481668190625f,0.9990828593124638f,0.04230440164292687f,3.4355236247468866f,-0.6860304250296178f,0.026244465631107473f,-0.7270993631942059f,1.154446607672718f,0f,0f,0f,1f],start_interpolation:0}
execute if entity @s[tag=aj.calamity.bone.8] run data modify entity @s {} merge value {transformation:[-0.8803376996351026f,-0.052464039953333944f,0.47143722711825653f,-1.4454530642672916f,-0.01772723887576344f,0.9968092382851914f,0.07782729258517301f,3.7158762230145967f,-0.4740161174506806f,0.060157019383206396f,-0.8784587943756447f,1.1713657693742447f,0f,0f,0f,1f],start_interpolation:0}
execute if entity @s[tag=aj.calamity.bone.7] run data modify entity @s {} merge value {transformation:[-0.9939752439746707f,-0.04653579861482324f,0.09923524481137863f,-1.4585412576277106f,-0.04136522557581416f,0.9977085152807779f,0.05354098102657448f,3.9964817429373154f,-0.10149942107497817f,0.04911352139183875f,-0.9936225286988705f,1.1851789472656995f,0f,0f,0f,1f],start_interpolation:0}
execute if entity @s[tag=aj.calamity.bone.6] run data modify entity @s {} merge value {transformation:[-0.9860127846763462f,-0.04465710211152112f,-0.16057562606385276f,-1.4711010675965759f,-0.04894354700011942f,0.9985404386915748f,0.022836845331273045f,4.277321241319321f,0.15932142875910976f,0.030376562159641324f,-0.9867593155423046f,1.1937223553730987f,0f,0f,0f,1f],start_interpolation:0}
execute if entity @s[tag=aj.calamity.bone.5] run data modify entity @s {} merge value {transformation:[-0.9892002905281575f,-0.0651940290018204f,-0.1312727077557191f,-1.489436888253338f,-0.05044866600680804f,0.9923501080326266f,-0.11267739429791593f,4.556419709203497f,0.13761437903483076f,-0.1048379781860766f,-0.9849219669662738f,1.1642366740082646f,0f,0f,0f,1f],start_interpolation:0}
execute if entity @s[tag=aj.calamity.bone.4] run data modify entity @s {} merge value {transformation:[-0.9892002905281575f,-0.036575349383648f,-0.141933185113534f,-1.499723705267489f,-0.05044866600680804f,0.9941586772571579f,0.09541203557430211f,4.8360268371820725f,0.13761437903483076f,0.10154195316105769f,-0.9852672299590073f,1.192795348334812f,0f,0f,0f,1f],start_interpolation:0}
execute if entity @s[tag=aj.calamity.bone.3] run data modify entity @s {} merge value {transformation:[-0.9888047662989301f,0.004523673776027304f,-0.14914647337462011f,-1.4986634692262326f,-0.059823176495641506f,0.903673963077031f,0.4240218815233765f,5.047825422278252f,0.13669792133931447f,0.4281972732657473f,-0.8932865013360995f,1.2931540842564715f,0f,0f,0f,1f],start_interpolation:0}
execute if entity @s[tag=aj.calamity.bone.2] run data modify entity @s {} merge value {transformation:[-0.7322622970061841f,0.6644902240538538f,-0.14914647337462011f,-1.3117755937110862f,0.5597217026863143f,0.7119810808801796f,0.4240218815233765f,5.248070101275802f,0.38794786237993373f,0.22701471891829056f,-0.8932865013360995f,1.3570019739522408f,0f,0f,0f,1f],start_interpolation:0}
execute if entity @s[tag=aj.calamity.bone.1] run data modify entity @s {} merge value {transformation:[0.33368426834732323f,0.9308115483476909f,-0.14914647337462011f,-1.049984845738298f,0.8719809705136922f,-0.2446520612040197f,0.4240218815233765f,5.179261709062172f,0.35819547194166407f,-0.2715423179012787f,-0.8932865013360995f,1.280630697042506f,0f,0f,0f,1f],start_interpolation:0}
execute if entity @s[tag=aj.calamity.bone.sword] run data modify entity @s {} merge value {transformation:[2.574190076747862f,0.0870690843573488f,2.559675953284323f,-1.035596731232826f,0.045191898337472634f,-3.6301301743241057f,0.0780331486375752f,4.5793848526158705f,2.560757642495184f,-0.02346176700104332f,-2.5744798318090774f,1.2767536539725886f,0f,0f,0f,1f],start_interpolation:0}