execute if entity @s[tag=aj.calamity.bone.9] run data modify entity @s {} merge value {transformation:[-0.7273131298368885f,-0.03369785657557846f,0.6854779833292106f,-1.4339022274615283f,-0.006069844306070566f,0.9990706255749409f,0.042673669907758865f,3.352903361616856f,-0.6862789288306688f,0.026876375788190847f,-0.7268417243578699f,1.1542364433719083f,0f,0f,0f,1f],start_interpolation:0}
execute if entity @s[tag=aj.calamity.bone.8] run data modify entity @s {} merge value {transformation:[-0.8807428414712727f,-0.052835497681379864f,0.47063835094674333f,-1.4487622111844163f,-0.01739948195426949f,0.9966964226854259f,0.0793315765240918f,3.633224230497132f,-0.47327508409468616f,0.061681854631939335f,-0.8787525496886662f,1.1715844649871412f,0f,0f,0f,1f],start_interpolation:0}
execute if entity @s[tag=aj.calamity.bone.7] run data modify entity @s {} merge value {transformation:[-0.9940517010839821f,-0.04675790118816042f,0.09836114196429452f,-1.4619128708935865f,-0.04150947920117814f,0.9976371436307043f,0.05474571019556144f,3.9138096771432673f,-0.10068852322131291f,0.05033714657037758f,-0.993643795817527f,1.18574178746006f,0f,0f,0f,1f],start_interpolation:0}
execute if entity @s[tag=aj.calamity.bone.6] run data modify entity @s {} merge value {transformation:[-0.9858674164937168f,-0.044845304416248614f,-0.16141355509317865f,-1.4745256127606563f,-0.04926389933130211f,0.998509884590938f,0.023475063298470378f,4.194640582184468f,0.16012028390769195f,0.031095161134907456f,-0.9866076148273508f,1.1944873015292528f,0f,0f,0f,1f],start_interpolation:0}
execute if entity @s[tag=aj.calamity.bone.5] run data modify entity @s {} merge value {transformation:[-0.9891523607658322f,-0.06549399248649673f,-0.1314843874365316f,-1.4929457981474834f,-0.05079839844057529f,0.9923900685482869f,-0.11216717239281422f,4.473750288963674f,0.13783007620709542f,-0.10427122707106427f,-0.9849519690308969f,1.165161018915516f,0f,0f,0f,1f],start_interpolation:0}
execute if entity @s[tag=aj.calamity.bone.4] run data modify entity @s {} merge value {transformation:[-0.9891523607658322f,-0.03686099922961422f,-0.14219308677701464f,-1.5033129541808123f,-0.05079839844057529f,0.9941163326214983f,0.09566733993926813f,4.753345507513471f,0.13783007620709542f,0.10185275622670859f,-0.9852049970142098f,1.1938071066042777f,0f,0f,0f,1f],start_interpolation:0}
execute if entity @s[tag=aj.calamity.bone.3] run data modify entity @s {} merge value {transformation:[-0.9887419784185254f,0.004082867814431124f,-0.14957483178473113f,-1.502356032036805f,-0.06042483316857783f,0.9035999016262264f,0.4240943967062333f,4.965126734457118f,0.13688732464903464f,0.4283579670923424f,-0.8931804478261633f,1.2942035051415455f,0f,0f,0f,1f],start_interpolation:0}
execute if entity @s[tag=aj.calamity.bone.2] run data modify entity @s {} merge value {transformation:[-0.7326787446365866f,0.6639346555605644f,-0.14957483178473113f,-1.3156244101603964f,0.5590441079765551f,0.7124700892101185f,0.4240943967062333f,5.1655089470474636f,0.388138560947574f,0.22710602177529535f,-0.8931804478261633f,1.3580770737658472f,0f,0f,0f,1f],start_interpolation:0}
execute if entity @s[tag=aj.calamity.bone.1] run data modify entity @s {} merge value {transformation:[0.33301162237886234f,0.9309836889318566f,-0.14957483178473113f,-1.0537852476483116f,0.8721734510316671f,-0.24383890993417917f,0.4240943967062333f,5.096929253628476f,0.35835280196492225f,-0.2716835603140974f,-0.8931804478261633f,1.2816660724275073f,0f,0f,0f,1f],start_interpolation:0}
execute if entity @s[tag=aj.calamity.bone.sword] run data modify entity @s {} merge value {transformation:[2.5743957831949023f,0.09000825783352004f,2.5593673881430314f,-1.0389114364706082f,0.04672300348689678f,-3.630053262384197f,0.08066495954885626f,4.497065106834588f,2.5605233595719197f,-0.02425671609327538f,-2.574705478168503f,1.2776576644919837f,0f,0f,0f,1f],start_interpolation:0}