execute if entity @s[tag=aj.calamity.bone.9] run data modify entity @s {} merge value {transformation:[-0.7325600756041005f,-0.03985460938510833f,0.6795346538195642f,-1.375912165166909f,-0.019374536770989083f,0.9991008590521967f,0.03771075133264011f,2.9303720765661967f,-0.6804266036508453f,0.014459721709737836f,-0.7326735654384238f,1.162026422688457f,0f,0f,0f,1f],start_interpolation:0}
execute if entity @s[tag=aj.calamity.bone.8] run data modify entity @s {} merge value {transformation:[-0.8720306529371664f,-0.04810033623070592f,0.4870820238855798f,-1.389440384731795f,-0.027452309170646984f,0.9983994675731511f,0.04944566584492073f,3.2111719268211454f,-0.4886807864641079f,0.029746609960487815f,-0.8719554049013511f,1.1703926567398442f,0f,0f,0f,1f],start_interpolation:0}
execute if entity @s[tag=aj.calamity.bone.7] run data modify entity @s {} merge value {transformation:[-0.9921496507017108f,-0.045371911342197126f,0.11653523189846601f,-1.402201234796788f,-0.04214476085823561f,0.9986607092955305f,0.03001011232151624f,3.4920452513105134f,-0.11774077350126294f,0.024863172977391608f,-0.992733062250281f,1.1773854241397355f,0f,0f,0f,1f],start_interpolation:0}
execute if entity @s[tag=aj.calamity.bone.6] run data modify entity @s {} merge value {transformation:[-0.988602086413759f,-0.044391416982368634f,-0.1438586696610956f,-1.4146863208230793f,-0.046304464453894606f,0.9988775604354319f,0.00997576213621608f,3.7729795651829785f,0.14325435878185555f,0.01652335791713741f,-0.9895479611080715f,1.1820326185539303f,0f,0f,0f,1f],start_interpolation:0}
execute if entity @s[tag=aj.calamity.bone.5] run data modify entity @s {} merge value {transformation:[-0.9899204402611068f,-0.06272578494287138f,-0.12697636731517117f,-1.432327947838262f,-0.04707097201887206f,0.9913220906574569f,-0.1227388942745027f,4.051788903180388f,0.13357337139735237f,-0.11552483922442663f,-0.9842825640920981f,1.1495412575220603f,0f,0f,0f,1f],start_interpolation:0}
execute if entity @s[tag=aj.calamity.bone.4] run data modify entity @s {} merge value {transformation:[-0.9899204402611068f,-0.0343336034809857f,-0.13739987490993968f,-1.4419842738172892f,-0.04707097201887206f,0.9947784635556374f,0.09055458044231857f,4.331570346055411f,0.13357337139735237f,0.09610937580640211f,-0.9863676506940242f,1.1765720194676108f,0f,0f,0f,1f],start_interpolation:0}
execute if entity @s[tag=aj.calamity.bone.3] run data modify entity @s {} merge value {transformation:[-0.9897664866923241f,0.010439605287586362f,-0.14231414709076923f,-1.4395374913280112f,-0.05125051621022564f,0.904769183366851f,0.4228074140999272f,4.543625623407017f,0.13317539716073293f,0.4257742823035714f,-0.8949751807284712f,1.2763628668825104f,0f,0f,0f,1f],start_interpolation:0}
execute if entity @s[tag=aj.calamity.bone.2] run data modify entity @s {} merge value {transformation:[-0.7255139168290795f,0.673332191436853f,-0.14231414709076923f,-1.2501628124863964f,0.5705151806084862f,0.7040925502214885f,0.4228074140999272f,4.7416516531568105f,0.3848921734493882f,0.2255602817373802f,-0.8949751807284712f,1.3398016961211485f,0f,0f,0f,1f],start_interpolation:0}
execute if entity @s[tag=aj.calamity.bone.1] run data modify entity @s {} merge value {transformation:[0.3444356743286875f,0.9279605324514453f,-0.14231414709076923f,-0.9891739127344272f,0.8688234036749533f,-0.25764274452971186f,0.4228074140999272f,4.669189631257829f,0.35568238567071636f,-0.2692758184531765f,-0.8949751807284712f,1.2640678721811927f,0f,0f,0f,1f],start_interpolation:0}
execute if entity @s[tag=aj.calamity.bone.sword] run data modify entity @s {} merge value {transformation:[2.570772205932065f,0.040015062385644104f,2.5642748726471307f,-0.9825614474283113f,0.020729984239455903f,-3.6310135692712913f,0.03587882413336291f,4.069166794320893f,2.5645032843536426f,-0.010761833023880521f,-2.5708332598574617f,1.2622894856622664f,0f,0f,0f,1f],start_interpolation:0}