execute if entity @s[tag=aj.calamity.bone.9] run data modify entity @s {} merge value {transformation:[0.9999619891598588f,-0.00635254672566541f,0.0059720503645735445f,-0.057357095661753184f,0.007024467224887263f,0.9927241741248678f,-0.12020553634631675f,1.7704855607682468f,-0.0051649874796793616f,0.12024291770494193f,0.9927310631012495f,0.25120259139173895f,0f,0f,0f,1f],start_interpolation:0}
execute if entity @s[tag=aj.calamity.bone.8] run data modify entity @s {} merge value {transformation:[0.9418003786802969f,-0.027934435734697158f,0.3350100207722653f,-0.06521365571213676f,0.026914465266234127f,0.9996081791038118f,0.007687641263383914f,2.051625361141194f,-0.33509350676651734f,0.0017763921149023323f,0.9421832020122052f,0.2517022016740552f,0f,0f,0f,1f],start_interpolation:0}
execute if entity @s[tag=aj.calamity.bone.7] run data modify entity @s {} merge value {transformation:[0.7418957065294275f,0.06885375244706404f,0.6669707050591953f,-0.0458485378364f,-0.04208707318918694f,0.9975341009819506f,-0.05616400669913037f,2.3321818270423673f,-0.6691931252662189f,0.01359699055270493f,0.742964119553791f,0.25552635526700346f,0f,0f,0f,1f],start_interpolation:0}
execute if entity @s[tag=aj.calamity.bone.6] run data modify entity @s {} merge value {transformation:[0.5439915023549735f,0.06885375244706404f,0.8362609677245121f,-0.026483419960663248f,-0.026116676363353387f,0.9975341009819506f,-0.06514320067254753f,2.6127382929435408f,-0.8386841864380836f,0.01359699055270493f,0.5444483054125514f,0.2593505088599517f,0f,0f,0f,1f],start_interpolation:0}
execute if entity @s[tag=aj.calamity.bone.5] run data modify entity @s {} merge value {transformation:[0.2353685345237676f,0.06925792846277354f,0.969435398725041f,-0.007004627580508183f,0.0720872490436032f,0.9934663024849929f,-0.08847674469668512f,2.892150690517445f,-0.9692291171242531f,0.09070857275826913f,0.22883809417729872f,0.2848622949482149f,0f,0f,0f,1f],start_interpolation:0}
execute if entity @s[tag=aj.calamity.bone.4] run data modify entity @s {} merge value {transformation:[0.053771308332503334f,0.026940432880523474f,0.9981897913104606f,0.0005723691671390418f,-0.07842624815708372f,0.9966620249678206f,-0.022674469939711867f,3.1724618850396444f,-0.995468718745202f,-0.0770650443667774f,0.055704658122389034f,0.2631877512200588f,0f,0f,0f,1f],start_interpolation:0}
execute if entity @s[tag=aj.calamity.bone.3] run data modify entity @s {} merge value {transformation:[0.02416227661661846f,-0.1394848187886515f,0.9899293761254885f,-0.032119385236451165f,-0.2907999128763597f,0.9464188697846376f,0.1404518906482603f,3.394278807645419f,-0.9564787478348924f,-0.29126501376421143f,-0.017694538624390813f,0.19492251361907173f,0f,0f,0f,1f],start_interpolation:0}
execute if entity @s[tag=aj.calamity.bone.2] run data modify entity @s {} merge value {transformation:[-0.04708148309538773f,-0.06740277694446334f,0.9966143685547151f,-0.051076416252081466f,-0.3878051308727327f,0.9206931014374354f,0.04394762148625375f,3.6532237424246974f,-0.9205381656500297f,-0.3844230464289196f,-0.0694867394254999f,0.08680353181093813f,0f,0f,0f,1f],start_interpolation:0}
execute if entity @s[tag=aj.calamity.bone.1] run data modify entity @s {} merge value {transformation:[-0.03383752398055647f,0.15343476732362993f,0.9875792596785378f,-0.007922887942310535f,-0.3071587940844143f,0.938723785195248f,-0.1563685720511454f,3.917239807010861f,-0.9510565162951536f,-0.3086347797722243f,0.015364749509085961f,-9.702739358553757e-19f,0f,0f,0f,1f],start_interpolation:0}
execute if entity @s[tag=aj.calamity.bone.sword] run data modify entity @s {} merge value {transformation:[-3.6309334662707653f,0.047945031181153196f,4.446998689403826e-16f,-4.382459307730881e-18f,0.047945031181153196f,3.6309334662707653f,0f,4.517249406974511f,-4.446611047385497e-16f,5.871572897101931e-18f,-3.6312499999999996f,-5.366964763606149e-34f,0f,0f,0f,1f],start_interpolation:0}