execute if entity @s[tag=aj.calamity.bone.9] run data modify entity @s {} merge value {transformation:[-0.6847782783842871f,0.5065585745658407f,0.5239056403464997f,-0.8859180201232089f,0.3306222904098264f,0.8566145396142523f,-0.39610659121709063f,3.874683663797174f,-0.6494363791297901f,-0.09803030682032163f,-0.7540705858256913f,1.3393491117610092f,0f,0f,0f,1f],start_interpolation:0}
execute if entity @s[tag=aj.calamity.bone.8] run data modify entity @s {} merge value {transformation:[-0.6863263443629439f,0.6154063679107085f,0.38759663487748164f,-0.7128349791483222f,0.15670911452347278f,0.6455435225520751f,-0.7474729519630311f,4.056242779514945f,-0.7102101114872041f,-0.4522704531870376f,-0.5394933129477368f,1.2121480468021548f,0f,0f,0f,1f],start_interpolation:0}
execute if entity @s[tag=aj.calamity.bone.7] run data modify entity @s {} merge value {transformation:[-0.8071288076394639f,0.56963109712864f,0.15512414725799273f,-0.5526262330808921f,0.40227964853936676f,0.7229642461348004f,-0.5616883327805409f,4.259576473740358f,-0.43210435342581455f,-0.39095154686324207f,-0.8126762674987483f,1.102192924246868f,0f,0f,0f,1f],start_interpolation:0}
execute if entity @s[tag=aj.calamity.bone.6] run data modify entity @s {} merge value {transformation:[-0.8432189181207691f,0.5368180453572223f,0.028429602566532985f,-0.40164615782417334f,0.5015802357456056f,0.8046900579925125f,-0.31763371621632014f,4.485895552550752f,-0.19338852921676317f,-0.2535750317891294f,-0.947787201865756f,1.0308749465561753f,0f,0f,0f,1f],start_interpolation:0}
execute if entity @s[tag=aj.calamity.bone.5] run data modify entity @s {} merge value {transformation:[-0.8300310535197736f,0.530303168584235f,-0.172704949501673f,-0.2524983916598572f,0.5575883478670732f,0.782393914260869f,-0.27740763733254337f,4.705943840936621f,-0.011986847614074474f,-0.3265552209306664f,-0.945102112560966f,0.9390312906694254f,0f,0f,0f,1f],start_interpolation:0}
execute if entity @s[tag=aj.calamity.bone.4] run data modify entity @s {} merge value {transformation:[-0.8148648969776235f,0.5796507348625934f,0.0004746018358499915f,-0.0894716224797529f,0.5792235876842621f,0.8142953077504343f,-0.03772515401953597f,4.934964396241431f,-0.022253879298210977f,-0.03046600316551168f,-0.9992880403103501f,0.9304627272791252f,0f,0f,0f,1f],start_interpolation:0}
execute if entity @s[tag=aj.calamity.bone.3] run data modify entity @s {} merge value {transformation:[-0.764943449614988f,0.5915750475607727f,0.25475573005251906f,0.04917877929230324f,0.6438035025755237f,0.7141940854882656f,0.27467045404460233f,5.102353635027743f,-0.01945684873277964f,0.3741199959331894f,-0.9271761751039229f,1.0181471013259664f,0f,0f,0f,1f],start_interpolation:0}
execute if entity @s[tag=aj.calamity.bone.2] run data modify entity @s {} merge value {transformation:[-0.05268453205930185f,0.9655691886587415f,0.25475573005251906f,0.3207451136025742f,0.9613300729330782f,-0.02001580748845383f,0.27467045404460233f,5.096724189171615f,0.2703124691096865f,0.2593752288933635f,-0.9271761751039229f,1.0910963844522248f,0f,0f,0f,1f],start_interpolation:0}
execute if entity @s[tag=aj.calamity.bone.1] run data modify entity @s {} merge value {transformation:[0.8894515742895873f,0.3794409242545972f,0.25475573005251906f,0.42746287354917967f,0.30966780391168514f,-0.9103087349330701f,0.27467045404460233f,4.840699857471689f,0.33612757728917303f,-0.16541642030152554f,-0.9271761751039229f,1.0445730162424207f,0f,0f,0f,1f],start_interpolation:0}
execute if entity @s[tag=aj.calamity.bone.sword] run data modify entity @s {} merge value {transformation:[1.5505956196278239f,-2.8772440635009398f,1.582117690293489f,-0.04800000000000085f,-1.7611266573049411f,-2.205456942001983f,-2.2848127136387317f,4.47624940697451f,2.771292601624904f,0.20833347912388095f,-2.3372015403373343f,1.0790000000000002f,0f,0f,0f,1f],start_interpolation:0}