execute if entity @s[tag=aj.calamity.bone.9] run data modify entity @s {} merge value {transformation:[-0.7362266733579635f,-0.04270735155615092f,0.6753860877744845f,-1.3326574531689626f,-0.027576868391442494f,0.9990710524253513f,0.03311417423734232f,-1.5933963764063024f,-0.6761729081869416f,0.005754505083786313f,-0.7367204923885684f,1.166817736200653f,0f,0f,0f,1f],start_interpolation:0}
execute if entity @s[tag=aj.calamity.bone.8] run data modify entity @s {} merge value {transformation:[-0.8657509215279856f,-0.04337267272612487f,0.4985921711519688f,-1.3448560173731852f,-0.03408569457825774f,0.9990344119886666f,0.027720192776674202f,-1.31241794803449f,-0.49931303537816807f,0.007003921976342666f,-0.8663933504929443f,1.1687875892564994f,0f,0f,0f,1f],start_interpolation:0}
execute if entity @s[tag=aj.calamity.bone.7] run data modify entity @s {} merge value {transformation:[-0.9906600368515741f,-0.04314627834263977f,0.12934871491598005f,-1.3569909081570526f,-0.041925540189673205f,0.9990468955872712f,0.012146995399649191f,-1.0314360086505698f,-0.12974952972955278f,0.006610528164559844f,-0.9915247654256275f,1.170646800302782f,0f,0f,0f,1f],start_interpolation:0}
execute if entity @s[tag=aj.calamity.bone.6] run data modify entity @s {} merge value {transformation:[-0.9903896235390329f,-0.04305817055313369f,-0.13143206433297797f,-1.3691010186251213f,-0.04346472468811161f,0.9990549370339955f,0.0002247126717233594f,-0.7504518076097588f,0.1312981770398873f,0.005935211589775585f,-0.9913251545125782f,1.1723160785624063f,0f,0f,0f,1f],start_interpolation:0}
execute if entity @s[tag=aj.calamity.bone.5] run data modify entity @s {} merge value {transformation:[-0.9904904219544579f,-0.05983731197143928f,-0.12388793368407973f,-1.3859302626170886f,-0.04353278703336729f,0.990509909748586f,-0.1303649306483704f,-0.4718708954929689f,0.13051291303769869f,-0.12373202813289524f,-0.9836954634156521f,1.1375164456500295f,0f,0f,0f,1f],start_interpolation:0}
execute if entity @s[tag=aj.calamity.bone.4] run data modify entity @s {} merge value {transformation:[-0.9904904219544579f,-0.0316502700265916f,-0.1338916891510527f,-1.3948319010620676f,-0.04353278703336729f,0.995276612495288f,0.08677189103051036f,-0.19194934822866924f,0.13051291303769869f,0.09177540534994716f,-0.9871897763364788f,1.163328278404702f,0f,0f,0f,1f],start_interpolation:0}
execute if entity @s[tag=aj.calamity.bone.3] run data modify entity @s {} merge value {transformation:[-0.9904796197159789f,0.015704915465765967f,-0.1367606615862237f,-1.3911510614997786f,-0.04387179553240761f,0.9056551019613641f,0.4217393766867313f,0.020313566293525542f,0.13048137217262543f,0.4237241932219157f,-0.8963439181443612f,1.2626386361910886f,0f,0f,0f,1f],start_interpolation:0}
execute if entity @s[tag=aj.calamity.bone.2] run data modify entity @s {} merge value {transformation:[-0.7198798681475553f,0.6804920990565249f,-0.1367606615862237f,-1.199762658640131f,0.5792685231802854f,0.69755564380515f,0.4217393766867313f,0.2165010911137239f,0.3823884850363414f,0.22438054041566577f,-0.8963439181443612f,1.3257456631829947f,0f,0f,0f,1f],start_interpolation:0}
execute if entity @s[tag=aj.calamity.bone.1] run data modify entity @s {} merge value {transformation:[0.3532066235207316f,0.9254953282127258f,-0.1367606615862237f,-0.9394670975803019f,0.866133848811f,-0.26823134435731083f,0.4217393766867313f,0.1410610255132302f,0.3536343267344491f,-0.2674141794308735f,-0.8963439181443612f,1.2505354252180616f,0f,0f,0f,1f],start_interpolation:0}
execute if entity @s[tag=aj.calamity.bone.sword] run data modify entity @s {} merge value {transformation:[2.5678022820515487f,0.0015237305514963532f,2.5675602585014525f,-0.9392153020111601f,0.0007881756552056571f,-3.6312496572561255f,0.0013667320115109472f,-0.45900082482305793f,2.5675605896589815f,-0.0004091728988878013f,-2.5678023704147397f,1.250467809639407f,0f,0f,0f,1f],start_interpolation:0}