execute if entity @s[tag=aj.calamity.bone.9] run data modify entity @s {} merge value {transformation:[-0.8165901439395412f,0.07892160537531062f,0.5717970942788906f,-0.02561402899297062f,-0.006362671115623997f,0.98931778095662f,-0.145636000698121f,3.3604243453548084f,-0.577182859444971f,-0.122563079628624f,-0.8073649969343943f,1.3164474016768497f,0f,0f,0f,1f],start_interpolation:0}
execute if entity @s[tag=aj.calamity.bone.8] run data modify entity @s {} merge value {transformation:[-0.6305060674708993f,0.2845851621453435f,0.7221311407002815f,0.05442554786040725f,-0.35684638672908753f,0.7199273592515927f,-0.595285858793422f,3.562903915144319f,-0.6892914878052503f,-0.6330212341523279f,-0.35236538131815415f,1.1384101795715076f,0f,0f,0f,1f],start_interpolation:0}
execute if entity @s[tag=aj.calamity.bone.7] run data modify entity @s {} merge value {transformation:[-0.8735722661148339f,0.1548649174538251f,0.4613982587927845f,0.09798130589429556f,-0.15317873775466406f,0.812360349566945f,-0.5626783599458558f,3.791380263460022f,-0.4619607885685549f,-0.5622166128757583f,-0.6859334588949781f,0.9802867572002006f,0f,0f,0f,1f],start_interpolation:0}
execute if entity @s[tag=aj.calamity.bone.6] run data modify entity @s {} merge value {transformation:[-0.9695295600602971f,0.030169366602060165f,0.24310952570419112f,0.10646644025112498f,-0.061707533756508316f,0.9303117177209665f,-0.361541544153301f,4.0530304340690435f,-0.23707511983963128f,-0.36552690351039063f,-0.9001030331929395f,0.8774823155879033f,0f,0f,0f,1f],start_interpolation:0}
execute if entity @s[tag=aj.calamity.bone.5] run data modify entity @s {} merge value {transformation:[-0.9977612199749598f,0.027537207718364123f,-0.06094464787948979f,0.11421127992191489f,0.04986611815617856f,0.9135765471354096f,-0.40359789739811075f,4.309973837950878f,0.044563641840781036f,-0.40573340349941317f,-0.9129044238641134f,0.7633697958536934f,0f,0f,0f,1f],start_interpolation:0}
execute if entity @s[tag=aj.calamity.bone.4] run data modify entity @s {} merge value {transformation:[-0.9977612199749598f,0.04672080809267103f,-0.04785095615812851f,0.1273515071979786f,0.04986611815617856f,0.9965197505802544f,-0.06679638435949059f,4.590245017801574f,0.044563641840781036f,-0.069032983382109f,-0.9966185474047992f,0.7439542692774752f,0f,0f,0f,1f],start_interpolation:0}
execute if entity @s[tag=aj.calamity.bone.3] run data modify entity @s {} merge value {transformation:[-0.9826057934675447f,0.1845383272526102f,0.02077162532939425f,0.17060267764780915f,0.1797763549912414f,0.917239139147287f,0.35546142378942636f,4.8052229410392195f,0.04654370881310854f,0.35301270145867497f,-0.9344601199509635f,0.8266916211818521f,0f,0f,0f,1f],start_interpolation:0}
execute if entity @s[tag=aj.calamity.bone.2] run data modify entity @s {} merge value {transformation:[-0.4902422691128149f,0.8713386581325846f,0.02077162532939425f,0.4156666752475985f,0.8182039590579931f,0.4518732760181985f,0.35546142378942636f,4.932312299919338f,0.30034113763676107f,0.19125764106117998f,-0.9344601199509635f,0.880482832730309f,0f,0f,0f,1f],start_interpolation:0}
execute if entity @s[tag=aj.calamity.bone.1] run data modify entity @s {} merge value {transformation:[0.6174043579000021f,0.786371666851789f,0.02077162532939425f,0.6368337065496642f,0.7305895704290553f,-0.5829974749326808f,0.35546142378942636f,4.768344260094521f,0.29163459744408604f,-0.20428789928641616f,-0.9344601199509635f,0.8230268610560044f,0f,0f,0f,1f],start_interpolation:0}
execute if entity @s[tag=aj.calamity.bone.sword] run data modify entity @s {} merge value {transformation:[2.394595986620543f,-1.20625974336214f,2.448841369894074f,0.4374999999999999f,-0.601375708155327f,-3.4105711204210327f,-1.091937934449888f,4.204749406974511f,2.6627493087035923f,0.31451331703747165f,-2.4488413698940614f,0.875f,0f,0f,0f,1f],start_interpolation:0}