execute if entity @s[tag=aj.calamity.bone.9] run data modify entity @s {} merge value {transformation:[-0.47795535479808987f,0.70834271058047f,0.5194316925134088f,-0.15108403629538575f,-0.1388278575663724f,0.5229996232886032f,-0.8409507833419921f,2.24131381501303f,-0.8673439368459108f,-0.47404851904366474f,-0.15163276957552785f,1.555178570661883f,0f,0f,0f,1f],start_interpolation:0}
execute if entity @s[tag=aj.calamity.bone.8] run data modify entity @s {} merge value {transformation:[-0.408751151976653f,0.7587573008076555f,0.5071586085524331f,0.06231645455676735f,-0.5620145512994488f,0.22856613270262044f,-0.7949195978896528f,2.3055980398356417f,-0.7190703302775316f,-0.6099548191894618f,0.3330059739135509f,1.3836287777648468f,0f,0f,0f,1f],start_interpolation:0}
execute if entity @s[tag=aj.calamity.bone.7] run data modify entity @s {} merge value {transformation:[-0.6221928847018157f,0.6515598197164781f,0.43398826661266265f,0.24556765385202683f,-0.23652527409447827f,0.37199987548001434f,-0.8975922723360455f,2.4102230048143958f,-0.7462786402818757f,-0.6611247189251694f,-0.0773453106862374f,1.1976874505671429f,0f,0f,0f,1f],start_interpolation:0}
execute if entity @s[tag=aj.calamity.bone.6] run data modify entity @s {} merge value {transformation:[-0.7555136681965222f,0.5063960168504605f,0.4156466904550346f,0.3879915335912188f,-0.03176864110463562f,0.6053813630556284f,-0.795301300581908f,2.580486513173791f,-0.6543621708278988f,-0.6140655334594979f,-0.441286380943829f,1.0249815192816591f,0f,0f,0f,1f],start_interpolation:0}
execute if entity @s[tag=aj.calamity.bone.5] run data modify entity @s {} merge value {transformation:[-0.8498614213497928f,0.5101258016242407f,0.13231489341164737f,0.5314644152980366f,0.2237098693374211f,0.5765296593703267f,-0.7858545961101004f,2.7426354798716956f,-0.47716816622899705f,-0.6382673565078829f,-0.6040904921897838f,0.845468825263817f,0f,0f,0f,1f],start_interpolation:0}
execute if entity @s[tag=aj.calamity.bone.4] run data modify entity @s {} merge value {transformation:[-0.9699134617777542f,0.14658022941758528f,0.19437621512464143f,0.5726901048217324f,0.022439033581371493f,0.8488511245998461f,-0.5281555244788324f,2.981374858665402f,-0.24241362675028583f,-0.5079035386857081f,-0.8266012514848429f,0.7026209550084616f,0f,0f,0f,1f],start_interpolation:0}
execute if entity @s[tag=aj.calamity.bone.3] run data modify entity @s {} merge value {transformation:[-0.9743710820000067f,0.041804977894523504f,0.22102791313627013f,0.5824881465157614f,-0.017577299727252332f,0.9654252976169134f,-0.26008658799636786f,3.2076464127943662f,-0.2242588528830791f,-0.25730592403699626f,-0.9399476732026273f,0.6423148790622906f,0f,0f,0f,1f],start_interpolation:0}
execute if entity @s[tag=aj.calamity.bone.2] run data modify entity @s {} merge value {transformation:[-0.9523311606931892f,-0.21026654985372345f,0.22102791313627013f,0.5233506793694017f,-0.26534881579223407f,0.9284099163096367f,-0.26008658799636786f,3.4687617017564514f,-0.15051699681571507f,-0.3063380572350504f,-0.9399476732026273f,0.5561573004649327f,0f,0f,0f,1f],start_interpolation:0}
execute if entity @s[tag=aj.calamity.bone.1] run data modify entity @s {} merge value {transformation:[-0.9631479632129052f,-0.15327316325259802f,0.22102791313627013f,0.4802426022046085f,-0.2096802377802334f,0.9425439855141151f,-0.26008658799636786f,3.7338521976822965f,-0.16846423609554917f,-0.2968470528701777f,-0.9399476732026273f,0.4726690668451952f,0f,0f,0f,1f],start_interpolation:0}
execute if entity @s[tag=aj.calamity.bone.sword] run data modify entity @s {} merge value {transformation:[-3.077578903517342f,-0.6550256643306342f,-1.812574421697825f,0.3719999999999997f,-0.7073246052329343f,3.5606615607631174f,-0.0857771242000475f,4.32224940697451f,1.7928124714975258f,0.2803697402933632f,-3.145344625517332f,0.5189999999999997f,0f,0f,0f,1f],start_interpolation:0}