execute if entity @s[tag=aj.calamity.bone.9] run data modify entity @s {} merge value {transformation:[-0.732042100372979f,-0.03819922615854872f,0.6801876082393782f,-1.377358373550927f,-0.017640989910869598f,0.9991548515745199f,0.03712651411139428f,2.667013279661768f,-0.6810309528622636f,0.015178988635182591f,-0.7320972883077289f,1.160355742309852f,0f,0f,0f,1f],start_interpolation:0}
execute if entity @s[tag=aj.calamity.bone.8] run data modify entity @s {} merge value {transformation:[-0.8727455418787962f,-0.04736932174827225f,0.48587175930259163f,-1.3906809952926285f,-0.0257127671889611f,0.99836006867724f,0.0511471101262124f,2.9478020489772416f,-0.4874977669017301f,0.03214530491199709f,-0.8725322954698816f,1.1693966093163513f,0f,0f,0f,1f],start_interpolation:0}
execute if entity @s[tag=aj.calamity.bone.7] run data modify entity @s {} merge value {transformation:[-0.9923560020479155f,-0.044345414814006306f,0.11516531328682109f,-1.4031531432090678f,-0.04095120237872125f,0.9986589712918272f,0.03167424951102411f,3.228674884653068f,-0.1164154810290069f,0.026715973561210464f,-0.992841222217058f,1.1769104768804417f,0f,0f,0f,1f],start_interpolation:0}
execute if entity @s[tag=aj.calamity.bone.6] run data modify entity @s {} merge value {transformation:[-0.9884550839589967f,-0.04326869136351191f,-0.14520457066946038f,-1.4153224626550556f,-0.04534114962642108f,0.9989110832157201f,0.010992178098597372f,3.509618626807489f,0.1445708378137427f,0.017449016490505426f,-0.9893405908368191f,1.1818180127683964f,0f,0f,0f,1f],start_interpolation:0}
execute if entity @s[tag=aj.calamity.bone.5] run data modify entity @s {} merge value {transformation:[-0.9899294550997915f,-0.06178579159253249f,-0.12736636087725195f,-1.4326997165404554f,-0.046184838519385034f,0.9914555166028767f,-0.12199557077476719f,3.7884654908520483f,0.13381567403248548f,-0.11488461409173581f,-0.9843245861138613f,1.1495067150550957f,0f,0f,0f,1f],start_interpolation:0}
execute if entity @s[tag=aj.calamity.bone.4] run data modify entity @s {} merge value {transformation:[-0.9899294550997915f,-0.03339638988300207f,-0.13756582085900826f,-1.4420924511950497f,-0.046184838519385034f,0.994793483769403f,0.09084539251317536f,4.068251158162193f,0.13381567403248548f,0.09628398513105418f,-0.986317778198545f,1.1765865858732047f,0f,0f,0f,1f],start_interpolation:0}
execute if entity @s[tag=aj.calamity.bone.3] run data modify entity @s {} merge value {transformation:[-0.989761510770504f,0.010901162099363648f,-0.14231414709076923f,-1.4395374913280112f,-0.05082858949534558f,0.9047929846501057f,0.4228074140999272f,4.280312013939561f,0.13337393406210674f,0.42571213230637084f,-0.8949751807284712f,1.2763628668825104f,0f,0f,0f,1f],start_interpolation:0}
execute if entity @s[tag=aj.calamity.bone.2] run data modify entity @s {} merge value {transformation:[-0.7255139168290795f,0.673332191436853f,-0.14231414709076923f,-1.2501628124863964f,0.5705151806084862f,0.7040925502214885f,0.4228074140999272f,4.478338043689354f,0.3848921734493882f,0.2255602817373802f,-0.8949751807284712f,1.3398016961211485f,0f,0f,0f,1f],start_interpolation:0}
execute if entity @s[tag=aj.calamity.bone.1] run data modify entity @s {} merge value {transformation:[0.3444356743286875f,0.9279605324514453f,-0.14231414709076923f,-0.9891739127344273f,0.8688234036749533f,-0.25764274452971186f,0.4228074140999272f,4.405876021790373f,0.35568238567071636f,-0.2692758184531765f,-0.8949751807284712f,1.2640678721811927f,0f,0f,0f,1f],start_interpolation:0}
execute if entity @s[tag=aj.calamity.bone.sword] run data modify entity @s {} merge value {transformation:[2.570772205932065f,0.04001506238564412f,2.5642748726471307f,-0.9825614474283114f,0.02072998423945591f,-3.6310135692712913f,0.03587882413336293f,3.805853184853436f,2.5645032843536426f,-0.010761833023880535f,-2.5708332598574617f,1.2622894856622664f,0f,0f,0f,1f],start_interpolation:0}