execute if entity @s[tag=aj.calamity.bone.9] run data modify entity @s {} merge value {transformation:[-0.19132264933552812f,-0.2590880710731735f,0.9467148542612062f,2.0407803746085293f,0.6224276942436843f,0.7137668107332241f,0.32112412761144654f,3.2679337030797644f,-0.7589330729976954f,0.6506998627042303f,0.024703833446868217f,-0.37056110874890436f,0f,0f,0f,1f],start_interpolation:0}
execute if entity @s[tag=aj.calamity.bone.8] run data modify entity @s {} merge value {transformation:[0.21409051983597885f,-0.47843206958216167f,0.8516266811882364f,1.9062213550385463f,0.675618373522531f,0.7021944107047101f,0.2246393174264797f,3.465425881090464f,-0.7054821490832565f,0.5272814849493528f,0.47357066310580864f,-0.22226319110689885f,0f,0f,0f,1f],start_interpolation:0}
execute if entity @s[tag=aj.calamity.bone.7] run data modify entity @s {} merge value {transformation:[-0.09136546463527467f,-0.6190470326550621f,0.780021232552642f,1.7321143771043102f,0.49286783482672086f,0.6525182916803859f,0.5755876791729746f,3.6489466506255726f,-0.8652939669645228f,0.4370362117530691f,0.24549073373821267f,-0.09934675655134816f,0f,0f,0f,1f],start_interpolation:0}
execute if entity @s[tag=aj.calamity.bone.6] run data modify entity @s {} merge value {transformation:[-0.24178928194107113f,-0.7998378670981028f,0.5493608372412242f,1.5071599769829689f,0.288466413487487f,0.48131121656378256f,0.8277237710127442f,3.784315430284136f,-0.9264583484583037f,0.35860688666818613f,0.11435046745013056f,0.0015114303240791604f,0f,0f,0f,1f],start_interpolation:0}
execute if entity @s[tag=aj.calamity.bone.5] run data modify entity @s {} merge value {transformation:[-0.3957379534607705f,-0.7794199519546599f,0.48569127095890546f,1.2879481154957206f,0.026234295450869444f,0.5190557917068914f,0.8543376655852934f,3.9302998717016995f,-0.9179886894362467f,0.3508356076434205f,-0.18496254344216426f,0.10018394497379121f,0f,0f,0f,1f],start_interpolation:0}
execute if entity @s[tag=aj.calamity.bone.4] run data modify entity @s {} merge value {transformation:[-0.06728767911880434f,-0.9851017519531875f,0.15826214499230534f,1.0108882477588867f,-0.17436860142201763f,0.16779112006178332f,0.9702792025322102f,3.977491124219076f,-0.9823787248698613f,0.03769188675527997f,-0.18306108979215874f,0.1107847881237137f,0f,0f,0f,1f],start_interpolation:0}
execute if entity @s[tag=aj.calamity.bone.3] run data modify entity @s {} merge value {transformation:[0.14856332992642118f,-0.9784034333921794f,-0.1437207658188909f,0.7815749430575947f,-0.2009875759293765f,-0.17217406520350204f,0.9643443812214252f,3.937137827687005f,-0.9682628420646981f,-0.1143801241374365f,-0.22222568681207433f,0.083976946529002f,0f,0f,0f,1f],start_interpolation:0}
execute if entity @s[tag=aj.calamity.bone.2] run data modify entity @s {} merge value {transformation:[0.23248399209856532f,-0.9595685615906205f,0.15868008389467667f,0.5116962851102327f,-0.28620629869295494f,0.08843025767230417f,0.9540786362331404f,3.962008837657341f,-0.9295359853208445f,-0.2672232496152183f,-0.2540759470290122f,0.008820407574721877f,0f,0f,0f,1f],start_interpolation:0}
execute if entity @s[tag=aj.calamity.bone.1] run data modify entity @s {} merge value {transformation:[0.14796740961706153f,-0.9761794285203899f,0.15868008389467667f,0.23714582083887295f,-0.27740999252958776f,0.11303827638567891f,0.9540786362331404f,3.993800852890813f,-0.9492888610617691f,-0.1851919852622131f,-0.2540759470290122f,-0.043264838280275573f,0f,0f,0f,1f],start_interpolation:0}
execute if entity @s[tag=aj.calamity.bone.sword] run data modify entity @s {} merge value {transformation:[-3.266439174575612f,-1.5785403274865053f,0.1567230544514394f,-0.023707031249999986f,-1.5780162243444915f,3.270100387166336f,0.04779974958229753f,4.534183000724511f,-0.16191503019592582f,-0.025108860057191196f,-3.6275514649200056f,-0.04741406249999998f,0f,0f,0f,1f],start_interpolation:0}