execute if entity @s[tag=aj.calamity.bone.9] run data modify entity @s {} merge value {transformation:[-0.7356807704023908f,-0.04197366874500514f,0.6760266379309541f,-1.337806480206836f,-0.026237547011661033f,0.9990949382560786f,0.0334797771481839f,-0.35875329156850766f,-0.6768200611587658f,0.006893147551427708f,-0.7361162199883104f,1.1658235776518122f,0f,0f,0f,1f],start_interpolation:0}
execute if entity @s[tag=aj.calamity.bone.8] run data modify entity @s {} merge value {transformation:[-0.8666498473017112f,-0.043723289431266424f,0.4969972999254928f,-1.3501036553593795f,-0.032861748995867066f,0.998991889969755f,0.030582825696595983f,-0.07778682251451408f,-0.49783345370199167f,0.010172400698234534f,-0.8672129926605006f,1.1686845653481908f,0f,0f,0f,1f],start_interpolation:0}
execute if entity @s[tag=aj.calamity.bone.7] run data modify entity @s {} merge value {transformation:[-0.9908925161134994f,-0.043130292878144426f,0.12756096325484503f,-1.3622340502313577f,-0.04160771193129717f,0.9990276671916167f,0.014578014045723746f,0.20318970888312815f,-0.12806568556057726f,0.009137725204918741f,-0.9917235916120876f,1.1712545505620742f,0f,0f,0f,1f],start_interpolation:0}
execute if entity @s[tag=aj.calamity.bone.6] run data modify entity @s {} merge value {transformation:[-0.9901638039045138f,-0.04290193518586416f,-0.13317306557503097f,-1.374300219502382f,-0.04350028176904164f,0.9990521567809988f,0.0015854075966826031f,0.48417312797778395f,0.13297882133391606f,0.007362879093231245f,-0.9910915301263052f,1.1733253603070455f,0f,0f,0f,1f],start_interpolation:0}
execute if entity @s[tag=aj.calamity.bone.5] run data modify entity @s {} merge value {transformation:[-0.9904309366086859f,-0.059897952635556174f,-0.12433340290730306f,-1.391146518681132f,-0.04367698369143526f,0.9906410155146801f,-0.1293162769169468f,0.7627909135912878f,0.13091554874826436f,-0.12264833325451698f,-0.9837776707395984f,1.1388305165792125f,0f,0f,0f,1f],start_interpolation:0}
execute if entity @s[tag=aj.calamity.bone.4] run data modify entity @s {} merge value {transformation:[-0.9904309366086859f,-0.031687665408907724f,-0.1343221935101352f,-1.4000586745773873f,-0.04367698369143526f,0.9952265247645898f,0.08727247848327901f,1.0426983736813287f,0.13091554874826436f,0.09230415085969546f,-0.9870871607056854f,1.1647910590085018f,0f,0f,0f,1f],start_interpolation:0}
execute if entity @s[tag=aj.calamity.bone.3] run data modify entity @s {} merge value {transformation:[-0.9904022304132487f,0.01525170697343875f,-0.1373710574570145f,-1.3964840557554876f,-0.044567743773323176f,0.905564777840431f,0.42186034341920003f,1.2549401184876798f,0.1308324814693103f,0.4239337431358897f,-0.8961936415883434f,1.2641505300559759f,0f,0f,0f,1f],start_interpolation:0}
execute if entity @s[tag=aj.calamity.bone.2] run data modify entity @s {} merge value {transformation:[-0.7205057195720083f,0.679706334115818f,-0.1373710574570145f,-1.205316649285414f,0.5783073043358689f,0.6982796806452374f,0.42186034341920003f,1.4513312786691528f,0.38266456566528734f,0.2245101043624116f,-0.8961936415883434f,1.327293996907904f,0f,0f,0f,1f],start_interpolation:0}
execute if entity @s[tag=aj.calamity.bone.1] run data modify entity @s {} merge value {transformation:[0.3522411684033874f,0.9257728403096291f,-0.1373710574570145f,-0.9449430379483306f,0.8664349291017055f,-0.2670662170375667f,0.42186034341920003f,1.376218905127337f,0.3538596796956935f,-0.2676196626974281f,-0.8961936415883434f,1.2520259667742524f,0f,0f,0f,1f],start_interpolation:0}
execute if entity @s[tag=aj.calamity.bone.sword] run data modify entity @s {} merge value {transformation:[2.5681372110900234f,0.005765261340364547f,2.5672192328035464f,-0.9439903319341191f,0.002982676502261279f,-3.6312450931661044f,0.005171024846374639f,0.7761578090042156f,2.567223973703041f,-0.00154842460464287f,-2.5681384763531754f,1.2517700905274867f,0f,0f,0f,1f],start_interpolation:0}