execute if entity @s[tag=aj.calamity.bone.9] run data modify entity @s {} merge value {transformation:[-0.7281280042133447f,-0.034951825926583364f,0.6845494718022137f,-1.4258060102172283f,-0.008304369566395117f,0.9990756030208618f,0.04217791951491623f,3.077326056168139f,-0.68539087163924f,0.025026172557940846f,-0.7277451777653379f,1.1556311431674822f,0f,0f,0f,1f],start_interpolation:0}
execute if entity @s[tag=aj.calamity.bone.8] run data modify entity @s {} merge value {transformation:[-0.879440341228662f,-0.052421023924649326f,0.4731138578294936f,-1.4405494231960358f,-0.019097931573451524f,0.9970030385114506f,0.07496806125645455f,3.3577331607494845f,-0.4756258563505889f,0.05689444128934824f,-0.8778058255224456f,1.1716327047801114f,0f,0f,0f,1f],start_interpolation:0}
execute if entity @s[tag=aj.calamity.bone.7] run data modify entity @s {} merge value {transformation:[-0.9937737507651792f,-0.04683796062065018f,0.10109370769244974f,-1.4537225996205938f,-0.041831778689818994f,0.9978178035862151f,0.05108554725192087f,3.6383694180081076f,-0.10326584421653717f,0.04653854629530934f,-0.9935644564531108f,1.1847216709256672f,0f,0f,0f,1f],start_interpolation:0}
execute if entity @s[tag=aj.calamity.bone.6] run data modify entity @s {} merge value {transformation:[-0.9862870496453225f,-0.04504239135997219f,-0.1587735452854176f,-1.466390772190586f,-0.049057994288028296f,0.9985653327853868f,0.021461345615925984f,3.9192159178539976f,0.15757908775710408f,0.028956158926652195f,-0.9870817453290551f,1.1928655906237882f,0f,0f,0f,1f],start_interpolation:0}
execute if entity @s[tag=aj.calamity.bone.5] run data modify entity @s {} merge value {transformation:[-0.9892548857455311f,-0.06533273299119369f,-0.13079145625192007f,-1.4847656033443593f,-0.05049175284779796f,0.9922271432906883f,-0.11373600578338307f,4.198279801904504f,0.13720551710100182f,-0.10591000952271813f,-0.9848643134767067f,1.1630784004455237f,0f,0f,0f,1f],start_interpolation:0}
execute if entity @s[tag=aj.calamity.bone.4] run data modify entity @s {} merge value {transformation:[-0.9892548857455311f,-0.03672872254506819f,-0.14151244457221396f,-1.4950955565601596f,-0.05049175284779796f,0.9942028804937142f,0.09492742128784043f,4.477899362043361f,0.13720551710100182f,0.10105262667644838f,-0.9853745545318477f,1.1914994516982749f,0f,0f,0f,1f],start_interpolation:0}
execute if entity @s[tag=aj.calamity.bone.3] run data modify entity @s {} merge value {transformation:[-0.9888853594695877f,0.004830690332906895f,-0.14860151499097318f,-1.4939633635133844f,-0.05928972799870513f,0.9037526881590635f,0.4239290115091284f,4.689716398330642f,0.13634688841533682f,0.4280277363398015f,-0.8934213915858973f,1.291818452402916f,0f,0f,0f,1f],start_interpolation:0}
execute if entity @s[tag=aj.calamity.bone.2] run data modify entity @s {} merge value {transformation:[-0.7317313643583285f,0.6651968130987151f,-0.14860151499097318f,-1.306876759829371f,0.5605835892023234f,0.7113580200700169f,0.4239290115091284f,4.889785841475335f,0.3877051069193439f,0.22689858334810964f,-0.8934213915858973f,1.3556336789695718f,0f,0f,0f,1f],start_interpolation:0}
execute if entity @s[tag=aj.calamity.bone.1] run data modify entity @s {} merge value {transformation:[0.33454025063180337f,0.9305914304621541f,-0.14860151499097318f,-1.0451479200118898f,0.8717351670739285f,-0.2456867755649132f,0.4239290115091284f,4.820686435847703f,0.3579952781724935f,-0.27136248425845083f,-0.8934213915858973f,1.2793129802718823f,0f,0f,0f,1f],start_interpolation:0}
execute if entity @s[tag=aj.calamity.bone.sword] run data modify entity @s {} merge value {transformation:[2.5739269208704565f,0.08332801210350567f,2.560065079430055f,-1.031378015475649f,0.04324359532271545f,-3.6302243722152765f,0.07468307263212076f,4.2207940132558015f,2.561055790095542f,-0.0224502176623616f,-2.5741922597671314f,1.2756030951297221f,0f,0f,0f,1f],start_interpolation:0}