execute if entity @s[tag=aj.calamity.bone.9] run data modify entity @s {} merge value {transformation:[-0.7337504372917311f,-0.04099379781197165f,0.6781812473927189f,-1.3624065896897342f,-0.022177019421723287f,0.9990912855248212f,0.03639756857166042f,2.956137012083781f,-0.6790570488432923f,0.011666693160934789f,-0.7339927878984419f,1.163709188346562f,0f,0f,0f,1f],start_interpolation:0}
execute if entity @s[tag=aj.calamity.bone.8] run data modify entity @s {} merge value {transformation:[-0.8700160690391203f,-0.04678278349443154f,0.4907987477390599f,-1.3755642475475431f,-0.029696172966824978f,0.9986528989703322f,0.04255026074275086f,3.237008139919187f,-0.49212821187658057f,0.022444566083237517f,-0.8702333391272105f,1.1700217225574725f,0f,0f,0f,1f],start_interpolation:0}
execute if entity @s[tag=aj.calamity.bone.7] run data modify entity @s {} merge value {transformation:[-0.9916796322677578f,-0.044849709799366075f,0.12066486844229762f,-1.3881782284286148f,-0.04221390514967211f,0.9988127141018438f,0.02431354273903675f,3.5179242157603303f,-0.12161206008163342f,0.019017509811253594f,-0.9923955064203384f,1.1753703971918876f,0f,0f,0f,1f],start_interpolation:0}
execute if entity @s[tag=aj.calamity.bone.6] run data modify entity @s {} merge value {transformation:[-0.9891873554733596f,-0.04413618240411597f,-0.1398584040178197f,-1.4005915297297724f,-0.045541218418338004f,0.9989389050173755f,0.006860136125487429f,3.798875782796467f,0.13940722074768702f,0.013155282037173893f,-0.9901477492566086f,1.1790703202648427f,0f,0f,0f,1f],start_interpolation:0}
execute if entity @s[tag=aj.calamity.bone.5] run data modify entity @s {} merge value {transformation:[-0.9900973213793546f,-0.061961786068192526f,-0.12596837406534367f,-1.4180182820614515f,-0.04609656792036702f,0.9910633544019963f,-0.12517401482506685f,4.077612351222029f,0.13259864487765258f,-0.11812774707367699f,-0.9841053981906143f,1.145846891400371f,0f,0f,0f,1f],start_interpolation:0}
execute if entity @s[tag=aj.calamity.bone.4] run data modify entity @s {} merge value {transformation:[-0.9900973213793546f,-0.03363118017903751f,-0.1362946731064421f,-1.4274770514868058f,-0.04609656792036702f,0.9949320692461816f,0.08936041635687553f,4.357436995697517f,0.13259864487765258f,0.0947582255283217f,-0.9866298586964282f,1.1724976423302114f,0f,0f,0f,1f],start_interpolation:0}
execute if entity @s[tag=aj.calamity.bone.3] run data modify entity @s {} merge value {transformation:[-0.989993289559036f,0.011997049825231865f,-0.14060354698075495f,-1.4246652429340172f,-0.049035914660087165f,0.9050419230403506f,0.4224862087842305f,4.569556196410099f,0.1323206926430146f,0.42515313515828f,-0.8953971442681499f,1.2721429083829332f,0f,0f,0f,1f],start_interpolation:0}
execute if entity @s[tag=aj.calamity.bone.2] run data modify entity @s {} merge value {transformation:[-0.7237928373127471f,0.6755402069686107f,-0.14060354698075495f,-1.2346695597240955f,0.5732133222203809f,0.7020910842734017f,0.4224862087842305f,4.767019313861994f,0.38412291767588735f,0.22519666550063594f,-0.8953971442681499f,1.335479470554987f,0f,0f,0f,1f],start_interpolation:0}
execute if entity @s[tag=aj.calamity.bone.1] run data modify entity @s {} merge value {transformation:[0.3471342433026288f,0.9272154332748899f,-0.14060354698075495f,-0.9738902191155326f,0.8680068243435445f,-0.26090143019953416f,0.4224862087842305f,4.693640786618374f,0.3550520666321296f,-0.2687042686983139f,-0.8953971442681499f,1.2599063949835863f,0f,0f,0f,1f],start_interpolation:0}
execute if entity @s[tag=aj.calamity.bone.sword] run data modify entity @s {} merge value {transformation:[2.5698758644356876f,0.028182442591774912f,2.565330457040668f,-0.96923308720646f,0.014593180842089354f,-3.6311327320591893f,0.02527219304437333f,4.093598258101473f,2.565443751666333f,-0.007575922249027279f,-2.569906131542209f,1.2586544783290343f,0f,0f,0f,1f],start_interpolation:0}