execute if entity @s[tag=aj.calamity.bone.9] run data modify entity @s {} merge value {transformation:[0.9963494513791497f,0.08261265043870955f,-0.021515592577461662f,-0.3096222170465861f,-0.08507002640499081f,0.9818706047228825f,-0.1693906909737795f,1.797129080881442f,0.007131713954014907f,0.1706026540491442f,0.9853140986951653f,0.1306754067361953f,0f,0f,0f,1f],start_interpolation:0}
execute if entity @s[tag=aj.calamity.bone.8] run data modify entity @s {} merge value {transformation:[0.9457456951106955f,0.06365502976374397f,0.31861123232768207f,-0.2917192399255331f,-0.04345630986034405f,0.9965919010120848f,-0.07011513367626054f,2.0774205530410907f,-0.3219885546302992f,0.052465417399416785f,0.9452887128619466f,0.14543130537978127f,0f,0f,0f,1f],start_interpolation:0}
execute if entity @s[tag=aj.calamity.bone.7] run data modify entity @s {} merge value {transformation:[0.7459278255513004f,0.1595987910895996f,0.6466219180874146f,-0.24683207993158324f,-0.07692723613722582f,0.9850124014374646f,-0.15437865576136475f,2.3544552909453778f,-0.6615692551869353f,0.06541249801939135f,0.7470256526346781f,0.16382857044773508f,0f,0f,0f,1f],start_interpolation:0}
execute if entity @s[tag=aj.calamity.bone.6] run data modify entity @s {} merge value {transformation:[0.5526404221444662f,0.1647094188355799f,0.8169818670930413f,-0.2005075558840764f,-0.03636096524570953f,0.9841081900545268f,-0.17380722215720248f,2.631235719398213f,-0.8326262330832405f,0.0663466473489687f,0.5498469590414818f,0.1824885650146325f,0f,0f,0f,1f],start_interpolation:0}
execute if entity @s[tag=aj.calamity.bone.5] run data modify entity @s {} merge value {transformation:[0.25619671623669454f,0.1728549788525422f,0.9510438469783724f,-0.15189209308179888f,0.09217613901538209f,0.9750288749553723f,-0.20204517415537893f,2.905462590479412f,-0.9622197264584382f,0.13942685999888166f,0.23386609143931214f,0.22170236938931798f,0f,0f,0f,1f],start_interpolation:0}
execute if entity @s[tag=aj.calamity.bone.4] run data modify entity @s {} merge value {transformation:[0.0572140096137213f,0.11440084218491885f,0.9917857653804587f,-0.11971685621729047f,-0.0396039140335637f,0.9928911750175713f,-0.11224368385547698f,3.184713233453104f,-0.9975761059173096f,-0.03285668698465288f,0.06133800635209309f,0.21246142617488437f,0f,0f,0f,1f],start_interpolation:0}
execute if entity @s[tag=aj.calamity.bone.3] run data modify entity @s {} merge value {transformation:[0.0131661941547997f,-0.07741429898995728f,0.9969120711694546f,-0.13786083254306172f,-0.2596518089321838f,0.9625330066858675f,0.07817383934864756f,3.410306906895104f,-0.9656125462366999f,-0.25987927457216914f,-0.007427866323530138f,0.1515522211970322f,0f,0f,0f,1f],start_interpolation:0}
execute if entity @s[tag=aj.calamity.bone.2] run data modify entity @s {} merge value {transformation:[-0.055487437149095604f,-0.020849171564758295f,0.9982416823413499f,-0.14372466204565f,-0.3620748706931063f,0.9321487842926359f,-0.0006572323264579794f,3.672473752477408f,-0.9304960678751929f,-0.3614746961916197f,-0.05927150818041183f,0.04988746289313922f,0f,0f,0f,1f],start_interpolation:0}
execute if entity @s[tag=aj.calamity.bone.1] run data modify entity @s {} merge value {transformation:[-0.040158514782754555f,0.2500347669661161f,0.9674036949477934f,-0.07340238383642982f,-0.2897699584469036f,0.923663132977525f,-0.25075842550116323f,3.932254008627337f,-0.9562534522144863f,-0.2903946144237918f,0.0353596244540893f,-0.031786022413552245f,0f,0f,0f,1f],start_interpolation:0}
execute if entity @s[tag=aj.calamity.bone.sword] run data modify entity @s {} merge value {transformation:[-3.6135261307357625f,0.33878738996713886f,0.1167414638810097f,-0.01741796875f,0.3380077466509463f,3.615364300713129f,-0.029466910815590663f,4.52969081322451f,-0.11897994870471659f,-0.01845643595925486f,-3.629253324621733f,-0.0348359375f,0f,0f,0f,1f],start_interpolation:0}