execute if entity @s[tag=aj.calamity.bone.9] run data modify entity @s {} merge value {transformation:[-0.7277833437163341f,-0.03449942009477191f,0.6849388254597598f,-1.4295438739313748f,-0.007391465057294388f,0.9990704865285909f,0.042467978428807576f,3.1315539343452503f,-0.6857672862227958f,0.02584478594702066f,-0.7273618605522114f,1.1551030159670996f,0f,0f,0f,1f],start_interpolation:0}
execute if entity @s[tag=aj.calamity.bone.8] run data modify entity @s {} merge value {transformation:[-0.8800051647650934f,-0.05268618180533963f,0.4720329185909963f,-1.4443618625641266f,-0.018429735374149138f,0.9968678809352123f,0.07690756018608644f,3.411923025858279f,-0.47460642098563965f,0.05897960839571906f,-0.8782198761999692f,1.1716910308283957f,0f,0f,0f,1f],start_interpolation:0}
execute if entity @s[tag=aj.calamity.bone.7] run data modify entity @s {} merge value {transformation:[-0.9938917562451769f,-0.04688964460013766f,0.09990264309391098f,-1.4575495751079153f,-0.04177448268751986f,0.9977365926864469f,0.05269330328065985f,3.6925364425513423f,-0.10214729298452616f,0.04819805850561075f,-0.9936009650217853f,1.1852467347830986f,0f,0f,0f,1f],start_interpolation:0}
execute if entity @s[tag=aj.calamity.bone.6] run data modify entity @s {} merge value {transformation:[-0.9861014248266199f,-0.0450428196724494f,-0.15992224470305552f,-1.4702178681407916f,-0.049233542258019f,0.9985374693460045f,0.02233787431255227f,3.973375105804906f,0.1586821926733959f,0.02990094827979091f,-0.9868768388306276f,1.1936563764867898f,0f,0f,0f,1f],start_interpolation:0}
execute if entity @s[tag=aj.calamity.bone.5] run data modify entity @s {} merge value {transformation:[-0.9892051230813181f,-0.06548794686171638f,-0.1310898672114285f,-1.4886363531956492f,-0.05071118769446324f,0.9922944767233668f,-0.11304886955169026f,4.252457927383353f,0.13748308955027877f,-0.10518079805808277f,-0.984903751545081f,1.164074277032954f,0f,0f,0f,1f],start_interpolation:0}
execute if entity @s[tag=aj.calamity.bone.4] run data modify entity @s {} merge value {transformation:[-0.9892051230813181f,-0.03686944992231368f,-0.14182336948507096f,-1.4990058859863f,-0.05071118769446324f,0.9941602166155517f,0.0952567012946327f,4.532065488306476f,0.13748308955027877f,0.10142044843789627f,-0.98529807303494f,1.1925987781561123f,0f,0f,0f,1f],start_interpolation:0}
execute if entity @s[tag=aj.calamity.bone.3] run data modify entity @s {} merge value {transformation:[-0.9888173575578174f,0.004435845197283683f,-0.1490656119625176f,-1.4979662347681866f,-0.059865918932026085f,0.9036775778638457f,0.424008144988461f,4.743864920618315f,0.1365880856546365f,0.4281905633517835f,-0.8933065186786022f,1.2929559414416865f,0f,0f,0f,1f],start_interpolation:0}
execute if entity @s[tag=aj.calamity.bone.2] run data modify entity @s {} merge value {transformation:[-0.7321835965313126f,0.6645950829645906f,-0.1490656119625176f,-1.3110488676843957f,0.5598496008489174f,0.711888697348645f,0.424008144988461f,4.944083616747622f,0.3879118526157444f,0.22699748519870672f,-0.8933065186786022f,1.3567989841538226f,0f,0f,0f,1f],start_interpolation:0}
execute if entity @s[tag=aj.calamity.bone.1] run data modify entity @s {} merge value {transformation:[0.333811262716607f,0.9307789663576329f,-0.1490656119625176f,-1.0492672833963113f,0.8719445637676244f,-0.24480557734563618f,0.424008144988461f,4.8752320481191616f,0.35816576972071285f,-0.27151564427613634f,-0.8933065186786022f,1.2804352092011593f,0f,0f,0f,1f],start_interpolation:0}
execute if entity @s[tag=aj.calamity.bone.sword] run data modify entity @s {} merge value {transformation:[2.574151132480964f,0.0865141116800921f,2.5597339350266775f,-1.0349708777963218f,0.044902837728530216f,-3.630144409827774f,0.07753619451629788f,4.275352839264329f,2.5608018753528903f,-0.023311687548276103f,-2.5744371973137676f,1.2765829666717239f,0f,0f,0f,1f],start_interpolation:0}