execute if entity @s[tag=aj.calamity.bone.9] run data modify entity @s {} merge value {transformation:[-0.7441866810839406f,0.06586446047353933f,0.6647165234472496f,-1.2377376085251097f,0.03076763054699009f,0.9974505277559282f,-0.0643878683444614f,3.5477706924866883f,-0.6672627193300946f,-0.027464841633429674f,-0.7443158911821366f,1.2041244391077917f,0f,0f,0f,1f],start_interpolation:0}
execute if entity @s[tag=aj.calamity.bone.8] run data modify entity @s {} merge value {transformation:[-0.8228259280979232f,0.11316844589538545f,0.5569114785164817f,-1.2059089831170327f,0.029824007033591865f,0.9872202912652336f,-0.1565459201597003f,3.8254263994050355f,-0.5675103705257296f,-0.11220071019298511f,-0.8156855889237832f,1.1725679893660146f,0f,0f,0f,1f],start_interpolation:0}
execute if entity @s[tag=aj.calamity.bone.7] run data modify entity @s {} merge value {transformation:[-0.9743866135012907f,0.09835605067260111f,0.20222960892404984f,-1.1782463438653636f,0.07741894717758696f,0.9910254350176715f,-0.1089719861521693f,4.104152303003755f,-0.21113274034928678f,-0.09052444114228661f,-0.9732565394121312f,1.1471079902947465f,0f,0f,0f,1f],start_interpolation:0}
execute if entity @s[tag=aj.calamity.bone.6] run data modify entity @s {} merge value {transformation:[-0.9944973658790147f,0.09023288476992851f,-0.053226081631066714f,-1.1528683450238213f,0.09275846602258525f,0.9945761157933658f,-0.04705546593667791f,4.383876835570639f,0.048691439091867676f,-0.05173370660872642f,-0.9974731912987361f,1.1325578853110423f,0f,0f,0f,1f],start_interpolation:0}
execute if entity @s[tag=aj.calamity.bone.5] run data modify entity @s {} merge value {transformation:[-0.9906569027792894f,0.08127196498650854f,-0.10951606586695967f,-1.1300106048713658f,0.09819933002714858f,0.9823346523626102f,-0.15929696277659688f,4.660158456547624f,0.09463504931030411f,-0.1685630400617557f,-0.981137456713979f,1.0851495302936736f,0f,0f,0f,1f],start_interpolation:0}
execute if entity @s[tag=aj.calamity.bone.4] run data modify entity @s {} merge value {transformation:[-0.9901977742307094f,0.11072316499696948f,-0.08513958328299429f,-1.0988697147159683f,0.10425208117167158f,0.9915628954526917f,0.07703588730487232f,4.939035520893693f,0.09295090897846704f,0.06740478539783146f,-0.9933864924718621f,1.1041071261868136f,0f,0f,0f,1f],start_interpolation:0}
execute if entity @s[tag=aj.calamity.bone.3] run data modify entity @s {} merge value {transformation:[-0.9877713138044408f,0.1522859153616153f,-0.03341903061913759f,-1.0631777033030896f,0.12393762055071778f,0.8970056247055203f,0.42428808074100444f,5.14927121418405f,0.09459015719023955f,0.4149577198090595f,-0.9049103783986521f,1.2013628417670619f,0f,0f,0f,1f],start_interpolation:0}
execute if entity @s[tag=aj.calamity.bone.2] run data modify entity @s {} merge value {transformation:[-0.6036449254435363f,0.7965525546872245f,-0.03341903061913759f,-0.8391472972973077f,0.7130457654298207f,0.558162486148716f,0.42428808074100444f,5.3062544134133764f,0.35662100385264484f,0.23229004859773916f,-0.9049103783986521f,1.266694417935176f,0f,0f,0f,1f],start_interpolation:0}
execute if entity @s[tag=aj.calamity.bone.1] run data modify entity @s {} merge value {transformation:[0.5133196008516815f,0.8575465910222877f,-0.03341903061913759f,-0.5979623185722892f,0.7841570923511576f,-0.4528545893070893f,0.42428808074100444f,5.178889060170757f,0.3487128358647671f,-0.24400115813159612f,-0.9049103783986521f,1.1980690922106645f,0f,0f,0f,1f],start_interpolation:0}
execute if entity @s[tag=aj.calamity.bone.sword] run data modify entity @s {} merge value {transformation:[2.4724323396994587f,-0.7475832084495752f,2.552288039103834f,-0.7214999999999999f,-0.4804263670319362f,-3.5530515116658443f,-0.5753190626161714f,4.59174940697451f,2.615768604821296f,0.05404502191038373f,-2.518096563704012f,1.2069999999999999f,0f,0f,0f,1f],start_interpolation:0}