execute if entity @s[tag=aj.calamity.bone.9] run data modify entity @s {} merge value {transformation:[-0.8186424096314228f,0.40141055162815314f,0.4107239635015709f,-0.4956628976874623f,-0.21170334117854778f,0.4538800960279272f,-0.8655487009773157f,2.743460445572866f,-0.5338598135153995f,-0.7955265095967963f,-0.2865855405320398f,2.134931294244689f,0f,0f,0f,1f],start_interpolation:0}
execute if entity @s[tag=aj.calamity.bone.8] run data modify entity @s {} merge value {transformation:[-0.7071704035380242f,0.41783749161582995f,0.5703699246629852f,-0.3781461031705101f,-0.6146955194529403f,0.03528339794634397f,-0.7879749362726202f,2.753383901245275f,-0.34937005985680514f,-0.9078363907828058f,0.2318914591917975f,1.8796023093370247f,0f,0f,0f,1f],start_interpolation:0}
execute if entity @s[tag=aj.calamity.bone.7] run data modify entity @s {} merge value {transformation:[-0.8975870975364422f,0.3042200571738991f,0.31904162604465164f,-0.292584212090351f,-0.2741589373799022f,0.18151640934290236f,-0.9443985759169604f,2.8044353913729667f,-0.34521627915095254f,-0.9351480898512116f,-0.079522139412883f,1.6165919090663714f,0f,0f,0f,1f],start_interpolation:0}
execute if entity @s[tag=aj.calamity.bone.6] run data modify entity @s {} merge value {transformation:[-0.968183397462484f,0.20373756330877305f,0.14529939495746544f,-0.23528302240975862f,-0.04302566477837527f,0.4364589359504107f,-0.8986948255105368f,2.9271894671090197f,-0.24651511322509342f,-0.8763530125046864f,-0.41380635135964283f,1.3701176242994284f,0f,0f,0f,1f],start_interpolation:0}
execute if entity @s[tag=aj.calamity.bone.5] run data modify entity @s {} merge value {transformation:[-0.9637920903135797f,0.19508293109267857f,-0.18178959443617787f,-0.18041594803994276f,0.24790461941622205f,0.4043978706119472f,-0.8803440588296265f,3.04092636821863f,-0.09822477447710914f,-0.8935351208770766f,-0.4381174288225805f,1.1188108715527505f,0f,0f,0f,1f],start_interpolation:0}
execute if entity @s[tag=aj.calamity.bone.4] run data modify entity @s {} merge value {transformation:[-0.982575710119219f,0.01949992196193194f,-0.184837028019797f,-0.17493159498814942f,0.14092816939878175f,0.7265449301445093f,-0.672511498452791f,3.245267129821773f,0.1211784838724308f,-0.6868422071515325f,-0.7166334889757735f,0.925636500791382f,0f,0f,0f,1f],start_interpolation:0}
execute if entity @s[tag=aj.calamity.bone.3] run data modify entity @s {} merge value {transformation:[-0.9726791752040623f,0.19460450579044947f,-0.12658715752555566f,-0.1293211639435128f,0.23063646669362753f,0.8722613940429821f,-0.43123877457073884f,3.449703394050597f,0.026496081888162118f,-0.4486525903059606f,-0.8933133889382423f,0.8204835499384225f,0f,0f,0f,1f],start_interpolation:0}
execute if entity @s[tag=aj.calamity.bone.2] run data modify entity @s {} merge value {transformation:[-0.9898640886028879f,0.06437994753006737f,-0.12658715752555566f,-0.11121430370068136f,0.11336402772933722f,0.8950875468487478f,-0.43123877457073884f,3.701446766601807f,0.08554345861231094f,-0.44121820659659566f,-0.8933133889382423f,0.6963909293331301f,0f,0f,0f,1f],start_interpolation:0}
execute if entity @s[tag=aj.calamity.bone.1] run data modify entity @s {} merge value {transformation:[-0.9804862747525764f,0.1504073022542963f,-0.12658715752555566f,-0.06891224994166051f,0.19094466334807325f,0.881801142461053f,-0.43123877457073884f,3.9494533379189782f,0.04676323941629884f,-0.44699484178563653f,-0.8933133889382423f,0.5706736300809198f,0f,0f,0f,1f],start_interpolation:0}
execute if entity @s[tag=aj.calamity.bone.sword] run data modify entity @s {} merge value {transformation:[-1.81264728489168f,2.993050085500508f,-0.9705346818945844f,0.42568750000000005f,2.351375671785221f,2.032812561220815f,1.877413674068523f,4.28537440697451f,2.0907699139817897f,0.30870833990721874f,-2.952855717802735f,0.6216875000000002f,0f,0f,0f,1f],start_interpolation:0}