execute if entity @s[tag=aj.calamity.bone.9] run data modify entity @s {} merge value {transformation:[-0.7325620539672774f,-0.03871254741037853f,0.6795985401398706f,-1.3714770031585581f,-0.01887924358268475f,0.9991529277874656f,0.03656502503050744f,2.4331149644131824f,-0.6804383963658945f,0.013955843461975877f,-0.732672384619671f,1.1610895403376178f,0f,0f,0f,1f],start_interpolation:0}
execute if entity @s[tag=aj.calamity.bone.8] run data modify entity @s {} merge value {transformation:[-0.8718720397684948f,-0.04680980488973697f,0.4874915265274969f,-1.3846422607837967f,-0.02668851353324119f,0.9984837828571722f,0.04814414415707967f,2.713938528341762f,-0.4890060015125691f,0.028965108966072017f,-0.8717993765467335f,1.1692359772343255f,0f,0f,0f,1f],start_interpolation:0}
execute if entity @s[tag=aj.calamity.bone.7] run data modify entity @s {} merge value {transformation:[-0.9921553269819026f,-0.044128986316972076f,0.11696341183494455f,-1.3970535381854452f,-0.04097994781875379f,0.998733377901187f,0.029193899069107312f,2.994832290876471f,-0.11810356056532187f,0.0241717279630874f,-0.9927070446758561f,1.176034275723944f,0f,0f,0f,1f],start_interpolation:0}
execute if entity @s[tag=aj.calamity.bone.6] run data modify entity @s {} merge value {transformation:[-0.9887139709673796f,-0.043162936789167855f,-0.14346304228493914f,-1.4091931141573986f,-0.04500759971782941f,0.9989401673279306f,0.009636289041211402f,3.2757842129374515f,0.14289506493072282f,0.015984460784788157f,-0.9896087597792697f,1.1805299053196656f,0f,0f,0f,1f],start_interpolation:0}
execute if entity @s[tag=aj.calamity.bone.5] run data modify entity @s {} merge value {transformation:[-0.9900063773775221f,-0.06145667794968106f,-0.12692694547346808f,-1.4264778048307463f,-0.04576303887191574f,0.991344123247741f,-0.1230551647651381f,3.5545997476008786f,0.13339084310792476f,-0.1160168351471326f,-0.9842494485329418f,1.1479001704345346f,0f,0f,0f,1f],start_interpolation:0}
execute if entity @s[tag=aj.calamity.bone.4] run data modify entity @s {} merge value {transformation:[-0.9900063773775221f,-0.03309341656913504f,-0.1370846400280398f,-1.4357853282408155f,-0.04576303887191574f,0.9948602246962469f,0.09032650547065751f,3.834404185796698f,0.13339084310792476f,0.09569722617252235f,-0.9864324223573768f,1.1748150152955565f,0f,0f,0f,1f],start_interpolation:0}
execute if entity @s[tag=aj.calamity.bone.3] run data modify entity @s {} merge value {transformation:[-0.9898605364471531f,0.011577098235002803f,-0.14157008575617863f,-1.4330719458419867f,-0.04986659490493056f,0.9049113891338947f,0.42266854688792804f,4.046492792624955f,0.13300165824959534f,0.4254425326788827f,-0.8951587626173558f,1.2745281088921696f,0f,0f,0f,1f],start_interpolation:0}
execute if entity @s[tag=aj.calamity.bone.2] run data modify entity @s {} merge value {transformation:[-0.7247668583754203f,0.6742928976487979f,-0.14157008575617863f,-1.2434270683782624f,0.5716890021518595f,0.7032232819597619f,0.42266854688792804f,4.244274340676138f,0.3845577795588524f,0.22540209380156484f,-0.8951587626173558f,1.3379224477738596f,0f,0f,0f,1f],start_interpolation:0}
execute if entity @s[tag=aj.calamity.bone.1] run data modify entity @s {} merge value {transformation:[0.3456091380278834f,0.9276379867872016f,-0.14157008575617863f,-0.9825288845943619f,0.8684695065768845f,-0.2590598687904988f,0.42266854688792804f,4.17141375257881f,0.3554082720727342f,-0.26902741468415026f,-0.8951587626173558f,1.2622584873939424f,0f,0f,0f,1f],start_interpolation:0}
execute if entity @s[tag=aj.calamity.bone.sword] run data modify entity @s {} merge value {transformation:[2.570384334896666f,0.03487078422020396f,2.5647387706793245f,-0.9767665082014195f,0.018061271533116156f,-3.631070458498319f,0.03126784916515068f,3.5713815147308767f,2.564912225377007f,-0.009376370762482699f,-2.5704306880915677f,1.2607090476912959f,0f,0f,0f,1f],start_interpolation:0}