execute if entity @s[tag=aj.calamity.bone.9] run data modify entity @s {} merge value {transformation:[0.7324427868574352f,-0.637263575090433f,-0.23963033998947983f,1.1756518259125681f,0.37043081260890015f,0.07770173651093443f,0.9256043718636466f,2.209622693345968f,-0.5712342575952738f,-0.7667187072232852f,0.2929741404005327f,0.5278540772295566f,0f,0f,0f,1f],start_interpolation:0}
execute if entity @s[tag=aj.calamity.bone.8] run data modify entity @s {} merge value {transformation:[0.7751302587080018f,-0.5923030702372774f,-0.21988668677926126f,1.0090665874083338f,0.5531129615664782f,0.46796299714450706f,0.6892580685423206f,2.341237286292861f,-0.3053508372060336f,-0.6558869615193044f,0.6903427843662517f,0.34338586930225223f,0f,0f,0f,1f],start_interpolation:0}
execute if entity @s[tag=aj.calamity.bone.7] run data modify entity @s {} merge value {transformation:[0.7024926807612565f,-0.6319947457940962f,0.32724100410174606f,0.8313180651537443f,0.34090860460907835f,0.7024434862642184f,0.6247835400428394f,2.5387995168046724f,-0.6247282263355436f,-0.3273465898610023f,0.7089138546579681f,0.25131964090384534f,0f,0f,0f,1f],start_interpolation:0}
execute if entity @s[tag=aj.calamity.bone.6] run data modify entity @s {} merge value {transformation:[0.5512152212687327f,-0.5142313001245065f,0.6570600808251266f,0.6866905119937269f,0.22534340777115433f,0.8499859654112011f,0.4761766554316498f,2.7778580695765727f,-0.8033567877448632f,-0.11441166276323783f,0.5844038355521002f,0.2191413607516847f,0f,0f,0f,1f],start_interpolation:0}
execute if entity @s[tag=aj.calamity.bone.5] run data modify entity @s {} merge value {transformation:[0.24153246445034146f,-0.3993512734650544f,0.8844097630614352f,0.5743729663316803f,0.17088404252308736f,0.9146549738839859f,0.36633990058448873f,3.035104780981444f,-0.955228094555176f,0.06264853654415925f,0.2891616299604133f,0.2367612616547295f,0f,0f,0f,1f],start_interpolation:0}
execute if entity @s[tag=aj.calamity.bone.4] run data modify entity @s {} merge value {transformation:[0.13494497069821368f,-0.3604955306562745f,0.922947900620674f,0.47298359833460313f,-0.038262937905453855f,0.928877280740851f,0.36840595123630404f,3.2963515161898083f,-0.9901140350818696f,-0.0850292285060484f,0.1115536993271159f,0.2128467911374034f,0f,0f,0f,1f],start_interpolation:0}
execute if entity @s[tag=aj.calamity.bone.3] run data modify entity @s {} merge value {transformation:[0.18858589449269514f,-0.48196459710347633f,0.8556550049741274f,0.36002314588847584f,-0.24581100362095823f,0.8203876354380176f,0.5162761645856564f,3.4886298682455936f,-0.9507956199400834f,-0.3076918178296301f,0.03624133473604939f,0.1407315213335838f,0f,0f,0f,1f],start_interpolation:0}
execute if entity @s[tag=aj.calamity.bone.2] run data modify entity @s {} merge value {transformation:[0.15905376864590243f,-0.4005436924118152f,0.9023672473824862f,0.24737023239765282f,-0.3633985467540575f,0.826080392664151f,0.43073504741648483f,3.720964978682386f,-0.9179560963883703f,-0.3964289789167179f,-0.014165796076237719f,0.029235871013256948f,0f,0f,0f,1f],start_interpolation:0}
execute if entity @s[tag=aj.calamity.bone.1] run data modify entity @s {} merge value {transformation:[0.14203454297587767f,-0.2001727731068948f,0.9694106712370817f,0.19107163996133864f,-0.2838636748940459f,0.9299695900194759f,0.2336192965374553f,3.9825189258753637f,-0.9482866669300382f,-0.3083624856329052f,0.0752660267120254f,-0.05749107807099767f,0f,0f,0f,1f],start_interpolation:0}
execute if entity @s[tag=aj.calamity.bone.sword] run data modify entity @s {} merge value {transformation:[-3.365545826693598f,-1.3468831435819555f,0.21209348990502666f,-0.03150000000000001f,-1.3464086520510394f,3.37205738436789f,0.048880473730168766f,4.53974940697451f,-0.21508508225213535f,-0.03333701493492658f,-3.62472117732217f,-0.06300000000000001f,0f,0f,0f,1f],start_interpolation:0}