execute if entity @s[tag=aj.calamity.bone.9] run data modify entity @s {} merge value {transformation:[-0.7305004182527821f,-0.036679024951724884f,0.6819265268788866f,-1.3950885101931272f,-0.013924520928110019f,0.9991489931794207f,0.038825212755020155f,3.1695773737744664f,-0.6827702737007763f,0.018866333961337026f,-0.7303894952649759f,1.1582338806761925f,0f,0f,0f,1f],start_interpolation:0}
execute if entity @s[tag=aj.calamity.bone.8] run data modify entity @s {} merge value {transformation:[-0.875337156593233f,-0.04905195787689708f,0.4810184692043714f,-1.4088843733460046f,-0.022877411516323852f,0.9979282019838868f,0.0601325845737529f,3.4502446805824345f,-0.4829715170997008f,0.04163182813245041f,-0.8746458166348041f,1.1699428323384442f,0f,0f,0f,1f],start_interpolation:0}
execute if entity @s[tag=aj.calamity.bone.7] run data modify entity @s {} merge value {transformation:[-0.9929346790779092f,-0.045020512792311784f,0.10979014761064199f,-1.4215463925688423f,-0.040947626898080944f,0.9983969426351478f,0.03907475896541026f,3.7310438206985697f,-0.11137331339178541f,0.03430303725192049f,-0.9931864309883761f,1.1795905615655469f,0f,0f,0f,1f],start_interpolation:0}
execute if entity @s[tag=aj.calamity.bone.6] run data modify entity @s {} merge value {transformation:[-0.9876612094993541f,-0.04363733078820517f,-0.1504031868410829f,-1.433819391853025f,-0.04641774687507821f,0.9988091283892263f,0.015023908326242105f,4.0119588880580395f,0.14956847269833992f,0.02181990852489818f,-0.9885105783787298f,1.1857274108381746f,0f,0f,0f,1f],start_interpolation:0}
execute if entity @s[tag=aj.calamity.bone.5] run data modify entity @s {} merge value {transformation:[-0.9896936988831038f,-0.06282794529881565f,-0.1286819011384638f,-1.451489751468317f,-0.04750871373756377f,0.9917765004013355f,-0.11883726423425484f,4.290896028795915f,0.1350899867128668f,-0.11149898000075563f,-0.9845398280154584f,1.154368322712962f,0f,0f,0f,1f],start_interpolation:0}
execute if entity @s[tag=aj.calamity.bone.4] run data modify entity @s {} merge value {transformation:[-0.9896936988831038f,-0.03436095277922399f,-0.13901693175719382f,-1.4611537694374737f,-0.04750871373756377f,0.9945886738088654f,0.09239205620682212f,4.570624093304659f,0.1350899867128668f,0.0980443514702724f,-0.9859705881184747f,1.181943296563976f,0f,0f,0f,1f],start_interpolation:0}
execute if entity @s[tag=aj.calamity.bone.3] run data modify entity @s {} merge value {transformation:[-0.9894555486818146f,0.008834409669107812f,-0.14456718295853854f,-1.4590832046712765f,-0.05376048316304577f,0.9044305771101857f,0.4232199683831236f,4.782600009814859f,0.13448987929522807f,0.4265293476349953f,-0.8944189107868975f,1.2819111124159281f,0f,0f,0f,1f],start_interpolation:0}
execute if entity @s[tag=aj.calamity.bone.2] run data modify entity @s {} merge value {transformation:[-0.7277614250260339f,0.6704204933140909f,-0.14456718295853854f,-1.2705274409266885f,0.5669588706829323f,0.7067124573089976f,0.4232199683831236f,4.981362888433014f,0.38590276909865584f,0.22603952050198928f,-0.8944189107868975f,1.3454847275571127f,0f,0f,0f,1f],start_interpolation:0}
execute if entity @s[tag=aj.calamity.bone.1] run data modify entity @s {} merge value {transformation:[0.34088553187713694f,0.9289227006421332f,-0.14456718295853854f,-1.0092679313710884f,0.869882941321319f,-0.25335454754150033f,0.4232199683831236f,4.9101069219369675f,0.3565118827683197f,-0.27002609035381686f,-0.8944189107868975f,1.2695398896451016f,0f,0f,0f,1f],start_interpolation:0}
execute if entity @s[tag=aj.calamity.bone.sword] run data modify entity @s {} merge value {transformation:[2.571927865784664f,0.05556805268434994f,2.5628257465581257f,-1.0000853436504327f,0.028805167728751763f,-3.630794007968065f,0.04981662890349698f,4.310120367375056f,2.563266251877175f,-0.014954120638123876f,-2.5720456953101505f,1.2670687300864814f,0f,0f,0f,1f],start_interpolation:0}