execute if entity @s[tag=aj.calamity.bone.9] run data modify entity @s {} merge value {transformation:[-0.7345150622335089f,-0.04068087271598543f,0.6773718992895775f,-1.3499415357613265f,-0.023482426126227512f,0.9991273629384205f,0.034541110157942846f,1.1071205711378294f,-0.6781859619715895f,0.009464630092225923f,-0.7348293827562197f,1.1639570605914862f,0f,0f,0f,1f],start_interpolation:0}
execute if entity @s[tag=aj.calamity.bone.8] run data modify entity @s {} merge value {transformation:[-0.8685952460969356f,-0.044782738922309745f,0.4934944830009949f,-1.362536681083226f,-0.03046535409450594f,0.9988500287406631f,0.03702002545477327f,1.3880471417211409f,-0.4945848366637412f,0.017120933952093135f,-0.8689607085265182f,1.1687723232655123f,0f,0f,0f,1f],start_interpolation:0}
execute if entity @s[tag=aj.calamity.bone.7] run data modify entity @s {} merge value {transformation:[-0.991376653339396f,-0.04340446953001838f,0.12364620187614378f,-1.3747441881385436f,-0.04124578883394148f,0.998949513403052f,0.019966336050225603f,1.6690016923657491f,-0.12438294142302758f,0.014694274280220045f,-0.992125477037221f,1.1729050879068241f,0f,0f,0f,1f],start_interpolation:0}
execute if entity @s[tag=aj.calamity.bone.6] run data modify entity @s {} merge value {transformation:[-0.9896450805149405f,-0.0428861622592705f,-0.1369795302198386f,-1.3868059212739634f,-0.04392499871455305f,0.9990243841983734f,0.004568836283632222f,1.9499773004215415f,0.13664995097146101f,0.01053835204060126f,-0.9905633417584994f,1.1758689994182432f,0f,0f,0f,1f],start_interpolation:0}
execute if entity @s[tag=aj.calamity.bone.5] run data modify entity @s {} merge value {transformation:[-0.9902818868500041f,-0.0603581308412813f,-0.12529437584401737f,-1.4037816455730738f,-0.04432753704693887f,0.9909113149745173f,-0.12700328859846216f,2.2286711077581245f,0.13182129583700583f,-0.12021506518244207f,-0.9839570539749354f,1.1420585123356815f,0f,0f,0f,1f],start_interpolation:0}
execute if entity @s[tag=aj.calamity.bone.4] run data modify entity @s {} merge value {transformation:[-0.9902818868500041f,-0.032092222399845535f,-0.13532137243700262f,-1.4128075831230305f,-0.04432753704693887f,0.995098620904789f,0.08839572462929857f,2.5085425948875963f,0.13182129583700583f,0.09353514812531905f,-0.9868507090887797f,1.1683652727459275f,0f,0f,0f,1f],start_interpolation:0}
execute if entity @s[tag=aj.calamity.bone.3] run data modify entity @s {} merge value {transformation:[-0.9902123873349851f,0.013988908357210006f,-0.13886590082278094f,-1.4095289327268095f,-0.04641224138950656f,0.9053357809038772f,0.4221528486986302f,2.720730668536943f,0.13162572627549315f,0.42446605783989383f,-0.8958254483571613f,1.2678495050521525f,0f,0f,0f,1f],start_interpolation:0}
execute if entity @s[tag=aj.calamity.bone.2] run data modify entity @s {} merge value {transformation:[-0.7220315055797503f,0.6777807658372403f,-0.13886590082278094f,-1.2189030923350856f,0.575952383691127f,0.7000470156040519f,0.4221528486986302f,2.9176188916755823f,0.38333974053148656f,0.22482751033835627f,-0.8958254483571613f,1.3310822423348152f,0f,0f,0f,1f],start_interpolation:0}
execute if entity @s[tag=aj.calamity.bone.1] run data modify entity @s {} merge value {transformation:[0.3498782822558592f,0.9264455996950747f,-0.13886590082278094f,-0.9583402674208458f,0.8671665445819687f,-0.26421422424502344f,0.4221528486986302f,2.8433086411066695f,0.35441130281560934f,-0.26812197692884787f,-0.8958254483571613f,1.2556729363235768f,0f,0f,0f,1f],start_interpolation:0}
execute if entity @s[tag=aj.calamity.bone.sword] run data modify entity @s {} merge value {transformation:[2.568948553124441f,0.01614128645597087f,2.5663630594230775f,-0.9556729294155331f,0.008354158355753778f,-3.631211535011906f,0.014476136730482066f,2.243253090448609f,2.5664002224785594f,-0.004336976829418618f,-2.568958475957519f,1.2549562534769634f,0f,0f,0f,1f],start_interpolation:0}