execute if entity @s[tag=aj.calamity.bone.9] run data modify entity @s {} merge value {transformation:[0.993922842741322f,0.09073792773497023f,0.062321835237514944f,-0.10967049763813697f,-0.08333464464602719f,0.9901434686580171f,-0.112566640154135f,1.7869150386600348f,-0.0719216217748807f,0.10668898698663096f,0.9916878240540404f,0.14685988914197154f,0f,0f,0f,1f],start_interpolation:0}
execute if entity @s[tag=aj.calamity.bone.8] run data modify entity @s {} merge value {transformation:[0.9469820985577324f,0.08439510069749244f,0.31000382576583263f,-0.08593437556696722f,-0.06430012408004387f,0.9951460578550982f,-0.07449709778741849f,2.066799867431781f,-0.3147862752003073f,0.050614133537159f,0.9478121176856725f,0.1610951141992975f,0f,0f,0f,1f],start_interpolation:0}
execute if entity @s[tag=aj.calamity.bone.7] run data modify entity @s {} merge value {transformation:[0.7562640504216971f,0.08439510069749244f,0.6488005494896166f,-0.06219825349579747f,-0.03089676349296163f,0.9951460578550982f,-0.09343293606174016f,2.3466846962035275f,-0.6535365912062067f,0.050614133537159f,0.7552007239408965f,0.17533033925662347f,0f,0f,0f,1f],start_interpolation:0}
execute if entity @s[tag=aj.calamity.bone.6] run data modify entity @s {} merge value {transformation:[0.562573039115402f,0.08439510069749244f,0.8224287462380677f,-0.03846213142462773f,-0.005661758513972423f,0.9951460578550982f,-0.0982459567920568f,2.626569524975274f,-0.8267282021021114f,0.050614133537159f,0.5603201668111661f,0.18956556431394944f,0f,0f,0f,1f],start_interpolation:0}
execute if entity @s[tag=aj.calamity.bone.5] run data modify entity @s {} merge value {transformation:[0.2586928577613256f,0.08744230955372592f,0.9619936838894465f,-0.013868981862642304f,0.10126396571090134f,0.987951858126628f,-0.11703305205216258f,2.9044309850733883f,-0.9606370878702217f,0.1276909101073887f,0.24672133447305872f,0.22547863278165253f,0f,0f,0f,1f],start_interpolation:0}
execute if entity @s[tag=aj.calamity.bone.4] run data modify entity @s {} merge value {transformation:[0.07397174143480434f,0.030404622852973268f,0.9967967397510238f,-0.005317681685243575f,-0.047555120446608264f,0.998505587918456f,-0.026927707197732048f,3.185260681675454f,-0.996125841441939f,-0.045410899625383486f,0.0753070926726182f,0.21270681726201343f,0f,0f,0f,1f],start_interpolation:0}
execute if entity @s[tag=aj.calamity.bone.3] run data modify entity @s {} merge value {transformation:[0.04857188054952151f,-0.15622842860693958f,0.9865259502490995f,-0.04193371963999505f,-0.26785326381674085f,0.9494768696474198f,0.1635490845809162f,3.407794322999068f,-0.9622345875526417f,-0.27218808221438084f,0.0042715825937186536f,0.1489127354930179f,0f,0f,0f,1f],start_interpolation:0}
execute if entity @s[tag=aj.calamity.bone.2] run data modify entity @s {} merge value {transformation:[-0.013548909857539645f,-0.09692632603006865f,0.995199333984898f,-0.06919424883595185f,-0.3735462914721984f,0.9237200349792695f,0.08487912054954608f,3.6675905828369872f,-0.9275125849114068f,-0.3706030009325474f,-0.04872186912209485f,0.044680641480738977f,0f,0f,0f,1f],start_interpolation:0}
execute if entity @s[tag=aj.calamity.bone.1] run data modify entity @s {} merge value {transformation:[-0.003540281806860661f,0.16652484550112936f,0.9860309032862776f,-0.022359136038759202f,-0.2987335087748287f,0.9408345514185805f,-0.15996448853441697f,3.932200300423463f,-0.9543300043170638f,-0.2951267908676256f,0.04641573194908549f,-0.03832376845078076f,0f,0f,0f,1f],start_interpolation:0}
execute if entity @s[tag=aj.calamity.bone.sword] run data modify entity @s {} merge value {transformation:[-3.6284085495614833f,0.008224755951645422f,0.14338867932534635f,-0.02100000000000002f,0.007339723088562392f,3.63117253876282f,-0.02255403954415003f,4.53224940697451f,-0.14343670532368752f,-0.0222465643260197f,-3.628347773359325f,-0.04200000000000004f,0f,0f,0f,1f],start_interpolation:0}