execute if entity @s[tag=aj.calamity.bone.9] run data modify entity @s {} merge value {transformation:[-0.7298009352219825f,-0.03694849627739537f,0.6826605331875859f,-1.4071436461355362f,-0.01260916449003048f,0.9990961002736847f,0.040595460199125716f,2.952431797573793f,-0.6835434177285181f,0.021018825865274583f,-0.7296071580235916f,1.1580876673476395f,0f,0f,0f,1f],start_interpolation:0}
execute if entity @s[tag=aj.calamity.bone.8] run data modify entity @s {} merge value {transformation:[-0.8766651571237142f,-0.05092603104831219f,0.4783980995435912f,-1.421466592367874f,-0.022267006736646756f,0.9976111447045413f,0.0653925406471188f,3.2330099320219454f,-0.48058545826548243f,0.04667486821578917f,-0.8757049011971985f,1.1712149740333302f,0f,0f,0f,1f],start_interpolation:0}
execute if entity @s[tag=aj.calamity.bone.7] run data modify entity @s {} merge value {transformation:[-0.993184145104015f,-0.046399369583365574f,0.10692217925329203f,-1.4345164150631955f,-0.04198502450674353f,0.998184970613844f,0.04317432289923613f,3.513749455007089f,-0.10873137372062888f,0.03839092266285869f,-0.9933295653638422f,1.1820124210322591f,0f,0f,0f,1f],start_interpolation:0}
execute if entity @s[tag=aj.calamity.bone.6] run data modify entity @s {} merge value {transformation:[-0.9871832853441035f,-0.04487792637773856f,-0.15315068678023125f,-1.4471383318569344f,-0.04806274644125537f,0.9986969914111654f,0.017154933716293175f,3.7946329838414794f,0.1521812522676357f,0.024295906451933053f,-0.9880539334408489f,1.1888456447218654f,0f,0f,0f,1f],start_interpolation:0}
execute if entity @s[tag=aj.calamity.bone.5] run data modify entity @s {} merge value {transformation:[-0.9895053051626259f,-0.06441970254854998f,-0.12934200005634233f,-1.465256373198714f,-0.04926676828693857f,0.9918955887330226f,-0.11711501438556908f,4.073603618172642f,0.13583827368447965f,-0.10951366570217276f,-0.9846596977773049f,1.1580449262431294f,0f,0f,0f,1f],start_interpolation:0}
execute if entity @s[tag=aj.calamity.bone.4] run data modify entity @s {} merge value {transformation:[-0.9895053051626259f,-0.0358916711613427f,-0.13996799275643185f,-1.4753509057128418f,-0.04926676828693857f,0.9944187978818964f,0.09329544448517185f,4.353283905076926f,0.13583827368447965f,0.0992121079323019f,-0.9857509427041142f,1.1859483315990893f,0f,0f,0f,1f],start_interpolation:0}
execute if entity @s[tag=aj.calamity.bone.3] run data modify entity @s {} merge value {transformation:[-0.9892222177578549f,0.006888313842335514f,-0.1462598886456587f,-1.4737364571560443f,-0.05632338243963658f,0.9041331285123986f,0.42352209212382474f,4.565190107072019f,0.1351557637867857f,0.4271953148839446f,-0.8940006054004763f,1.2860722335250139f,0f,0f,0f,1f],start_interpolation:0}
execute if entity @s[tag=aj.calamity.bone.2] run data modify entity @s {} merge value {transformation:[-0.7294355974676257f,0.6682303151761431f,-0.1462598886456587f,-1.2857966810127541f,0.5642850945515976f,0.7086687304728165f,0.42352209212382474f,4.764503187517499f,0.3866601107095773f,0.22639981521555938f,-0.8940006054004763f,1.34974718155439f,0f,0f,0f,1f],start_interpolation:0}
execute if entity @s[tag=aj.calamity.bone.1] run data modify entity @s {} merge value {transformation:[0.33822139306661375f,0.9296312894074934f,-0.1462598886456587f,-1.0243378808668966f,0.8706670922300574f,-0.250135667170269f,0.42352209212382474f,4.6941525311258605f,0.3571345737669994f,-0.2705879039496143f,-0.8940006054004763f,1.273644333568561f,0f,0f,0f,1f],start_interpolation:0}
execute if entity @s[tag=aj.calamity.bone.sword] run data modify entity @s {} merge value {transformation:[2.5727775681507175f,0.06722937947061688f,2.5616932599076874f,-1.0132282658170235f,0.03486644451748777f,-3.6305824779064624f,0.060264124197424454f,4.094200931781064f,2.562338088224735f,-0.018100943471804125f,-2.5729501433137485f,1.2706531634046425f,0f,0f,0f,1f],start_interpolation:0}