execute if entity @s[tag=aj.calamity.bone.9] run data modify entity @s {} merge value {transformation:[0.4581606289237023f,0.17297892821109417f,-0.8718756382071806f,-2.0160570803523594f,-0.19828264458855588f,-0.9362757942915667f,-0.28995108187186397f,4.611386404329809f,-0.8664714830617368f,0.30572197732357603f,-0.39466598741487346f,-0.4070078712399861f,0f,0f,0f,1f],start_interpolation:0}
execute if entity @s[tag=aj.calamity.bone.8] run data modify entity @s {} merge value {transformation:[0.06294189795680244f,0.41327849058152f,-0.9084267756425148f,-1.899822504876307f,-0.26781211509902436f,-0.8698529365330189f,-0.4142855776044717f,4.366740265929898f,-0.9614130165999326f,0.26936361674796455f,0.05593079191888281f,-0.3312493540296211f,0f,0f,0f,1f],start_interpolation:0}
execute if entity @s[tag=aj.calamity.bone.7] run data modify entity @s {} merge value {transformation:[0.37304587870331224f,0.5647465158120317f,-0.7361373141341527f,-1.7409875473041732f,-0.03349077569903347f,-0.7846979802934451f,-0.6189728973601876f,4.146043958972366f,-0.9272082507859551f,0.2555590980606222f,-0.2738145486874112f,-0.2593733577000711f,0f,0f,0f,1f],start_interpolation:0}
execute if entity @s[tag=aj.calamity.bone.6] run data modify entity @s {} merge value {transformation:[0.5065381339537356f,0.7360296016381449f,-0.4490874573655574f,-1.533979221843445f,0.17495841668038653f,-0.5977580707632046f,-0.7823521210236117f,3.9779245015702145f,-0.844279972096555f,0.317719552986349f,-0.4315618314526841f,-0.17001473342266046f,0f,0f,0f,1f],start_interpolation:0}
execute if entity @s[tag=aj.calamity.bone.5] run data modify entity @s {} merge value {transformation:[0.6180917435322755f,0.7233224598438541f,-0.3078428424743186f,-1.3305447800123609f,0.40211207690049555f,-0.6274113098431191f,-0.6668290079860892f,3.801465070676837f,-0.6754764793743763f,0.2883741794377192f,-0.6786544470093895f,-0.0889094954558019f,0f,0f,0f,1f],start_interpolation:0}
execute if entity @s[tag=aj.calamity.bone.4] run data modify entity @s {} merge value {transformation:[0.29419158322538036f,0.9555324012487675f,0.020227271766321442f,-1.061801292161145f,0.6115825767963775f,-0.17194763216693892f,-0.7722698774076886f,3.753104799129886f,-0.7344508588860438f,0.23956594490024588f,-0.6349725143071984f,-0.02153157345260777f,0f,0f,0f,1f],start_interpolation:0}
execute if entity @s[tag=aj.calamity.bone.3] run data modify entity @s {} merge value {transformation:[0.08038164683119167f,0.9444128993997593f,0.3187837296664399f,-0.8404545188643264f,0.629856388648123f,0.1997495702291896f,-0.7505871294342842f,3.799921104652352f,-0.7725410801581043f,0.2611213982817079f,-0.5787882987997903f,0.03966875426966754f,0f,0f,0f,1f],start_interpolation:0}
execute if entity @s[tag=aj.calamity.bone.2] run data modify entity @s {} merge value {transformation:[-0.24747419483742616f,0.9149499749109358f,0.3187837296664399f,-0.5831248384206259f,0.5235530239284742f,0.4031267694695451f,-0.7505871294342842f,3.9133005085656616f,-0.8152599303442543f,-0.01885075986602261f,-0.5787882987997903f,0.03436697805734868f,0f,0f,0f,1f],start_interpolation:0}
execute if entity @s[tag=aj.calamity.bone.1] run data modify entity @s {} merge value {transformation:[-0.16678933617125374f,0.9330371112873843f,0.3187837296664399f,-0.320708150871049f,0.556695559622029f,0.35596209773614557f,-0.7505871294342842f,4.0134148485539525f,-0.8138005721530728f,0.052275557728025154f,-0.5787882987997903f,0.04906947866835576f,0f,0f,0f,1f],start_interpolation:0}
execute if entity @s[tag=aj.calamity.bone.sword] run data modify entity @s {} merge value {transformation:[-2.9249194166209915f,2.147636464249412f,-0.13594331980572202f,0.03418749999999986f,2.1433678379296652f,2.927904970877083f,0.13900847219495632f,4.49724940697451f,0.19182617157788512f,0.03172792838413096f,-3.6260409017216313f,0.05431249999999977f,0f,0f,0f,1f],start_interpolation:0}