execute if entity @s[tag=aj.calamity.bone.9] run data modify entity @s {} merge value {transformation:[-0.7300120591137987f,-0.03619685460798007f,0.6824750407633386f,-1.4007950987680002f,-0.01273222493834099f,0.9991434570426955f,0.039373121503015716f,3.2780347364872267f,-0.6833156547281436f,0.020053427768352096f,-0.7298476389207461f,1.1575777741361435f,0f,0f,0f,1f],start_interpolation:0}
execute if entity @s[tag=aj.calamity.bone.8] run data modify entity @s {} merge value {transformation:[-0.8761588259612447f,-0.049591424366862875f,0.4794647039350023f,-1.4147426868711803f,-0.021996638193887398f,0.9977708198149138f,0.0630042779027138f,3.5586577795601713f,-0.4815203625999434f,0.04465514253858019f,-0.8752965546867404f,1.170137032975119f,0f,0f,0f,1f],start_interpolation:0}
execute if entity @s[tag=aj.calamity.bone.7] run data modify entity @s {} merge value {transformation:[-0.9931128709365071f,-0.0452438473059682f,0.10807321528113839f,-1.4274675189259838f,-0.040971297544578233f,0.9983008663709441f,0.04143347656830734f,3.8394298982269994f,-0.10976419433386617f,0.03672021900774948f,-0.9932791385900843f,1.1804645945710486f,0f,0f,0f,1f],start_interpolation:0}
execute if entity @s[tag=aj.calamity.bone.6] run data modify entity @s {} merge value {transformation:[-0.9874013859303422f,-0.043770438760588844f,-0.15206134207465546f,-1.4397779548273995f,-0.04678541675574711f,0.9987718880306103f,0.01630461464620446f,4.120334491735608f,0.15116093358348504f,0.023213452360123482f,-0.9882365646886849f,1.1869933780473334f,0f,0f,0f,1f],start_interpolation:0}
execute if entity @s[tag=aj.calamity.bone.5] run data modify entity @s {} merge value {transformation:[-0.9896165895182796f,-0.06317801024618702f,-0.12910284571434602f,-1.4575467702091396f,-0.04795020282290035f,0.9918752462473474f,-0.11783154896294616f,4.399299404742675f,0.13549827969185493f,-0.11041754798535039f,-0.9846055968241552f,1.1559384426764536f,0f,0f,0f,1f],start_interpolation:0}
execute if entity @s[tag=aj.calamity.bone.4] run data modify entity @s {} merge value {transformation:[-0.9896165895182796f,-0.03468641855816127f,-0.13948425759854619f,-1.4673023254286224f,-0.04795020282290035f,0.9945216191836024f,0.0928844821575111f,4.679008610138063f,0.13549827969185493f,0.09860832289433957f,-0.9858583137837371f,1.1836720334904867f,0f,0f,0f,1f],start_interpolation:0}
execute if entity @s[tag=aj.calamity.bone.3] run data modify entity @s {} merge value {transformation:[-0.9893546763853303f,0.00816075445084502f,-0.14529530756797387f,-1.4653896486042055f,-0.05471344985148868f,0.9043122143685869f,0.423350749791626f,4.890956785380701f,0.13484718283978955f,0.4267936515818579f,-0.8942390151685377f,1.2837017955799845f,0f,0f,0f,1f],start_interpolation:0}
execute if entity @s[tag=aj.calamity.bone.2] run data modify entity @s {} merge value {transformation:[-0.7284830854445788f,0.6694786537447441f,-0.14529530756797387f,-1.2770987772384963f,0.5658089358850905f,0.7075552209710914f,0.423350749791626f,5.089956691278821f,0.38622874348464586f,0.2261944770693475f,-0.8942390151685377f,1.3473189922557385f,0f,0f,0f,1f],start_interpolation:0}
execute if entity @s[tag=aj.calamity.bone.1] run data modify entity @s {} merge value {transformation:[0.3397392180901374f,0.9292290015331155f,-0.14529530756797387f,-1.0157531205573076f,0.8702214924240377f,-0.25196963462716915f,0.423350749791626f,5.01909023153993f,0.35677978896622387f,-0.2702679521060918f,-0.8942390151685377f,1.2713061307259002f,0f,0f,0f,1f],start_interpolation:0}
execute if entity @s[tag=aj.calamity.bone.sword] run data modify entity @s {} merge value {transformation:[2.572295314157347f,0.060586700066275444f,2.5623431915025043f,-1.005741204335879f,0.03141303678668723f,-3.630707900982179f,0.054313178561225466f,4.419117906106322f,2.56286687137354f,-0.01630803546306252f,-2.572435423892179f,1.2686112375461485f,0f,0f,0f,1f],start_interpolation:0}