execute if entity @s[tag=aj.calamity.bone.9] run data modify entity @s {} merge value {transformation:[-0.7315092974155901f,-0.03879406591078926f,0.680726941030439f,-1.387827898360724f,-0.016843326731864033f,0.9991035447788724f,0.03883824345789404f,2.922633878476367f,-0.6816233931865553f,0.016944829901781606f,-0.7315069532140115f,1.160534511943732f,0f,0f,0f,1f],start_interpolation:0}
execute if entity @s[tag=aj.calamity.bone.8] run data modify entity @s {} merge value {transformation:[-0.873801932033401f,-0.04921688666286541f,0.48378495392261855f,-1.401670147734655f,-0.0254765437037507f,0.9981320616668329f,0.055527769571880436f,3.2033585208201636f,-0.4856141774038384f,0.036195103811587935f,-0.8734236000729895f,1.170714384890741f,0f,0f,0f,1f],start_interpolation:0}
execute if entity @s[tag=aj.calamity.bone.7] run data modify entity @s {} merge value {transformation:[-0.9925527140626358f,-0.04579601125883962f,0.11287973759570705f,-1.4145502759012036f,-0.04208632940315959f,0.998499625405773f,0.03503197028285925f,3.484186540465537f,-0.11431470021070891f,0.030020383363818334f,-0.9929908992022156f,1.179157617711815f,0f,0f,0f,1f],start_interpolation:0}
execute if entity @s[tag=aj.calamity.bone.6] run data modify entity @s {} merge value {transformation:[-0.9880717564163032f,-0.0445966097211637f,-0.14739520539617174f,-1.4270930723852808f,-0.0469786466200978f,0.9988149324366106f,0.012717606040145588f,3.7651032402133335f,0.14665337000609746f,0.01949033460530064f,-0.9889959129960183f,1.1846392743195557f,0f,0f,0f,1f],start_interpolation:0}
execute if entity @s[tag=aj.calamity.bone.5] run data modify entity @s {} merge value {transformation:[-0.9897629805760302f,-0.06338627181664429f,-0.12787268209605687f,-1.444920461333712f,-0.047920332278770926f,0.99154473654868f,-0.12059302291965472f,4.04397519736765f,0.1344354270106836f,-0.11323080838621041f,-0.9844317650282625f,1.152793109460934f,0f,0f,0f,1f],start_interpolation:0}
execute if entity @s[tag=aj.calamity.bone.4] run data modify entity @s {} merge value {transformation:[-0.9897629805760302f,-0.03494113790430539f,-0.13837759631965377f,-1.454747656369298f,-0.047920332278770926f,0.9946418789766514f,0.09160335332338126f,4.323718225829833f,0.1344354270106836f,0.09729670841168442f,-0.9861341016802464f,1.1801578087017204f,0f,0f,0f,1f],start_interpolation:0}
execute if entity @s[tag=aj.calamity.bone.3] run data modify entity @s {} merge value {transformation:[-0.989562014533325f,0.009075053510648023f,-0.14382163535618103f,-1.45262069070274f,-0.053195362861776396f,0.904527241453069f,0.42308477027577496f,4.535716798045396f,0.13393010401978814f,0.426319261672611f,-0.8946030484880814f,1.2800763856562387f,0f,0f,0f,1f],start_interpolation:0}
execute if entity @s[tag=aj.calamity.bone.2] run data modify entity @s {} merge value {transformation:[-0.7270201319506607f,0.671384439007874f,-0.14382163535618103f,-1.2637938172317753f,0.5681360059815511f,0.7058475443521962f,0.42308477027577496f,4.734236419894451f,0.38556867928525357f,0.22588089602721337f,-0.8946030484880814f,1.3436053876638925f,0f,0f,0f,1f],start_interpolation:0}
execute if entity @s[tag=aj.calamity.bone.1] run data modify entity @s {} merge value {transformation:[0.3420597821525478f,0.9286067211889141f,-0.14382163535618103f,-1.0026231768973932f,0.8695343361195601f,-0.2547730666098966f,0.42308477027577496f,4.662581494910418f,0.3562374822262078f,-0.26977813457165833f,-0.8946030484880814f,1.2677302873156135f,0f,0f,0f,1f],start_interpolation:0}
execute if entity @s[tag=aj.calamity.bone.sword] run data modify entity @s {} merge value {transformation:[2.571548575675125f,0.05042543059971684f,2.5633126538508857f,-0.9942904044235407f,0.02613397493265232f,-3.630874518030308f,0.04520854092314225f,4.062581636108511f,2.563675389123486f,-0.01356734192880344f,-2.5716455799615017f,1.2654882921155108f,0f,0f,0f,1f],start_interpolation:0}