execute if entity @s[tag=aj.calamity.bone.9] run data modify entity @s {} merge value {transformation:[-0.735980777694512f,-0.042354973706839265f,0.675676217626811f,-1.334892233290572f,-0.026964101572597307f,0.9990830287071941f,0.0332571642754191f,-0.9488718990624428f,-0.6764652482504652f,0.006257631465059548f,-0.7364479682624455f,1.1663507901485273f,0f,0f,0f,1f],start_interpolation:0}
execute if entity @s[tag=aj.calamity.bone.8] run data modify entity @s {} merge value {transformation:[-0.8661536945449252f,-0.043506221446891626f,0.497880493815122f,-1.3471283580725102f,-0.03351850428024244f,0.999017693238427f,0.028985487185607377f,-0.6678981728391352f,-0.49865247146383535f,0.008417677351007177f,-0.8667611293839976f,1.1687182619034981f,0f,0f,0f,1f],start_interpolation:0}
execute if entity @s[tag=aj.calamity.bone.7] run data modify entity @s {} merge value {transformation:[-0.9907653040946492f,-0.04311517364324779f,0.12855035590751623f,-1.3592545006596737f,-0.04175905877566983f,0.9990401502623337f,0.013227213386927152f,-0.38691813057785385f,-0.12899726048411506f,0.007736922225648594f,-0.9916147673477174f,1.1708942712794619f,0f,0f,0f,1f],start_interpolation:0}
execute if entity @s[tag=aj.calamity.bone.6] run data modify entity @s {} merge value {transformation:[-0.9902901987081044f,-0.04296369893807495f,-0.13220984424853147f,-1.3713380409860072f,-0.043454984453463526f,0.9990550399119953f,0.0008315964106709872f,-0.10593390060260527f,0.13204918276464955f,0.006568698501183232f,-0.9912214008642007f,1.1727417177329196f,0f,0f,0f,1f],start_interpolation:0}
execute if entity @s[tag=aj.calamity.bone.5] run data modify entity @s {} merge value {transformation:[-0.9904652223209647f,-0.059839764992891495f,-0.12408805703320958f,-1.388167974890258f,-0.04357208668759115f,0.9905695040252813f,-0.12989815609467456f,0.1726637724045052f,0.13069092024456283f,-0.12325283047744941f,-0.9837319874564038f,1.138076859161137f,0f,0f,0f,1f],start_interpolation:0}
execute if entity @s[tag=aj.calamity.bone.4] run data modify entity @s {} merge value {transformation:[-0.9904652223209647f,-0.03164273745070121f,-0.13407975439755082f,-1.3970674947982678f,-0.04357208668759115f,0.9952555741935136f,0.08699319110383169f,0.4525794026464308f,0.13069092024456283f,0.09200586504872799f,-0.9871447736589929f,1.1639535087060917f,0f,0f,0f,1f],start_interpolation:0}
execute if entity @s[tag=aj.calamity.bone.3] run data modify entity @s {} merge value {transformation:[-0.9904464566873241f,0.015522896104908646f,-0.13702137107779988f,-1.3934293160236797f,-0.044158472337147425f,0.9056170567621807f,0.42179115190133337f,0.664833400325067f,0.13063631101793022f,0.4238122062870779f,-0.8962797376074647f,1.2632844945546255f,0f,0f,0f,1f],start_interpolation:0}
execute if entity @s[tag=aj.calamity.bone.2] run data modify entity @s {} merge value {transformation:[-0.7201473794147141f,0.6801565230078139f,-0.13702137107779988f,-1.202135293927732f,0.5788579985130362f,0.6978650598326493f,0.42179115190133337f,0.8611079484029995f,0.38250643063823253f,0.22443587608645155f,-0.8962797376074647f,1.32640708470394f,0f,0f,0f,1f],start_interpolation:0}
execute if entity @s[tag=aj.calamity.bone.1] run data modify entity @s {} merge value {transformation:[0.352794219547814f,0.9256140570030299f,-0.13702137107779988f,-0.9418063403956298f,0.8662626109571041f,-0.267733660632216f,0.42179115190133337f,0.7858078563501888f,0.35373058605587f,-0.2675019709139819f,-0.8962797376074647f,1.2511721553843824f,0f,0f,0f,1f],start_interpolation:0}
execute if entity @s[tag=aj.calamity.bone.sword] run data modify entity @s {} merge value {transformation:[2.567945593377084f,0.0033356838528285507f,2.5674152109015096f,-0.941255120619026f,0.001725562128852793f,-3.6312483574169083f,0.002991937889104666f,0.18574622081155967f,2.567416797948971f,-0.0008958070254077827f,-2.5679460168857173f,1.2510241238051887f,0f,0f,0f,1f],start_interpolation:0}