execute if entity @s[tag=aj.entangle.bone.5] run data modify entity @s {} merge value {transformation:[-1f,1.1978853283323182e-16f,-2.5461838666528295e-17f,0.6874999999999999f,0f,-0.2079116908177593f,-0.9781476007338055f,0.4982475279816023f,-1.2246467991473532e-16f,-0.9781476007338055f,0.2079116908177593f,-0.5952053781375799f,0f,0f,0f,1f],start_interpolation:0}
execute if entity @s[tag=aj.entangle.bone.4] run data modify entity @s {} merge value {transformation:[-1f,1.2021465881652132e-16f,2.3367362543640788e-17f,0.6874999999999999f,0f,0.19080899537654483f,-0.9816271834476638f,0.41224109163689027f,-1.2246467991473532e-16f,-0.9816271834476638f,-0.19080899537654483f,-0.15274062064109678f,0f,0f,0f,1f],start_interpolation:0}
execute if entity @s[tag=aj.entangle.bone.3] run data modify entity @s {} merge value {transformation:[-1f,1.0762405640573947e-16f,5.843509484370488e-17f,0.6874999999999999f,0f,0.47715876025960835f,-0.8788171126619653f,0.20980469128057744f,-1.2246467991473532e-16f,-0.8788171126619653f,-0.47715876025960835f,0.22010084780857325f,0f,0f,0f,1f],start_interpolation:0}
execute if entity @s[tag=aj.entangle.bone.2] run data modify entity @s {} merge value {transformation:[-1f,8.659560562354932e-17f,8.659560562354933e-17f,0.6874999999999999f,0f,0.7071067811865475f,-0.7071067811865475f,-0.12533446021929667f,-1.2246467991473532e-16f,-0.7071067811865475f,-0.7071067811865475f,0.5552399993084474f,0f,0f,0f,1f],start_interpolation:0}
execute if entity @s[tag=aj.entangle.bone.1] run data modify entity @s {} merge value {transformation:[-1f,4.6865204053262974e-17f,1.1314261122877003e-16f,0.6874999999999999f,0f,0.9238795325112867f,-0.3826834323650897f,-0.29374999999999996f,-1.2246467991473532e-16f,-0.3826834323650897f,-0.9238795325112867f,0.6250000000000001f,0f,0f,0f,1f],start_interpolation:0}