execute if entity @s[tag=aj.entangle.bone.5] run data modify entity @s {} merge value {transformation:[-1f,-2.4415530273663988e-17f,1.200061652919315e-16f,0.6874999999999999f,0f,0.9799247046208297f,0.19936793441719708f,1.6771925683733309f,-1.2246467991473532e-16f,0.19936793441719708f,-0.9799247046208297f,0.7215777862406909f,0f,0f,0f,1f],start_interpolation:0}
execute if entity @s[tag=aj.entangle.bone.4] run data modify entity @s {} merge value {transformation:[-1f,-2.231741529848942e-17f,1.204139975294124e-16f,0.6874999999999999f,0f,0.9832549075639546f,0.18223552549214736f,1.2339941203591747f,-1.2246467991473532e-16f,0.18223552549214736f,-0.9832549075639546f,0.6394358091706089f,0f,0f,0f,1f],start_interpolation:0}
execute if entity @s[tag=aj.entangle.bone.3] run data modify entity @s {} merge value {transformation:[-1f,-1.1737719403576155e-17f,1.2190087682138096e-16f,0.6874999999999999f,0f,0.9953961983671789f,0.09584575252022388f,0.8116935359243898f,-1.2246467991473532e-16f,0.09584575252022388f,-0.9953961983671789f,0.5987728878421192f,0f,0f,0f,1f],start_interpolation:0}
execute if entity @s[tag=aj.entangle.bone.2] run data modify entity @s {} merge value {transformation:[-1f,2.671552913134292e-18f,1.2243553663724804e-16f,0.6874999999999999f,0f,0.9997620270799091f,-0.021814885034561235f,0.3378479918396411f,-1.2246467991473532e-16f,-0.021814885034561235f,-0.9997620270799091f,0.6091122343949582f,0f,0f,0f,1f],start_interpolation:0}
execute if entity @s[tag=aj.entangle.bone.1] run data modify entity @s {} merge value {transformation:[-1f,1.0673500138322972e-17f,1.2199866483456202e-16f,0.6874999999999999f,0f,0.9961946980917455f,-0.08715574274765817f,0.15625f,-1.2246467991473532e-16f,-0.08715574274765817f,-0.9961946980917455f,0.6250000000000001f,0f,0f,0f,1f],start_interpolation:0}