execute if entity @s[tag=aj.entangle.bone.5] run data modify entity @s {} merge value {transformation:[-1f,-1.2060416625018979e-16f,-2.1265768495757688e-17f,0.6874999999999999f,0f,-0.17364817766693022f,0.984807753012208f,1.1895261218876667f,-1.2246467991473532e-16f,0.984807753012208f,0.17364817766693022f,1.4762469971685723f,0f,0f,0f,1f],start_interpolation:0}
execute if entity @s[tag=aj.entangle.bone.4] run data modify entity @s {} merge value {transformation:[-1f,-1.1829179713786698e-16f,3.1696191514317686e-17f,0.6874999999999999f,0f,0.2588190451025209f,0.9659258262890682f,1.0728644116602177f,-1.2246467991473532e-16f,0.9659258262890682f,-0.2588190451025209f,1.0408595673018555f,0f,0f,0f,1f],start_interpolation:0}
execute if entity @s[tag=aj.entangle.bone.3] run data modify entity @s {} merge value {transformation:[-1f,-9.029043306084033e-17f,8.273593852918145e-17f,0.6874999999999999f,0f,0.6755902076156604f,0.737277336810124f,0.7862427227462829f,-1.2246467991473532e-16f,0.737277336810124f,-0.6755902076156604f,0.7280668815992462f,0f,0f,0f,1f],start_interpolation:0}
execute if entity @s[tag=aj.entangle.bone.2] run data modify entity @s {} merge value {transformation:[-1f,-3.682583948479537e-17f,1.1679664110263902e-16f,0.6874999999999999f,0f,0.9537169507482269f,0.30070579950427306f,0.3342206262979045f,-1.2246467991473532e-16f,0.30070579950427306f,-0.9537169507482269f,0.5855448620425334f,0f,0f,0f,1f],start_interpolation:0}
execute if entity @s[tag=aj.entangle.bone.1] run data modify entity @s {} merge value {transformation:[-1f,2.6506208041798655e-17f,1.195617780139768e-16f,0.6874999999999999f,0f,0.9762960071199334f,-0.21643961393810288f,0.15625f,-1.2246467991473532e-16f,-0.21643961393810288f,-0.9762960071199334f,0.6250000000000001f,0f,0f,0f,1f],start_interpolation:0}