execute if entity @s[tag=aj.entangle.bone.5] run data modify entity @s {} merge value {transformation:[0.10194386244210189f,-0.8283785812268367f,-0.550814283651939f,0.1742015472504953f,-0.9693001063211193f,0.041824646332231596f,-0.24229734386709798f,1.3636161710322756f,0.22375154255614127f,0.5586050708002896f,-0.7986836808649282f,0.02161179340205746f,0f,0f,0f,1f],start_interpolation:0}
execute if entity @s[tag=aj.entangle.bone.4] run data modify entity @s {} merge value {transformation:[-0.6366537568379514f,-0.7710769200108575f,-0.01060081745396671f,0.5217615661422593f,-0.6792073644247069f,0.5672036474246874f,-0.46578683800572807f,1.1079512622555663f,0.3651703027566262f,-0.28934478701836086f,-0.8848334556344111f,0.15203286688058784f,0f,0f,0f,1f],start_interpolation:0}
execute if entity @s[tag=aj.entangle.bone.3] run data modify entity @s {} merge value {transformation:[-0.9503862224197497f,-0.21750669804854061f,-0.2223889937446072f,0.6140396016170305f,-0.07064350636006911f,0.8471431422922493f,-0.526647881868302f,0.7485475949753629f,0.30294475279145017f,-0.4848085527001716f,-0.820478606658877f,0.35771472047828723f,0f,0f,0f,1f],start_interpolation:0}
execute if entity @s[tag=aj.entangle.bone.2] run data modify entity @s {} merge value {transformation:[-0.9641114498850096f,-0.1549933680168145f,-0.21556012634861008f,0.6874999999999999f,-0.04049936270340332f,0.8882625989864054f,-0.4575471088997665f,0.3275481339974312f,0.2623907655029853f,-0.4323963588106645f,-0.8626612748153452f,0.5626525780395918f,0f,0f,0f,1f],start_interpolation:0}
execute if entity @s[tag=aj.entangle.bone.1] run data modify entity @s {} merge value {transformation:[-1f,4.188538737676991e-17f,1.1507915602278503e-16f,0.6874999999999999f,0f,0.9396926207859084f,-0.34202014332566866f,0.15625f,-1.2246467991473532e-16f,-0.34202014332566866f,-0.9396926207859084f,0.6250000000000001f,0f,0f,0f,1f],start_interpolation:0}