execute if entity @s[tag=aj.entangle.bone.5] run data modify entity @s {} merge value {transformation:[-1f,4.883267709222908e-17f,-1.1230746847215755e-16f,0.6875f,0f,-0.9170600743851237f,-0.3987490689252468f,-0.8412608958651093f,-1.2246467991473532e-16f,-0.3987490689252468f,0.9170600743851237f,-0.7483844433358307f,0f,0f,0f,1f],start_interpolation:0}
execute if entity @s[tag=aj.entangle.bone.4] run data modify entity @s {} merge value {transformation:[-1f,9.97003963691255e-17f,-7.111560159668092e-17f,0.6875f,0f,-0.5807029557109393f,-0.8141155183563195f,-0.5795112246979898f,-1.2246467991473532e-16f,-0.8141155183563195f,0.5807029557109393f,-0.3814249382633452f,0f,0f,0f,1f],start_interpolation:0}
execute if entity @s[tag=aj.entangle.bone.3] run data modify entity @s {} merge value {transformation:[-1f,1.2041399752941237e-16f,-2.2317415298489382e-17f,0.6875f,0f,-0.18223552549214705f,-0.9832549075639545f,-0.502197116962443f,-1.2246467991473532e-16f,-0.9832549075639545f,0.18223552549214705f,0.03572465784095874f,0f,0f,0f,1f],start_interpolation:0}
execute if entity @s[tag=aj.entangle.bone.2] run data modify entity @s {} merge value {transformation:[-1f,1.1895509566739754e-16f,2.9108126723973065e-17f,0.6874999999999999f,0f,0.23768589232617338f,-0.9713420698132613f,-0.6148503263462022f,-1.2246467991473532e-16f,-0.9713420698132613f,-0.23768589232617338f,0.49610032634620244f,0f,0f,0f,1f],start_interpolation:0}
execute if entity @s[tag=aj.entangle.bone.1] run data modify entity @s {} merge value {transformation:[-1f,8.659560562354932e-17f,8.659560562354935e-17f,0.6874999999999999f,0f,0.7071067811865477f,-0.7071067811865475f,-0.7437499999999999f,-1.2246467991473532e-16f,-0.7071067811865475f,-0.7071067811865477f,0.6250000000000001f,0f,0f,0f,1f],start_interpolation:0}