execute if entity @s[tag=aj.entangle.bone.5] run data modify entity @s {} merge value {transformation:[-1f,9.650348470981656e-17f,-7.539678551159049e-17f,0.6874999999999999f,0f,-0.6156614753256585f,-0.7880107536067219f,-5.526841183682272f,-1.2246467991473532e-16f,-0.7880107536067219f,0.6156614753256585f,-0.8003036182969763f,0f,0f,0f,1f],start_interpolation:0}
execute if entity @s[tag=aj.entangle.bone.4] run data modify entity @s {} merge value {transformation:[-1f,1.1772060590738184e-16f,-3.3755840552672846e-17f,0.6874999999999999f,0f,-0.27563735581699944f,-0.9612616959383189f,-5.402598683214636f,-1.2246467991473532e-16f,-0.9612616959383189f,0.27563735581699944f,-0.3670185276272324f,0f,0f,0f,1f],start_interpolation:0}
execute if entity @s[tag=aj.entangle.bone.3] run data modify entity @s {} merge value {transformation:[-1f,1.2229684632711994e-16f,6.40930612932368e-18f,0.6874999999999999f,0f,0.052335956242943626f,-0.9986295347545739f,-5.424802409675118f,-1.2246467991473532e-16f,-0.9986295347545739f,-0.052335956242943626f,0.05665381194215208f,0f,0f,0f,1f],start_interpolation:0}
execute if entity @s[tag=aj.entangle.bone.2] run data modify entity @s {} merge value {transformation:[-1f,1.1354727397163214e-16f,4.5876076556629035e-17f,0.6874999999999999f,0f,0.37460659341591185f,-0.9271838545667874f,-5.602350326346202f,-1.2246467991473532e-16f,-0.9271838545667874f,-0.37460659341591185f,0.4961003263462024f,0f,0f,0f,1f],start_interpolation:0}
execute if entity @s[tag=aj.entangle.bone.1] run data modify entity @s {} merge value {transformation:[-1f,8.659560562354934e-17f,8.659560562354932e-17f,0.6874999999999999f,0f,0.7071067811865475f,-0.7071067811865476f,-5.731249999999999f,-1.2246467991473532e-16f,-0.7071067811865476f,-0.7071067811865475f,0.6250000000000001f,0f,0f,0f,1f],start_interpolation:0}