execute if entity @s[tag=aj.entangle.bone.5] run data modify entity @s {} merge value {transformation:[-1f,-1.220871621770789e-16f,-9.608468044710195e-18f,0.6874999999999999f,0f,-0.0784590957278456f,0.9969173337331281f,-2.776956806013753f,-1.2246467991473532e-16f,0.9969173337331281f,0.0784590957278456f,0.3996963497927946f,0f,0f,0f,1f],start_interpolation:0}
execute if entity @s[tag=aj.entangle.bone.4] run data modify entity @s {} merge value {transformation:[-1f,-7.623605571806381e-17f,-9.58418574275919e-17f,0.6874999999999999f,0f,-0.7826081568524144f,0.6225146366376193f,-2.4241991255262554f,-1.2246467991473532e-16f,0.6225146366376193f,0.7826081568524144f,0.11910022085260531f,0f,0f,0f,1f],start_interpolation:0}
execute if entity @s[tag=aj.entangle.bone.3] run data modify entity @s {} merge value {transformation:[-1f,3.2057515956683175e-18f,-1.224227143275522e-16f,0.6874999999999999f,0f,-0.9996573249755574f,-0.026176948307873593f,-2.0000907420863903f,-1.2246467991473532e-16f,-0.026176948307873593f,0.9996573249755574f,0.13020588971819647f,0f,0f,0f,1f],start_interpolation:0}
execute if entity @s[tag=aj.entangle.bone.2] run data modify entity @s {} merge value {transformation:[-1f,8.074657419935024e-17f,-9.207382137006917e-17f,0.6874999999999999f,0f,-0.7518398074789772f,-0.6593458151000693f,-1.64375f,-1.2246467991473532e-16f,-0.6593458151000693f,0.7518398074789772f,0.4427083333333335f,0f,0f,0f,1f],start_interpolation:0}
execute if entity @s[tag=aj.entangle.bone.1] run data modify entity @s {} merge value {transformation:[-1f,1.2246467991473532e-16f,2.719262146893782e-32f,0.6874999999999999f,0f,2.220446049250313e-16f,-1f,-1.64375f,-1.2246467991473532e-16f,-1f,-2.220446049250313e-16f,0.6250000000000001f,0f,0f,0f,1f],start_interpolation:0}