execute if entity @s[tag=aj.entangle.bone.5] run data modify entity @s {} merge value {transformation:[-1f,-1.1882695554102557e-16f,-2.962688750897931e-17f,0.6874999999999999f,0f,-0.2419218955996677f,0.9702957262759967f,-4.451371237737924f,-1.2246467991473532e-16f,0.9702957262759967f,0.2419218955996677f,0.3079817291987139f,0f,0f,0f,1f],start_interpolation:0}
execute if entity @s[tag=aj.entangle.bone.4] run data modify entity @s {} merge value {transformation:[-1f,-6.489639307497151e-17f,-1.0385593864809738e-16f,0.6874999999999999f,0f,-0.8480480961564261f,0.5299192642332051f,-4.0691167509649295f,-1.2246467991473532e-16f,0.5299192642332051f,0.8480480961564261f,0.06912261578443996f,0f,0f,0f,1f],start_interpolation:0}
execute if entity @s[tag=aj.entangle.bone.3] run data modify entity @s {} merge value {transformation:[-1f,1.280104479605236e-17f,-1.217938055844715e-16f,0.6874999999999999f,0f,-0.9945218953682735f,-0.10452846326765347f,-3.6471870928688395f,-1.2246467991473532e-16f,-0.10452846326765347f,0.9945218953682735f,0.11346920983453784f,0f,0f,0f,1f],start_interpolation:0}
execute if entity @s[tag=aj.entangle.bone.2] run data modify entity @s {} merge value {transformation:[-1f,8.507111498835276e-17f,-8.809371839840251e-17f,0.6874999999999999f,0f,-0.7193398003386511f,-0.6946583704589974f,-3.3062499999999995f,-1.2246467991473532e-16f,-0.6946583704589974f,0.7193398003386511f,0.4427083333333335f,0f,0f,0f,1f],start_interpolation:0}
execute if entity @s[tag=aj.entangle.bone.1] run data modify entity @s {} merge value {transformation:[-1f,1.2246467991473532e-16f,2.719262146893782e-32f,0.6874999999999999f,0f,2.220446049250313e-16f,-1f,-3.3062499999999995f,-1.2246467991473532e-16f,-1f,-2.220446049250313e-16f,0.6250000000000001f,0f,0f,0f,1f],start_interpolation:0}