execute if entity @s[tag=aj.entangle.bone.5] run data modify entity @s {} merge value {transformation:[-1f,-2.5461838666528292e-17f,-1.1978853283323184e-16f,0.6875f,0f,-0.9781476007338057f,0.20791169081775907f,-5.243870119869328f,-1.2246467991473532e-16f,0.20791169081775907f,0.9781476007338057f,-0.49115484405779636f,0f,0f,0f,1f],start_interpolation:0}
execute if entity @s[tag=aj.entangle.bone.4] run data modify entity @s {} merge value {transformation:[-1f,4.3887416232765244e-17f,-1.143306281056419e-16f,0.6875f,0f,-0.9335804264972016f,-0.3583679495453005f,-4.823062257191011f,-1.2246467991473532e-16f,-0.3583679495453005f,0.9335804264972016f,-0.32962183991546834f,0f,0f,0f,1f],start_interpolation:0}
execute if entity @s[tag=aj.entangle.bone.3] run data modify entity @s {} merge value {transformation:[-1f,9.312287318246305e-17f,-7.953444736000549e-17f,0.6875f,0f,-0.6494480483301835f,-0.760405965600031f,-4.547531477768948f,-1.2246467991473532e-16f,-0.760405965600031f,0.6494480483301835f,-0.0070167463784964745f,0f,0f,0f,1f],start_interpolation:0}
execute if entity @s[tag=aj.entangle.bone.2] run data modify entity @s {} merge value {transformation:[-1f,1.1978853283323184e-16f,-2.5461838666528292e-17f,0.6874999999999999f,0f,-0.20791169081775918f,-0.9781476007338057f,-4.448989999308448f,-1.2246467991473532e-16f,-0.9781476007338057f,0.20791169081775918f,0.4565844602192969f,0f,0f,0f,1f],start_interpolation:0}
execute if entity @s[tag=aj.entangle.bone.1] run data modify entity @s {} merge value {transformation:[-1f,1.1314261122877003e-16f,4.686520405326299e-17f,0.6874999999999999f,0f,0.38268343236508984f,-0.9238795325112866f,-4.518750000000001f,-1.2246467991473532e-16f,-0.9238795325112866f,-0.38268343236508984f,0.6250000000000001f,0f,0f,0f,1f],start_interpolation:0}