execute if entity @s[tag=aj.entangle.bone.5] run data modify entity @s {} merge value {transformation:[0.9902076829492189f,-0.13196654239988834f,-0.04553653824521525f,-0.10788591428652944f,-0.03214637209311222f,0.10187710231737634f,-0.9942774596583521f,0.40978975835106196f,0.13585048910324418f,0.9860050140391952f,0.09663724385544148f,-0.22814271572407768f,0f,0f,0f,1f],start_interpolation:0}
execute if entity @s[tag=aj.entangle.bone.4] run data modify entity @s {} merge value {transformation:[0.08051426370912142f,-0.8918255073725019f,0.4451569585428914f,0.2941010757872744f,-0.4061755062564204f,-0.43719963907529225f,-0.8024200481728849f,0.6068558497785441f,0.9102411281944575f,-0.11620559363564975f,-0.39743848398345566f,-0.1757634818614348f,0f,0f,0f,1f],start_interpolation:0}
execute if entity @s[tag=aj.entangle.bone.3] run data modify entity @s {} merge value {transformation:[-0.8611401310653602f,-0.5081261305052859f,-0.015668764037378213f,0.5096754995503573f,-0.028253417866770193f,0.07861070388283198f,-0.9965049430955631f,0.5735049627176876f,0.5075819333344909f,-0.8576877011667888f,-0.08205113173899309f,0.18811375421743348f,0f,0f,0f,1f],start_interpolation:0}
execute if entity @s[tag=aj.entangle.bone.2] run data modify entity @s {} merge value {transformation:[-0.9021493431950207f,-0.37519015479485035f,-0.21297631398305478f,0.6874999999999999f,-0.021294530797022676f,0.5317822010495964f,-0.846613390872706f,0.3214623570118893f,0.4308980221942625f,-0.7592364838387726f,-0.4877364617057146f,0.5479602127035185f,0f,0f,0f,1f],start_interpolation:0}
execute if entity @s[tag=aj.entangle.bone.1] run data modify entity @s {} merge value {transformation:[-1f,5.175581015019659e-17f,1.1099069304367545e-16f,0.6874999999999999f,0f,0.9063077870366499f,-0.42261826174069944f,0.15625f,-1.2246467991473532e-16f,-0.42261826174069944f,-0.9063077870366499f,0.6250000000000001f,0f,0f,0f,1f],start_interpolation:0}