execute if entity @s[tag=aj.entangle.bone.5] run data modify entity @s {} merge value {transformation:[-1f,-6.307397298776126e-17f,-1.0497271911386187e-16f,0.6874999999999999f,0f,-0.8571673007021123f,0.5150380749100543f,-2.0354767164152885f,-1.2246467991473532e-16f,0.5150380749100543f,0.8571673007021123f,-0.33370016697658217f,0f,0f,0f,1f],start_interpolation:0}
execute if entity @s[tag=aj.entangle.bone.4] run data modify entity @s {} merge value {transformation:[-1f,1.7043789261815566e-17f,-1.2127286206821952e-16f,0.6874999999999999f,0f,-0.9902680687415704f,-0.13917310096006547f,-1.5891171124021317f,-1.2246467991473532e-16f,-0.13917310096006547f,0.9902680687415704f,-0.2709684156511442f,0f,0f,0f,1f],start_interpolation:0}
execute if entity @s[tag=aj.entangle.bone.3] run data modify entity @s {} merge value {transformation:[-1f,7.953444736000551e-17f,-9.312287318246302e-17f,0.6874999999999999f,0f,-0.7604059656000308f,-0.6494480483301837f,-1.26651201886516f,-1.2246467991473532e-16f,-0.6494480483301837f,0.7604059656000308f,0.004562363770918454f,0f,0f,0f,1f],start_interpolation:0}
execute if entity @s[tag=aj.entangle.bone.2] run data modify entity @s {} merge value {transformation:[-1f,1.1679664110263902e-16f,-3.682583948479537e-17f,0.6874999999999999f,0f,-0.30070579950427306f,-0.9537169507482269f,-1.1239899993084472f,-1.2246467991473532e-16f,-0.9537169507482269f,0.30070579950427306f,0.4565844602192969f,0f,0f,0f,1f],start_interpolation:0}
execute if entity @s[tag=aj.entangle.bone.1] run data modify entity @s {} merge value {transformation:[-1f,1.1314261122877003e-16f,4.686520405326299e-17f,0.6874999999999999f,0f,0.38268343236508984f,-0.9238795325112866f,-1.19375f,-1.2246467991473532e-16f,-0.9238795325112866f,-0.38268343236508984f,0.6250000000000001f,0f,0f,0f,1f],start_interpolation:0}