execute if entity @s[tag=aj.entangle.bone.5] run data modify entity @s {} merge value {transformation:[-1f,-1.154402884809524e-16f,4.08795501694069e-17f,0.6874999999999999f,0f,0.33380685923377096f,0.942641491092178f,1.4225169346196544f,-1.2246467991473532e-16f,0.942641491092178f,-0.33380685923377096f,1.2823068657137089f,0f,0f,0f,1f],start_interpolation:0}
execute if entity @s[tag=aj.entangle.bone.4] run data modify entity @s {} merge value {transformation:[-1f,-9.844407313275148e-17f,7.284478218549391e-17f,0.6874999999999999f,0f,0.5948227867513414f,0.803856860617217f,1.154402802766717f,-1.2246467991473532e-16f,0.803856860617217f,-0.5948227867513414f,0.9199714119972886f,0f,0f,0f,1f],start_interpolation:0}
execute if entity @s[tag=aj.entangle.bone.3] run data modify entity @s {} merge value {transformation:[-1f,-6.759278623934514e-17f,1.0212156028489169e-16f,0.6874999999999999f,0f,0.8338858220671682f,0.5519369853120579f,0.8006236035006316f,-1.2246467991473532e-16f,0.5519369853120579f,-0.8338858220671682f,0.6858100681516933f,0f,0f,0f,1f],start_interpolation:0}
execute if entity @s[tag=aj.entangle.bone.2] run data modify entity @s {} merge value {transformation:[-1f,-2.389167384016776e-17f,1.2011155542966553e-16f,0.6874999999999999f,0f,0.9807852804032304f,0.19509032201612803f,0.3357722466428504f,-1.2246467991473532e-16f,0.19509032201612803f,-0.9807852804032304f,0.5933453842794659f,0f,0f,0f,1f],start_interpolation:0}
execute if entity @s[tag=aj.entangle.bone.1] run data modify entity @s {} merge value {transformation:[-1f,2.126576849575771e-17f,1.2060416625018976e-16f,0.6874999999999999f,0f,0.984807753012208f,-0.1736481776669303f,0.15625f,-1.2246467991473532e-16f,-0.1736481776669303f,-0.984807753012208f,0.6250000000000001f,0f,0f,0f,1f],start_interpolation:0}