execute if entity @s[tag=aj.entangle.bone.5] run data modify entity @s {} merge value {transformation:[-1f,-8.034405899049453e-17f,9.242526717056605e-17f,0.6874999999999999f,0f,0.754709580222772f,0.656059028990507f,1.5913106030165147f,-1.2246467991473532e-16f,0.656059028990507f,-0.754709580222772f,1.0229922835461773f,0f,0f,0f,1f],start_interpolation:0}
execute if entity @s[tag=aj.entangle.bone.4] run data modify entity @s {} merge value {transformation:[-1f,-6.489639307497149e-17f,1.038559386480974e-16f,0.6874999999999999f,0f,0.848048096156426f,0.5299192642332048f,1.2090561162435198f,-1.2246467991473532e-16f,0.5299192642332048f,-0.848048096156426f,0.7841331701319034f,0f,0f,0f,1f],start_interpolation:0}
execute if entity @s[tag=aj.entangle.bone.3] run data modify entity @s {} merge value {transformation:[-1f,-4.087955016940686e-17f,1.1544028848095246e-16f,0.6874999999999999f,0f,0.9426414910921783f,0.33380685923377085f,0.809136914971001f,-1.2246467991473532e-16f,0.33380685923377085f,-0.9426414910921783f,0.6425143534496621f,0f,0f,0f,1f],start_interpolation:0}
execute if entity @s[tag=aj.entangle.bone.2] run data modify entity @s {} merge value {transformation:[-1f,-1.0673500138322967e-17f,1.2199866483456202e-16f,0.6874999999999999f,0f,0.9961946980917454f,0.08715574274765817f,0.33698213618793416f,-1.2246467991473532e-16f,0.08715574274765817f,-0.9961946980917454f,0.6012061628765533f,0f,0f,0f,1f],start_interpolation:0}
execute if entity @s[tag=aj.entangle.bone.1] run data modify entity @s {} merge value {transformation:[-1f,1.5984848350717836e-17f,1.2141697760125282e-16f,0.6874999999999999f,0f,0.9914448613738104f,-0.1305261922200516f,0.15625f,-1.2246467991473532e-16f,-0.1305261922200516f,-0.9914448613738104f,0.6250000000000001f,0f,0f,0f,1f],start_interpolation:0}