execute if entity @s[tag=aj.entangle.bone.5] run data modify entity @s {} merge value {transformation:[-1f,1.1007052518929729e-16f,5.3684982175379825e-17f,0.6874999999999999f,0f,0.4383711467890775f,-0.898794046299167f,-5.803396530320012f,-1.2246467991473532e-16f,-0.898794046299167f,-0.4383711467890775f,-0.36181310695966723f,0f,0f,0f,1f],start_interpolation:0}
execute if entity @s[tag=aj.entangle.bone.4] run data modify entity @s {} merge value {transformation:[-1f,9.780464210648311e-17f,7.370108417819462e-17f,0.6874999999999999f,0f,0.6018150231520484f,-0.7986355100472928f,-6.074662386407532f,-1.2246467991473532e-16f,-0.7986355100472928f,-0.6018150231520484f,-0.001831157356296631f,0f,0f,0f,1f],start_interpolation:0}
execute if entity @s[tag=aj.entangle.bone.3] run data modify entity @s {} merge value {transformation:[-1f,8.429912278017903e-17f,8.883274016437227e-17f,0.6874999999999999f,0f,0.7253743710122876f,-0.6883545756937539f,-6.3824051940603965f,-1.2246467991473532e-16f,-0.6883545756937539f,-0.7253743710122876f,0.29020586276762467f,0f,0f,0f,1f],start_interpolation:0}
execute if entity @s[tag=aj.entangle.bone.2] run data modify entity @s {} merge value {transformation:[-1f,6.848137993413649e-17f,1.0152782096024234e-16f,0.6874999999999999f,0f,0.8290375725550416f,-0.5591929034707468f,-6.775334460219296f,-1.2246467991473532e-16f,-0.5591929034707468f,-0.8290375725550416f,0.5552399993084474f,0f,0f,0f,1f],start_interpolation:0}
execute if entity @s[tag=aj.entangle.bone.1] run data modify entity @s {} merge value {transformation:[-1f,4.6865204053262974e-17f,1.1314261122877003e-16f,0.6874999999999999f,0f,0.9238795325112867f,-0.3826834323650897f,-6.94375f,-1.2246467991473532e-16f,-0.3826834323650897f,-0.9238795325112867f,0.6250000000000001f,0f,0f,0f,1f],start_interpolation:0}