execute if entity @s[tag=aj.entangle.bone.5] run data modify entity @s {} merge value {transformation:[-1f,3.784366730434146e-17f,1.1647083184890933e-16f,0.6874999999999999f,0f,0.9510565162951538f,-0.309016994374947f,1.6703301802669737f,-1.2246467991473532e-16f,-0.309016994374947f,-0.9510565162951538f,0.40646943719614037f,0f,0f,0f,1f],start_interpolation:0}
execute if entity @s[tag=aj.entangle.bone.4] run data modify entity @s {} merge value {transformation:[-1f,2.3367362543640736e-17f,1.202146588165214e-16f,0.6874999999999999f,0f,0.981627183447664f,-0.1908089953765445f,1.2278654227704906f,-1.2246467991473532e-16f,-0.1908089953765445f,-0.981627183447664f,0.49247587354085226f,0f,0f,0f,1f],start_interpolation:0}
execute if entity @s[tag=aj.entangle.bone.3] run data modify entity @s {} merge value {transformation:[-1f,1.8101432222373256e-17f,1.2111951113721278e-16f,0.6874999999999999f,0f,0.9890158633619168f,-0.14780941112961044f,0.8082717194811551f,-1.2246467991473532e-16f,-0.14780941112961044f,-0.9890158633619168f,0.5551845726572322f,0f,0f,0f,1f],start_interpolation:0}
execute if entity @s[tag=aj.entangle.bone.2] run data modify entity @s {} merge value {transformation:[-1f,1.5984848350717824e-17f,1.2141697760125285e-16f,0.6874999999999999f,0f,0.9914448613738104f,-0.13052619222005152f,0.3383681653925261f,-1.2246467991473532e-16f,-0.13052619222005152f,-0.9914448613738104f,0.6170485491781941f,0f,0f,0f,1f],start_interpolation:0}
execute if entity @s[tag=aj.entangle.bone.1] run data modify entity @s {} merge value {transformation:[-1f,5.341834311772728e-18f,1.223481206754078e-16f,0.6874999999999999f,0f,0.9990482215818578f,-0.043619387365336035f,0.15625f,-1.2246467991473532e-16f,-0.043619387365336035f,-0.9990482215818578f,0.6250000000000001f,0f,0f,0f,1f],start_interpolation:0}