execute if entity @s[tag=aj.entangle.bone.5] run data modify entity @s {} merge value {transformation:[-1f,9.029043306084034e-17f,8.273593852918142e-17f,0.6874999999999999f,0f,0.6755902076156601f,-0.737277336810124f,1.5710322240461592f,-1.2246467991473532e-16f,-0.737277336810124f,-0.6755902076156601f,0.10780612804247197f,0f,0f,0f,1f],start_interpolation:0}
execute if entity @s[tag=aj.entangle.bone.4] run data modify entity @s {} merge value {transformation:[-1f,6.580022455450642e-17f,1.0328566345430089e-16f,0.6874999999999999f,0f,0.8433914458128856f,-0.5372996083468238f,1.1908767048850473f,-1.2246467991473532e-16f,-0.5372996083468238f,-0.8433914458128856f,0.3499919037818495f,0f,0f,0f,1f],start_interpolation:0}
execute if entity @s[tag=aj.entangle.bone.3] run data modify entity @s {} merge value {transformation:[-1f,4.6865204053262974e-17f,1.1314261122877005e-16f,0.6874999999999999f,0f,0.9238795325112867f,-0.3826834323650897f,0.7989173351719103f,-1.2246467991473532e-16f,-0.3826834323650897f,-0.9238795325112867f,0.512346790616241f,0f,0f,0f,1f],start_interpolation:0}
execute if entity @s[tag=aj.entangle.bone.2] run data modify entity @s {} merge value {transformation:[-1f,2.910812672397303e-17f,1.1895509566739756e-16f,0.6874999999999999f,0f,0.9713420698132614f,-0.23768589232617307f,0.33854166666666663f,-1.2246467991473532e-16f,-0.23768589232617307f,-0.9713420698132614f,0.6250000000000001f,0f,0f,0f,1f],start_interpolation:0}
execute if entity @s[tag=aj.entangle.bone.1] run data modify entity @s {} merge value {transformation:[-1f,0f,1.2246467991473532e-16f,0.6874999999999999f,0f,1f,0f,0.15625f,-1.2246467991473532e-16f,0f,-1f,0.6250000000000001f,0f,0f,0f,1f],start_interpolation:0}