execute if entity @s[tag=aj.entangle.bone.5] run data modify entity @s {} merge value {transformation:[0.6980181623037323f,-0.5791222589966271f,-0.4211746125169038f,-0.015898514588567503f,-0.5890071210810618f,-0.12984647485619544f,-0.7976280488317966f,0.914621955520346f,0.407236118744298f,0.8048337108384958f,-0.43174233228630376f,-0.22910559257645993f,0f,0f,0f,1f],start_interpolation:0}
execute if entity @s[tag=aj.entangle.bone.4] run data modify entity @s {} merge value {transformation:[-0.30191005028637746f,-0.9311487816192945f,0.20448048323735024f,0.4038132933152251f,-0.6540830560283145f,0.04627647782424682f,-0.755005856544731f,0.8937630073539127f,0.6935601468890337f,-0.3616910754899618f,-0.6230199744455848f,-0.06607470192484571f,0f,0f,0f,1f],start_interpolation:0}
execute if entity @s[tag=aj.entangle.bone.3] run data modify entity @s {} merge value {transformation:[-0.91078715388018f,-0.3779122022602961f,-0.16628026855166675f,0.564143967815842f,-0.059500742995443875f,0.5186731166497379f,-0.8528996773641304f,0.6737139850137668f,0.4085663005068229f,-0.766916270167494f,-0.49488686852910957f,0.25929241283362364f,0f,0f,0f,1f],start_interpolation:0}
execute if entity @s[tag=aj.entangle.bone.2] run data modify entity @s {} merge value {transformation:[-0.9367155692878734f,-0.26026767230064074f,-0.2341467083025116f,0.6874999999999999f,-0.03576244402945128f,0.7364538624697603f,-0.6755418240571134f,0.32466553978070334f,0.3482599458030389f,-0.6244168857490786f,-0.699155607100942f,0.5552399993084474f,0f,0f,0f,1f],start_interpolation:0}
execute if entity @s[tag=aj.entangle.bone.1] run data modify entity @s {} merge value {transformation:[-1f,4.686520405326296e-17f,1.1314261122877005e-16f,0.6874999999999999f,0f,0.9238795325112868f,-0.3826834323650896f,0.15625f,-1.2246467991473532e-16f,-0.3826834323650896f,-0.9238795325112868f,0.6250000000000001f,0f,0f,0f,1f],start_interpolation:0}