execute if entity @s[tag=aj.entangle.bone.5] run data modify entity @s {} merge value {transformation:[-0.8909608046776236f,-0.3937586920026992f,-0.2261480422212952f,0.5865469087573919f,-0.35816492789295074f,0.30326935774223784f,0.8830320385365686f,1.5419299014560517f,-0.2791177689715196f,0.8677452328459856f,-0.41123166453645993f,1.0365434606702753f,0f,0f,0f,1f],start_interpolation:0}
execute if entity @s[tag=aj.entangle.bone.4] run data modify entity @s {} merge value {transformation:[-0.9740214493441267f,-0.20456037779274644f,-0.09714560234439636f,0.6787517289576285f,-0.22037479951276726f,0.7574748234846375f,0.61454604345535f,1.200500976366906f,-0.05212642283213355f,0.619989470575272f,-0.7828766776565257f,0.7570855408264261f,0f,0f,0f,1f],start_interpolation:0}
execute if entity @s[tag=aj.entangle.bone.3] run data modify entity @s {} merge value {transformation:[-0.9948425878252064f,-0.0009055404203475448f,-0.10142684775636844f,0.6791359078899666f,-0.03790688844286062f,0.9308233121568847f,0.363498320978058f,0.8055956819985084f,0.09408131194784089f,0.3654683865149404f,-0.9260569988938798f,0.6020342020018774f,0f,0f,0f,1f],start_interpolation:0}
execute if entity @s[tag=aj.entangle.bone.2] run data modify entity @s {} merge value {transformation:[-0.9959751476283801f,-0.017647315221169236f,-0.0878753524721871f,0.6874999999999999f,-0.022047052288722235f,0.998538099160398f,0.049351717401903694f,0.33233022875061136f,0.08687596210693026f,0.05109047651591933f,-0.9949082020052763f,0.5778194449031865f,0f,0f,0f,1f],start_interpolation:0}
execute if entity @s[tag=aj.entangle.bone.1] run data modify entity @s {} merge value {transformation:[-1f,3.1696191514317656e-17f,1.1829179713786698e-16f,0.6874999999999999f,0f,0.9659258262890683f,-0.2588190451025208f,0.15625f,-1.2246467991473532e-16f,-0.2588190451025208f,-0.9659258262890683f,0.6250000000000001f,0f,0f,0f,1f],start_interpolation:0}