execute if entity @s[tag=aj.entangle.bone.5] run data modify entity @s {} merge value {transformation:[-1f,-7.871877887341986e-17f,9.381338752702728e-17f,0.6874999999999999f,0f,0.7660444431189779f,0.6427876096865395f,-3.006136106182874f,-1.2246467991473532e-16f,0.6427876096865395f,-0.7660444431189779f,1.0815827972329317f,0f,0f,0f,1f],start_interpolation:0}
execute if entity @s[tag=aj.entangle.bone.4] run data modify entity @s {} merge value {transformation:[-1f,-1.21998664834562e-16f,-1.0673500138322964e-17f,0.6874999999999999f,0f,-0.0871557427476582f,0.9961946980917455f,-2.9668509832466627f,-1.2246467991473532e-16f,0.9961946980917455f,0.0871557427476582f,0.6325517873516258f,0f,0f,0f,1f],start_interpolation:0}
execute if entity @s[tag=aj.entangle.bone.3] run data modify entity @s {} merge value {transformation:[-1f,-7.455177354798985e-17f,-9.715776287805219e-17f,0.6874999999999999f,0f,-0.7933533402912352f,0.6087614290087207f,-2.6302678419629637f,-1.2246467991473532e-16f,0.6087614290087207f,0.7933533402912352f,0.3742824593459079f,0f,0f,0f,1f],start_interpolation:0}
execute if entity @s[tag=aj.entangle.bone.2] run data modify entity @s {} merge value {transformation:[-1f,2.1265768495757707e-17f,-1.2060416625018979e-16f,0.6874999999999999f,0f,-0.9848077530122081f,-0.1736481776669303f,-2.1635100006915526f,-1.2246467991473532e-16f,-0.1736481776669303f,0.9848077530122081f,0.4565844602192968f,0f,0f,0f,1f],start_interpolation:0}
execute if entity @s[tag=aj.entangle.bone.1] run data modify entity @s {} merge value {transformation:[-1f,1.1314261122877005e-16f,-4.686520405326299e-17f,0.6874999999999999f,0f,-0.38268343236508984f,-0.9238795325112868f,-2.09375f,-1.2246467991473532e-16f,-0.9238795325112868f,0.38268343236508984f,0.6250000000000001f,0f,0f,0f,1f],start_interpolation:0}