execute if entity @s[tag=aj.entangle.bone.5] run data modify entity @s {} merge value {transformation:[-0.5086676734257431f,-0.7346003108562329f,-0.4490206913958061f,0.39966138738169543f,-0.8472052370042598f,0.3342142607677274f,0.4129698709252741f,1.6052612085623414f,-0.15329867711170145f,0.590477104712289f,-0.792361220912782f,0.48901044284235895f,0f,0f,0f,1f],start_interpolation:0}
execute if entity @s[tag=aj.entangle.bone.4] run data modify entity @s {} merge value {transformation:[-0.863973804835037f,-0.48959846531149f,-0.11765461029429754f,0.6203460524740497f,-0.49757171755945456f,0.865965404871788f,0.05026234624621859f,1.2149305623375592f,0.07727645465343047f,0.1019669570492034f,-0.991781775002103f,0.443049220818157f,0f,0f,0f,1f],start_interpolation:0}
execute if entity @s[tag=aj.entangle.bone.3] run data modify entity @s {} merge value {transformation:[-0.9785197576619337f,-0.07882941744059455f,-0.1904862378525205f,0.6537897295851581f,-0.06263360301464106f,0.9940059426019284f,-0.08960590296099924f,0.7932197991449514f,0.1964080335389438f,-0.07575030704906846f,-0.9775918245072106f,0.4751865737540137f,0f,0f,0f,1f],start_interpolation:0}
execute if entity @s[tag=aj.entangle.bone.2] run data modify entity @s {} merge value {transformation:[-0.9839565824773859f,-0.07112496614999578f,-0.16361748986457736f,0.6874999999999999f,-0.03576926680511202f,0.9771220676883816f,-0.20964976601133245f,0.33010465248014553f,0.1747855925173692f,-0.20043378963274552f,-0.9639897782766208f,0.5701838386320337f,0f,0f,0f,1f],start_interpolation:0}
execute if entity @s[tag=aj.entangle.bone.1] run data modify entity @s {} merge value {transformation:[-1f,3.6825839484795376e-17f,1.16796641102639e-16f,0.6874999999999999f,0f,0.9537169507482269f,-0.30070579950427306f,0.15625f,-1.2246467991473532e-16f,-0.30070579950427306f,-0.9537169507482269f,0.6250000000000001f,0f,0f,0f,1f],start_interpolation:0}