execute if entity @s[tag=aj.calamity.bone.9] run data modify entity @s {} merge value {transformation:[0.9976604762384099f,-0.06836354402566854f,1.2246467991473532e-16f,-0.003204541126203636f,-0.06836354402566854f,-0.9976604762384099f,0f,6.440282050661768f,1.221781708861193e-16f,-8.372119536940413e-18f,-1f,-3.9244310329413577e-19f,0f,0f,0f,1f],start_interpolation:0}
execute if entity @s[tag=aj.calamity.bone.8] run data modify entity @s {} merge value {transformation:[0.9976604762384099f,-0.06836354402566854f,1.2246467991473532e-16f,-0.022431787883422913f,-0.06836354402566854f,-0.9976604762384099f,0f,6.159690041719715f,1.221781708861193e-16f,-8.372119536940413e-18f,-1f,-2.7471017230586268e-18f,0f,0f,0f,1f],start_interpolation:0}
execute if entity @s[tag=aj.calamity.bone.7] run data modify entity @s {} merge value {transformation:[0.9976604762384099f,-0.06836354402566854f,1.2246467991473532e-16f,-0.04165903464064219f,-0.06836354402566854f,-0.9976604762384099f,0f,5.879098032777662f,1.221781708861193e-16f,-8.372119536940413e-18f,-1f,-5.101760342823118e-18f,0f,0f,0f,1f],start_interpolation:0}
execute if entity @s[tag=aj.calamity.bone.6] run data modify entity @s {} merge value {transformation:[0.9976604762384098f,0.06836354402566885f,1.2246467991473532e-16f,-0.022431787883422837f,0.06836354402566885f,-0.9976604762384098f,0f,5.5985060238356095f,1.2217817088611927e-16f,8.372119536940453e-18f,-1f,-2.747101723058616e-18f,0f,0f,0f,1f],start_interpolation:0}
execute if entity @s[tag=aj.calamity.bone.5] run data modify entity @s {} merge value {transformation:[0.9976604762384098f,0.06836354402566885f,1.2246467991473532e-16f,-0.0032045411262034626f,0.06836354402566885f,-0.9976604762384098f,0f,5.317914014893557f,1.2217817088611927e-16f,8.372119536940453e-18f,-1f,-3.9244310329411265e-19f,0f,0f,0f,1f],start_interpolation:0}
execute if entity @s[tag=aj.calamity.bone.4] run data modify entity @s {} merge value {transformation:[0.9976604762384098f,-0.06836354402566854f,1.2246467991473532e-16f,-0.02243178788342273f,-0.06836354402566854f,-0.9976604762384098f,0f,5.037322005951504f,1.2217817088611927e-16f,-8.372119536940413e-18f,-1f,-2.747101723058603e-18f,0f,0f,0f,1f],start_interpolation:0}
execute if entity @s[tag=aj.calamity.bone.3] run data modify entity @s {} merge value {transformation:[0.9976604762384098f,-0.06836354402566854f,1.2246467991473532e-16f,-0.038454493514438796f,-0.06836354402566854f,-0.9976604762384098f,0f,4.803495331833126f,1.2217817088611927e-16f,-8.372119536940413e-18f,-1f,-4.709317239529013e-18f,0f,0f,0f,1f],start_interpolation:0}
execute if entity @s[tag=aj.calamity.bone.2] run data modify entity @s {} merge value {transformation:[0.9976604762384097f,0.06836354402566883f,1.2246467991473532e-16f,-0.019227246757219447f,0.06836354402566883f,-0.9976604762384097f,0f,4.522903322891073f,1.2217817088611925e-16f,8.37211953694045e-18f,-1f,-2.3546586197645122e-18f,0f,0f,0f,1f],start_interpolation:0}
execute if entity @s[tag=aj.calamity.bone.1] run data modify entity @s {} merge value {transformation:[0.9976604762384097f,0.06836354402566883f,1.2246467991473532e-16f,-8.22513079821208e-17f,0.06836354402566883f,-0.9976604762384097f,0f,4.2423113139490205f,1.2217817088611925e-16f,8.37211953694045e-18f,-1f,-1.0072880104598736e-32f,0f,0f,0f,1f],start_interpolation:0}