execute if entity @s[tag=aj.calamity.bone.9] run data modify entity @s {} merge value {transformation:[0.9861990476189402f,-0.16556400114606748f,1.2246467991473532e-16f,-0.007760812553722338f,-0.16556400114606748f,-0.9861990476189402f,0f,6.415031090734499f,1.207745506988704e-16f,-2.027574240575604e-17f,-1f,-9.504254252698597e-19f,0f,0f,0f,1f],start_interpolation:0}
execute if entity @s[tag=aj.calamity.bone.8] run data modify entity @s {} merge value {transformation:[0.9861990476189402f,-0.16556400114606748f,1.2246467991473532e-16f,-0.05432568787605382f,-0.16556400114606748f,-0.9861990476189402f,0f,6.137662608591672f,1.207745506988704e-16f,-2.027574240575604e-17f,-1f,-6.6529779768887466e-18f,0f,0f,0f,1f],start_interpolation:0}
execute if entity @s[tag=aj.calamity.bone.7] run data modify entity @s {} merge value {transformation:[0.9861990476189402f,-0.16556400114606748f,1.2246467991473532e-16f,-0.1008905631983853f,-0.16556400114606748f,-0.9861990476189402f,0f,5.860294126448845f,1.207745506988704e-16f,-2.027574240575604e-17f,-1f,-1.2355530528507634e-17f,0f,0f,0f,1f],start_interpolation:0}
execute if entity @s[tag=aj.calamity.bone.6] run data modify entity @s {} merge value {transformation:[0.9861990476189402f,0.1655640011460678f,1.2246467991473532e-16f,-0.05432568787605375f,0.1655640011460678f,-0.9861990476189402f,0f,5.582925644306018f,1.2077455069887037e-16f,2.0275742405756072e-17f,-1f,-6.65297797688874e-18f,0f,0f,0f,1f],start_interpolation:0}
execute if entity @s[tag=aj.calamity.bone.5] run data modify entity @s {} merge value {transformation:[0.9861990476189402f,0.1655640011460678f,1.2246467991473532e-16f,-0.007760812553722157f,0.1655640011460678f,-0.9861990476189402f,0f,5.305557162163191f,1.2077455069887037e-16f,2.0275742405756072e-17f,-1f,-9.50425425269842e-19f,0f,0f,0f,1f],start_interpolation:0}
execute if entity @s[tag=aj.calamity.bone.4] run data modify entity @s {} merge value {transformation:[0.9861990476189403f,-0.16556400114606754f,1.2246467991473532e-16f,-0.05432568787605363f,-0.16556400114606754f,-0.9861990476189403f,0f,5.028188680020364f,1.2077455069887037e-16f,-2.0275742405756038e-17f,-1f,-6.652977976888725e-18f,0f,0f,0f,1f],start_interpolation:0}
execute if entity @s[tag=aj.calamity.bone.3] run data modify entity @s {} merge value {transformation:[0.9861990476189403f,-0.16556400114606754f,1.2246467991473532e-16f,-0.09312975064466322f,-0.16556400114606754f,-0.9861990476189403f,0f,4.797048278234675f,1.2077455069887037e-16f,-2.0275742405756038e-17f,-1f,-1.1405105103237798e-17f,0f,0f,0f,1f],start_interpolation:0}
execute if entity @s[tag=aj.calamity.bone.2] run data modify entity @s {} merge value {transformation:[0.9861990476189403f,0.1655640011460678f,1.2246467991473532e-16f,-0.046564875322331674f,0.1655640011460678f,-0.9861990476189403f,0f,4.519679796091848f,1.2077455069887035e-16f,2.027574240575607e-17f,-1f,-5.702552551618907e-18f,0f,0f,0f,1f],start_interpolation:0}
execute if entity @s[tag=aj.calamity.bone.1] run data modify entity @s {} merge value {transformation:[0.9861990476189403f,0.1655640011460678f,1.2246467991473532e-16f,-8.22513079821208e-17f,0.1655640011460678f,-0.9861990476189403f,0f,4.2423113139490205f,1.2077455069887035e-16f,2.027574240575607e-17f,-1f,-1.0072880104598736e-32f,0f,0f,0f,1f],start_interpolation:0}