execute if entity @s[tag=aj.calamity.bone.9] run data modify entity @s {} merge value {transformation:[0.9973016795577743f,0.07341226022432036f,1.2246467991473532e-16f,0.0034411996980146242f,0.07341226022432036f,-0.9973016795577743f,0f,6.43949157672474f,1.2213423096547072e-16f,8.990408950188644e-18f,-1f,4.214254195400455e-19f,0f,0f,0f,1f],start_interpolation:0}
execute if entity @s[tag=aj.calamity.bone.8] run data modify entity @s {} merge value {transformation:[0.9973016795577743f,0.07341226022432036f,1.2246467991473532e-16f,0.024088397886104725f,0.07341226022432036f,-0.9973016795577743f,0f,6.159000479349117f,1.2213423096547072e-16f,8.990408950188644e-18f,-1f,2.9499779367806016e-18f,0f,0f,0f,1f],start_interpolation:0}
execute if entity @s[tag=aj.calamity.bone.7] run data modify entity @s {} merge value {transformation:[0.9973016795577743f,0.07341226022432036f,1.2246467991473532e-16f,0.044735596074194826f,0.07341226022432036f,-0.9973016795577743f,0f,5.878509381973493f,1.2213423096547072e-16f,8.990408950188644e-18f,-1f,5.478530454021158e-18f,0f,0f,0f,1f],start_interpolation:0}
execute if entity @s[tag=aj.calamity.bone.6] run data modify entity @s {} merge value {transformation:[0.9973016795577742f,-0.07341226022432007f,1.2246467991473532e-16f,0.024088397886104815f,-0.07341226022432007f,-0.9973016795577742f,0f,5.598018284597869f,1.2213423096547072e-16f,-8.990408950188612e-18f,-1f,2.949977936780612e-18f,0f,0f,0f,1f],start_interpolation:0}
execute if entity @s[tag=aj.calamity.bone.5] run data modify entity @s {} merge value {transformation:[0.9973016795577742f,-0.07341226022432007f,1.2246467991473532e-16f,0.0034411996980147873f,-0.07341226022432007f,-0.9973016795577742f,0f,5.317527187222245f,1.2213423096547072e-16f,-8.990408950188612e-18f,-1f,4.21425419540064e-19f,0f,0f,0f,1f],start_interpolation:0}
execute if entity @s[tag=aj.calamity.bone.4] run data modify entity @s {} merge value {transformation:[0.997301679557774f,0.07341226022432033f,1.2246467991473532e-16f,0.024088397886104874f,0.07341226022432033f,-0.997301679557774f,0f,5.037036089846621f,1.2213423096547072e-16f,8.990408950188644e-18f,-1f,2.9499779367806193e-18f,0f,0f,0f,1f],start_interpolation:0}
execute if entity @s[tag=aj.calamity.bone.3] run data modify entity @s {} merge value {transformation:[0.997301679557774f,0.07341226022432033f,1.2246467991473532e-16f,0.04129439637617996f,0.07341226022432033f,-0.997301679557774f,0f,4.803293508700268f,1.2213423096547072e-16f,8.990408950188644e-18f,-1f,5.057105034481084e-18f,0f,0f,0f,1f],start_interpolation:0}
execute if entity @s[tag=aj.calamity.bone.2] run data modify entity @s {} merge value {transformation:[0.9973016795577739f,-0.07341226022432007f,1.2246467991473532e-16f,0.020647198188089945f,-0.07341226022432007f,-0.9973016795577739f,0f,4.522802411324644f,1.2213423096547072e-16f,-8.990408950188612e-18f,-1f,2.528552517240538e-18f,0f,0f,0f,1f],start_interpolation:0}
execute if entity @s[tag=aj.calamity.bone.1] run data modify entity @s {} merge value {transformation:[0.9973016795577739f,-0.07341226022432007f,1.2246467991473532e-16f,-8.22513079821208e-17f,-0.07341226022432007f,-0.9973016795577739f,0f,4.2423113139490205f,1.2213423096547072e-16f,-8.990408950188612e-18f,-1f,-1.0072880104598736e-32f,0f,0f,0f,1f],start_interpolation:0}