execute if entity @s[tag=aj.calamity.bone.9] run data modify entity @s {} merge value {transformation:[0.9896764159333514f,-0.14331989305506923f,1.2246467991473532e-16f,-0.00671811998695665f,-0.14331989305506923f,-0.9896764159333514f,0f,6.422692167802183f,1.212004054964403e-16f,-1.7551624828403143e-17f,-1f,-8.227324138314428e-19f,0f,0f,0f,1f],start_interpolation:0}
execute if entity @s[tag=aj.calamity.bone.8] run data modify entity @s {} merge value {transformation:[0.9896764159333514f,-0.14331989305506923f,1.2246467991473532e-16f,-0.04702683990869487f,-0.14331989305506923f,-0.9896764159333514f,0f,6.1443456758209285f,1.212004054964403e-16f,-1.7551624828403143e-17f,-1f,-5.7591268968198266e-18f,0f,0f,0f,1f],start_interpolation:0}
execute if entity @s[tag=aj.calamity.bone.7] run data modify entity @s {} merge value {transformation:[0.9896764159333514f,-0.14331989305506923f,1.2246467991473532e-16f,-0.08733555983043309f,-0.14331989305506923f,-0.9896764159333514f,0f,5.865999183839674f,1.212004054964403e-16f,-1.7551624828403143e-17f,-1f,-1.069552137980821e-17f,0f,0f,0f,1f],start_interpolation:0}
execute if entity @s[tag=aj.calamity.bone.6] run data modify entity @s {} merge value {transformation:[0.9896764159333513f,0.1433198930550694f,1.2246467991473532e-16f,-0.047026839908694835f,0.1433198930550694f,-0.9896764159333513f,0f,5.587652691858419f,1.212004054964403e-16f,1.7551624828403173e-17f,-1f,-5.7591268968198204e-18f,0f,0f,0f,1f],start_interpolation:0}
execute if entity @s[tag=aj.calamity.bone.5] run data modify entity @s {} merge value {transformation:[0.9896764159333513f,0.1433198930550694f,1.2246467991473532e-16f,-0.006718119986956553f,0.1433198930550694f,-0.9896764159333513f,0f,5.309306199877164f,1.212004054964403e-16f,1.7551624828403173e-17f,-1f,-8.227324138314258e-19f,0f,0f,0f,1f],start_interpolation:0}
execute if entity @s[tag=aj.calamity.bone.4] run data modify entity @s {} merge value {transformation:[0.9896764159333513f,-0.14331989305506923f,1.2246467991473532e-16f,-0.04702683990869476f,-0.14331989305506923f,-0.9896764159333513f,0f,5.030959707895909f,1.212004054964403e-16f,-1.7551624828403143e-17f,-1f,-5.759126896819807e-18f,0f,0f,0f,1f],start_interpolation:0}
execute if entity @s[tag=aj.calamity.bone.3] run data modify entity @s {} merge value {transformation:[0.9896764159333513f,-0.14331989305506923f,1.2246467991473532e-16f,-0.08061743984347662f,-0.14331989305506923f,-0.9896764159333513f,0f,4.79900429791153f,1.212004054964403e-16f,-1.7551624828403143e-17f,-1f,-9.872788965976795e-18f,0f,0f,0f,1f],start_interpolation:0}
execute if entity @s[tag=aj.calamity.bone.2] run data modify entity @s {} merge value {transformation:[0.9896764159333512f,0.1433198930550694f,1.2246467991473532e-16f,-0.040308719921738366f,0.1433198930550694f,-0.9896764159333512f,0f,4.520657805930275f,1.212004054964403e-16f,1.7551624828403173e-17f,-1f,-4.936394482988405e-18f,0f,0f,0f,1f],start_interpolation:0}
execute if entity @s[tag=aj.calamity.bone.1] run data modify entity @s {} merge value {transformation:[0.9896764159333512f,0.1433198930550694f,1.2246467991473532e-16f,-8.22513079821208e-17f,0.1433198930550694f,-0.9896764159333512f,0f,4.2423113139490205f,1.212004054964403e-16f,1.7551624828403173e-17f,-1f,-1.0072880104598736e-32f,0f,0f,0f,1f],start_interpolation:0}