execute if entity @s[tag=aj.calamity.bone.9] run data modify entity @s {} merge value {transformation:[0.9939417880660762f,-0.10990778833190487f,1.2246467991473532e-16f,-0.005151927578058449f,-0.10990778833190487f,-0.9939417880660762f,0f,6.432089315782094f,1.2172276292939174e-16f,-1.3459822118203218e-17f,-1f,-6.309291617908203e-19f,0f,0f,0f,1f],start_interpolation:0}
execute if entity @s[tag=aj.calamity.bone.8] run data modify entity @s {} merge value {transformation:[0.9939417880660762f,-0.10990778833190487f,1.2246467991473532e-16f,-0.03606349304640669f,-0.10990778833190487f,-0.9939417880660762f,0f,6.152543187888511f,1.2172276292939174e-16f,-1.3459822118203218e-17f,-1f,-4.416504132535475e-18f,0f,0f,0f,1f],start_interpolation:0}
execute if entity @s[tag=aj.calamity.bone.7] run data modify entity @s {} merge value {transformation:[0.9939417880660762f,-0.10990778833190487f,1.2246467991473532e-16f,-0.06697505851475494f,-0.10990778833190487f,-0.9939417880660762f,0f,5.872997059994927f,1.2172276292939174e-16f,-1.3459822118203218e-17f,-1f,-8.20207910328013e-18f,0f,0f,0f,1f],start_interpolation:0}
execute if entity @s[tag=aj.calamity.bone.6] run data modify entity @s {} merge value {transformation:[0.9939417880660762f,0.10990778833190516f,1.2246467991473532e-16f,-0.03606349304640662f,0.10990778833190516f,-0.9939417880660762f,0f,5.5934509321013435f,1.2172276292939174e-16f,1.3459822118203248e-17f,-1f,-4.416504132535468e-18f,0f,0f,0f,1f],start_interpolation:0}
execute if entity @s[tag=aj.calamity.bone.5] run data modify entity @s {} merge value {transformation:[0.9939417880660762f,0.10990778833190516f,1.2246467991473532e-16f,-0.005151927578058279f,0.10990778833190516f,-0.9939417880660762f,0f,5.313904804207759f,1.2172276292939174e-16f,1.3459822118203248e-17f,-1f,-6.309291617908033e-19f,0f,0f,0f,1f],start_interpolation:0}
execute if entity @s[tag=aj.calamity.bone.4] run data modify entity @s {} merge value {transformation:[0.9939417880660764f,-0.1099077883319049f,1.2246467991473532e-16f,-0.03606349304640652f,-0.1099077883319049f,-0.9939417880660764f,0f,5.034358676314175f,1.2172276292939174e-16f,-1.3459822118203218e-17f,-1f,-4.416504132535457e-18f,0f,0f,0f,1f],start_interpolation:0}
execute if entity @s[tag=aj.calamity.bone.3] run data modify entity @s {} merge value {transformation:[0.9939417880660764f,-0.1099077883319049f,1.2246467991473532e-16f,-0.06182313093669674f,-0.1099077883319049f,-0.9939417880660764f,0f,4.8014035697361885f,1.2172276292939174e-16f,-1.3459822118203218e-17f,-1f,-7.571149941489338e-18f,0f,0f,0f,1f],start_interpolation:0}
execute if entity @s[tag=aj.calamity.bone.2] run data modify entity @s {} merge value {transformation:[0.9939417880660764f,0.10990778833190516f,1.2246467991473532e-16f,-0.03091156546834842f,0.10990778833190516f,-0.9939417880660764f,0f,4.521857441842605f,1.2172276292939174e-16f,1.3459822118203248e-17f,-1f,-3.785574970744675e-18f,0f,0f,0f,1f],start_interpolation:0}
execute if entity @s[tag=aj.calamity.bone.1] run data modify entity @s {} merge value {transformation:[0.9939417880660764f,0.10990778833190516f,1.2246467991473532e-16f,-8.22513079821208e-17f,0.10990778833190516f,-0.9939417880660764f,0f,4.2423113139490205f,1.2172276292939174e-16f,1.3459822118203248e-17f,-1f,-1.0072880104598736e-32f,0f,0f,0f,1f],start_interpolation:0}