execute if entity @s[tag=aj.calamity.bone.9] run data modify entity @s {} merge value {transformation:[0.9861990476189402f,-0.16556400114606745f,1.2246467991473532e-16f,-0.007760812553722352f,-0.16556400114606745f,-0.9861990476189402f,0f,6.415031090734499f,1.207745506988704e-16f,-2.0275742405756032e-17f,-1f,-9.50425425269869e-19f,0f,0f,0f,1f],start_interpolation:0}
execute if entity @s[tag=aj.calamity.bone.8] run data modify entity @s {} merge value {transformation:[0.9861990476189402f,-0.16556400114606745f,1.2246467991473532e-16f,-0.054325687876053824f,-0.16556400114606745f,-0.9861990476189402f,0f,6.137662608591672f,1.207745506988704e-16f,-2.0275742405756032e-17f,-1f,-6.652977976888753e-18f,0f,0f,0f,1f],start_interpolation:0}
execute if entity @s[tag=aj.calamity.bone.7] run data modify entity @s {} merge value {transformation:[0.9861990476189402f,-0.16556400114606745f,1.2246467991473532e-16f,-0.1008905631983853f,-0.16556400114606745f,-0.9861990476189402f,0f,5.860294126448845f,1.207745506988704e-16f,-2.0275742405756032e-17f,-1f,-1.2355530528507637e-17f,0f,0f,0f,1f],start_interpolation:0}
execute if entity @s[tag=aj.calamity.bone.6] run data modify entity @s {} merge value {transformation:[0.9861990476189402f,0.16556400114606779f,1.2246467991473532e-16f,-0.054325687876053755f,0.16556400114606779f,-0.9861990476189402f,0f,5.582925644306018f,1.2077455069887037e-16f,2.0275742405756075e-17f,-1f,-6.6529779768887435e-18f,0f,0f,0f,1f],start_interpolation:0}
execute if entity @s[tag=aj.calamity.bone.5] run data modify entity @s {} merge value {transformation:[0.9861990476189402f,0.16556400114606779f,1.2246467991473532e-16f,-0.007760812553722171f,0.16556400114606779f,-0.9861990476189402f,0f,5.305557162163191f,1.2077455069887037e-16f,2.0275742405756075e-17f,-1f,-9.50425425269845e-19f,0f,0f,0f,1f],start_interpolation:0}
execute if entity @s[tag=aj.calamity.bone.4] run data modify entity @s {} merge value {transformation:[0.9861990476189403f,-0.1655640011460675f,1.2246467991473532e-16f,-0.05432568787605364f,-0.1655640011460675f,-0.9861990476189403f,0f,5.028188680020364f,1.2077455069887037e-16f,-2.027574240575603e-17f,-1f,-6.652977976888726e-18f,0f,0f,0f,1f],start_interpolation:0}
execute if entity @s[tag=aj.calamity.bone.3] run data modify entity @s {} merge value {transformation:[0.9861990476189403f,-0.1655640011460675f,1.2246467991473532e-16f,-0.09312975064466322f,-0.1655640011460675f,-0.9861990476189403f,0f,4.797048278234675f,1.2077455069887037e-16f,-2.027574240575603e-17f,-1f,-1.1405105103237797e-17f,0f,0f,0f,1f],start_interpolation:0}
execute if entity @s[tag=aj.calamity.bone.2] run data modify entity @s {} merge value {transformation:[0.9861990476189403f,0.16556400114606779f,1.2246467991473532e-16f,-0.04656487532233167f,0.16556400114606779f,-0.9861990476189403f,0f,4.519679796091848f,1.2077455069887035e-16f,2.0275742405756066e-17f,-1f,-5.7025525516189054e-18f,0f,0f,0f,1f],start_interpolation:0}
execute if entity @s[tag=aj.calamity.bone.1] run data modify entity @s {} merge value {transformation:[0.9861990476189403f,0.16556400114606779f,1.2246467991473532e-16f,-8.22513079821208e-17f,0.16556400114606779f,-0.9861990476189403f,0f,4.2423113139490205f,1.2077455069887035e-16f,2.0275742405756066e-17f,-1f,-1.0072880104598736e-32f,0f,0f,0f,1f],start_interpolation:0}