execute if entity @s[tag=aj.calamity.bone.9] run data modify entity @s {} merge value {transformation:[0.9932922822596467f,0.11563062744542173f,1.2246467991473532e-16f,0.005420185661503776f,0.11563062744542173f,-0.9932922822596467f,0f,6.430658373302305f,1.2164322140870454e-16f,1.416066777844358e-17f,-1f,6.637813021144962e-19f,0f,0f,0f,1f],start_interpolation:0}
execute if entity @s[tag=aj.calamity.bone.8] run data modify entity @s {} merge value {transformation:[0.9932922822596467f,0.11563062744542173f,1.2246467991473532e-16f,0.037941299630528634f,0.11563062744542173f,-0.9932922822596467f,0f,6.151294918916779f,1.2164322140870454e-16f,1.416066777844358e-17f,-1f,4.646469114801753e-18f,0f,0f,0f,1f],start_interpolation:0}
execute if entity @s[tag=aj.calamity.bone.7] run data modify entity @s {} merge value {transformation:[0.9932922822596467f,0.11563062744542173f,1.2246467991473532e-16f,0.07046241359955349f,0.11563062744542173f,-0.9932922822596467f,0f,5.8719314645312535f,1.2164322140870454e-16f,1.416066777844358e-17f,-1f,8.62915692748901e-18f,0f,0f,0f,1f],start_interpolation:0}
execute if entity @s[tag=aj.calamity.bone.6] run data modify entity @s {} merge value {transformation:[0.9932922822596468f,-0.11563062744542146f,1.2246467991473532e-16f,0.03794129963052872f,-0.11563062744542146f,-0.9932922822596468f,0f,5.592568010145728f,1.2164322140870457e-16f,-1.4160667778443545e-17f,-1f,4.6464691148017654e-18f,0f,0f,0f,1f],start_interpolation:0}
execute if entity @s[tag=aj.calamity.bone.5] run data modify entity @s {} merge value {transformation:[0.9932922822596468f,-0.11563062744542146f,1.2246467991473532e-16f,0.005420185661503915f,-0.11563062744542146f,-0.9932922822596468f,0f,5.313204555760202f,1.2164322140870457e-16f,-1.4160667778443545e-17f,-1f,6.63781302114517e-19f,0f,0f,0f,1f],start_interpolation:0}
execute if entity @s[tag=aj.calamity.bone.4] run data modify entity @s {} merge value {transformation:[0.9932922822596468f,0.11563062744542174f,1.2246467991473532e-16f,0.037941299630528766f,0.11563062744542174f,-0.9932922822596468f,0f,5.033841101374676f,1.2164322140870457e-16f,1.416066777844358e-17f,-1f,4.646469114801772e-18f,0f,0f,0f,1f],start_interpolation:0}
execute if entity @s[tag=aj.calamity.bone.3] run data modify entity @s {} merge value {transformation:[0.9932922822596468f,0.11563062744542174f,1.2246467991473532e-16f,0.0650422279380495f,0.11563062744542174f,-0.9932922822596468f,0f,4.801038222720072f,1.2164322140870457e-16f,1.416066777844358e-17f,-1f,7.965375625374488e-18f,0f,0f,0f,1f],start_interpolation:0}
execute if entity @s[tag=aj.calamity.bone.2] run data modify entity @s {} merge value {transformation:[0.9932922822596469f,-0.11563062744542148f,1.2246467991473532e-16f,0.03252111396902472f,-0.11563062744542148f,-0.9932922822596469f,0f,4.521674768334546f,1.216432214087046e-16f,-1.416066777844355e-17f,-1f,3.982687812687241e-18f,0f,0f,0f,1f],start_interpolation:0}
execute if entity @s[tag=aj.calamity.bone.1] run data modify entity @s {} merge value {transformation:[0.9932922822596469f,-0.11563062744542148f,1.2246467991473532e-16f,-8.22513079821208e-17f,-0.11563062744542148f,-0.9932922822596469f,0f,4.2423113139490205f,1.216432214087046e-16f,-1.416066777844355e-17f,-1f,-1.0072880104598736e-32f,0f,0f,0f,1f],start_interpolation:0}