execute if entity @s[tag=aj.calamity.bone.9] run data modify entity @s {} merge value {transformation:[0.997301679557774f,0.07341226022432029f,1.2246467991473532e-16f,0.003441199698014631f,0.07341226022432029f,-0.997301679557774f,0f,6.439491576724739f,1.2213423096547072e-16f,8.99040895018864e-18f,-1f,4.2142541954004704e-19f,0f,0f,0f,1f],start_interpolation:0}
execute if entity @s[tag=aj.calamity.bone.8] run data modify entity @s {} merge value {transformation:[0.997301679557774f,0.07341226022432029f,1.2246467991473532e-16f,0.024088397886104715f,0.07341226022432029f,-0.997301679557774f,0f,6.159000479349116f,1.2213423096547072e-16f,8.99040895018864e-18f,-1f,2.949977936780602e-18f,0f,0f,0f,1f],start_interpolation:0}
execute if entity @s[tag=aj.calamity.bone.7] run data modify entity @s {} merge value {transformation:[0.997301679557774f,0.07341226022432029f,1.2246467991473532e-16f,0.0447355960741948f,0.07341226022432029f,-0.997301679557774f,0f,5.878509381973492f,1.2213423096547072e-16f,8.99040895018864e-18f,-1f,5.478530454021157e-18f,0f,0f,0f,1f],start_interpolation:0}
execute if entity @s[tag=aj.calamity.bone.6] run data modify entity @s {} merge value {transformation:[0.997301679557774f,-0.07341226022432003f,1.2246467991473532e-16f,0.024088397886104798f,-0.07341226022432003f,-0.997301679557774f,0f,5.5980182845978685f,1.2213423096547072e-16f,-8.990408950188607e-18f,-1f,2.949977936780612e-18f,0f,0f,0f,1f],start_interpolation:0}
execute if entity @s[tag=aj.calamity.bone.5] run data modify entity @s {} merge value {transformation:[0.997301679557774f,-0.07341226022432003f,1.2246467991473532e-16f,0.003441199698014784f,-0.07341226022432003f,-0.997301679557774f,0f,5.317527187222245f,1.2213423096547072e-16f,-8.990408950188607e-18f,-1f,4.2142541954006514e-19f,0f,0f,0f,1f],start_interpolation:0}
execute if entity @s[tag=aj.calamity.bone.4] run data modify entity @s {} merge value {transformation:[0.9973016795577739f,0.07341226022432029f,1.2246467991473532e-16f,0.024088397886104857f,0.07341226022432029f,-0.9973016795577739f,0f,5.037036089846621f,1.2213423096547072e-16f,8.99040895018864e-18f,-1f,2.949977936780619e-18f,0f,0f,0f,1f],start_interpolation:0}
execute if entity @s[tag=aj.calamity.bone.3] run data modify entity @s {} merge value {transformation:[0.9973016795577739f,0.07341226022432029f,1.2246467991473532e-16f,0.04129439637617993f,0.07341226022432029f,-0.9973016795577739f,0f,4.803293508700268f,1.2213423096547072e-16f,8.99040895018864e-18f,-1f,5.057105034481082e-18f,0f,0f,0f,1f],start_interpolation:0}
execute if entity @s[tag=aj.calamity.bone.2] run data modify entity @s {} merge value {transformation:[0.9973016795577739f,-0.07341226022432003f,1.2246467991473532e-16f,0.02064719818808993f,-0.07341226022432003f,-0.9973016795577739f,0f,4.522802411324644f,1.2213423096547072e-16f,-8.990408950188607e-18f,-1f,2.528552517240537e-18f,0f,0f,0f,1f],start_interpolation:0}
execute if entity @s[tag=aj.calamity.bone.1] run data modify entity @s {} merge value {transformation:[0.9973016795577739f,-0.07341226022432003f,1.2246467991473532e-16f,-8.22513079821208e-17f,-0.07341226022432003f,-0.9973016795577739f,0f,4.2423113139490205f,1.2213423096547072e-16f,-8.990408950188607e-18f,-1f,-1.0072880104598736e-32f,0f,0f,0f,1f],start_interpolation:0}