execute if entity @s[tag=aj.calamity.bone.9] run data modify entity @s {} merge value {transformation:[0.9932922822596467f,0.11563062744542181f,1.2246467991473532e-16f,0.005420185661503749f,0.11563062744542181f,-0.9932922822596467f,0f,6.430658373302305f,1.216432214087046e-16f,1.416066777844359e-17f,-1f,6.637813021144962e-19f,0f,0f,0f,1f],start_interpolation:0}
execute if entity @s[tag=aj.calamity.bone.8] run data modify entity @s {} merge value {transformation:[0.9932922822596467f,0.11563062744542181f,1.2246467991473532e-16f,0.037941299630528634f,0.11563062744542181f,-0.9932922822596467f,0f,6.151294918916779f,1.216432214087046e-16f,1.416066777844359e-17f,-1f,4.646469114801756e-18f,0f,0f,0f,1f],start_interpolation:0}
execute if entity @s[tag=aj.calamity.bone.7] run data modify entity @s {} merge value {transformation:[0.9932922822596467f,0.11563062744542181f,1.2246467991473532e-16f,0.07046241359955352f,0.11563062744542181f,-0.9932922822596467f,0f,5.8719314645312535f,1.216432214087046e-16f,1.416066777844359e-17f,-1f,8.629156927489016e-18f,0f,0f,0f,1f],start_interpolation:0}
execute if entity @s[tag=aj.calamity.bone.6] run data modify entity @s {} merge value {transformation:[0.9932922822596468f,-0.11563062744542152f,1.2246467991473532e-16f,0.037941299630528724f,-0.11563062744542152f,-0.9932922822596468f,0f,5.592568010145728f,1.216432214087046e-16f,-1.4160667778443557e-17f,-1f,4.646469114801766e-18f,0f,0f,0f,1f],start_interpolation:0}
execute if entity @s[tag=aj.calamity.bone.5] run data modify entity @s {} merge value {transformation:[0.9932922822596468f,-0.11563062744542152f,1.2246467991473532e-16f,0.005420185661503908f,-0.11563062744542152f,-0.9932922822596468f,0f,5.313204555760202f,1.216432214087046e-16f,-1.4160667778443557e-17f,-1f,6.637813021145139e-19f,0f,0f,0f,1f],start_interpolation:0}
execute if entity @s[tag=aj.calamity.bone.4] run data modify entity @s {} merge value {transformation:[0.9932922822596468f,0.11563062744542182f,1.2246467991473532e-16f,0.03794129963052879f,0.11563062744542182f,-0.9932922822596468f,0f,5.033841101374676f,1.216432214087046e-16f,1.416066777844359e-17f,-1f,4.646469114801772e-18f,0f,0f,0f,1f],start_interpolation:0}
execute if entity @s[tag=aj.calamity.bone.3] run data modify entity @s {} merge value {transformation:[0.9932922822596468f,0.11563062744542182f,1.2246467991473532e-16f,0.06504222793804953f,0.11563062744542182f,-0.9932922822596468f,0f,4.801038222720072f,1.216432214087046e-16f,1.416066777844359e-17f,-1f,7.96537562537449e-18f,0f,0f,0f,1f],start_interpolation:0}
execute if entity @s[tag=aj.calamity.bone.2] run data modify entity @s {} merge value {transformation:[0.9932922822596469f,-0.11563062744542155f,1.2246467991473532e-16f,0.03252111396902474f,-0.11563062744542155f,-0.9932922822596469f,0f,4.521674768334546f,1.216432214087046e-16f,-1.4160667778443557e-17f,-1f,3.982687812687242e-18f,0f,0f,0f,1f],start_interpolation:0}
execute if entity @s[tag=aj.calamity.bone.1] run data modify entity @s {} merge value {transformation:[0.9932922822596469f,-0.11563062744542155f,1.2246467991473532e-16f,-8.22513079821208e-17f,-0.11563062744542155f,-0.9932922822596469f,0f,4.2423113139490205f,1.216432214087046e-16f,-1.4160667778443557e-17f,-1f,-1.0072880104598736e-32f,0f,0f,0f,1f],start_interpolation:0}