execute if entity @s[tag=aj.calamity.bone.9] run data modify entity @s {} merge value {transformation:[0.9976604762384096f,-0.0683635440256686f,1.2246467991473532e-16f,-0.0032045411262036153f,-0.0683635440256686f,-0.9976604762384096f,0f,6.440282050661768f,1.2217817088611923e-16f,-8.372119536940419e-18f,-1f,-3.924431032941327e-19f,0f,0f,0f,1f],start_interpolation:0}
execute if entity @s[tag=aj.calamity.bone.8] run data modify entity @s {} merge value {transformation:[0.9976604762384096f,-0.0683635440256686f,1.2246467991473532e-16f,-0.02243178788342291f,-0.0683635440256686f,-0.9976604762384096f,0f,6.159690041719715f,1.2217817088611923e-16f,-8.372119536940419e-18f,-1f,-2.7471017230586253e-18f,0f,0f,0f,1f],start_interpolation:0}
execute if entity @s[tag=aj.calamity.bone.7] run data modify entity @s {} merge value {transformation:[0.9976604762384096f,-0.0683635440256686f,1.2246467991473532e-16f,-0.041659034640642204f,-0.0683635440256686f,-0.9976604762384096f,0f,5.879098032777662f,1.2217817088611923e-16f,-8.372119536940419e-18f,-1f,-5.101760342823118e-18f,0f,0f,0f,1f],start_interpolation:0}
execute if entity @s[tag=aj.calamity.bone.6] run data modify entity @s {} merge value {transformation:[0.9976604762384096f,0.06836354402566888f,1.2246467991473532e-16f,-0.02243178788342284f,0.06836354402566888f,-0.9976604762384096f,0f,5.5985060238356095f,1.2217817088611923e-16f,8.372119536940457e-18f,-1f,-2.7471017230586156e-18f,0f,0f,0f,1f],start_interpolation:0}
execute if entity @s[tag=aj.calamity.bone.5] run data modify entity @s {} merge value {transformation:[0.9976604762384096f,0.06836354402566888f,1.2246467991473532e-16f,-0.003204541126203459f,0.06836354402566888f,-0.9976604762384096f,0f,5.317914014893557f,1.2217817088611923e-16f,8.372119536940457e-18f,-1f,-3.924431032941111e-19f,0f,0f,0f,1f],start_interpolation:0}
execute if entity @s[tag=aj.calamity.bone.4] run data modify entity @s {} merge value {transformation:[0.9976604762384097f,-0.06836354402566862f,1.2246467991473532e-16f,-0.02243178788342275f,-0.06836354402566862f,-0.9976604762384097f,0f,5.037322005951504f,1.2217817088611925e-16f,-8.372119536940425e-18f,-1f,-2.747101723058605e-18f,0f,0f,0f,1f],start_interpolation:0}
execute if entity @s[tag=aj.calamity.bone.3] run data modify entity @s {} merge value {transformation:[0.9976604762384097f,-0.06836354402566862f,1.2246467991473532e-16f,-0.03845449351443884f,-0.06836354402566862f,-0.9976604762384097f,0f,4.803495331833126f,1.2217817088611925e-16f,-8.372119536940425e-18f,-1f,-4.7093172395290175e-18f,0f,0f,0f,1f],start_interpolation:0}
execute if entity @s[tag=aj.calamity.bone.2] run data modify entity @s {} merge value {transformation:[0.9976604762384097f,0.0683635440256689f,1.2246467991473532e-16f,-0.019227246757219468f,0.0683635440256689f,-0.9976604762384097f,0f,4.522903322891073f,1.2217817088611925e-16f,8.372119536940457e-18f,-1f,-2.3546586197645145e-18f,0f,0f,0f,1f],start_interpolation:0}
execute if entity @s[tag=aj.calamity.bone.1] run data modify entity @s {} merge value {transformation:[0.9976604762384097f,0.0683635440256689f,1.2246467991473532e-16f,-8.22513079821208e-17f,0.0683635440256689f,-0.9976604762384097f,0f,4.2423113139490205f,1.2217817088611925e-16f,8.372119536940457e-18f,-1f,-1.0072880104598736e-32f,0f,0f,0f,1f],start_interpolation:0}