execute if entity @s[tag=aj.calamity.bone.9] run data modify entity @s {} merge value {transformation:[0.9939417880660767f,-0.10990778833190488f,1.2246467991473532e-16f,-0.005151927578058397f,-0.10990778833190488f,-0.9939417880660767f,0f,6.432089315782096f,1.2172276292939174e-16f,-1.345982211820321e-17f,-1f,-6.309291617908233e-19f,0f,0f,0f,1f],start_interpolation:0}
execute if entity @s[tag=aj.calamity.bone.8] run data modify entity @s {} merge value {transformation:[0.9939417880660767f,-0.10990778833190488f,1.2246467991473532e-16f,-0.036063493046406644f,-0.10990778833190488f,-0.9939417880660767f,0f,6.1525431878885115f,1.2172276292939174e-16f,-1.345982211820321e-17f,-1f,-4.416504132535476e-18f,0f,0f,0f,1f],start_interpolation:0}
execute if entity @s[tag=aj.calamity.bone.7] run data modify entity @s {} merge value {transformation:[0.9939417880660767f,-0.10990778833190488f,1.2246467991473532e-16f,-0.0669750585147549f,-0.10990778833190488f,-0.9939417880660767f,0f,5.872997059994927f,1.2172276292939174e-16f,-1.345982211820321e-17f,-1f,-8.202079103280129e-18f,0f,0f,0f,1f],start_interpolation:0}
execute if entity @s[tag=aj.calamity.bone.6] run data modify entity @s {} merge value {transformation:[0.9939417880660766f,0.10990778833190515f,1.2246467991473532e-16f,-0.03606349304640659f,0.10990778833190515f,-0.9939417880660766f,0f,5.5934509321013435f,1.2172276292939174e-16f,1.3459822118203241e-17f,-1f,-4.416504132535468e-18f,0f,0f,0f,1f],start_interpolation:0}
execute if entity @s[tag=aj.calamity.bone.5] run data modify entity @s {} merge value {transformation:[0.9939417880660766f,0.10990778833190515f,1.2246467991473532e-16f,-0.005151927578058258f,0.10990778833190515f,-0.9939417880660766f,0f,5.313904804207759f,1.2172276292939174e-16f,1.3459822118203241e-17f,-1f,-6.309291617908048e-19f,0f,0f,0f,1f],start_interpolation:0}
execute if entity @s[tag=aj.calamity.bone.4] run data modify entity @s {} merge value {transformation:[0.9939417880660766f,-0.10990778833190487f,1.2246467991473532e-16f,-0.03606349304640649f,-0.10990778833190487f,-0.9939417880660766f,0f,5.034358676314175f,1.2172276292939174e-16f,-1.345982211820321e-17f,-1f,-4.416504132535456e-18f,0f,0f,0f,1f],start_interpolation:0}
execute if entity @s[tag=aj.calamity.bone.3] run data modify entity @s {} merge value {transformation:[0.9939417880660766f,-0.10990778833190487f,1.2246467991473532e-16f,-0.06182313093669671f,-0.10990778833190487f,-0.9939417880660766f,0f,4.8014035697361885f,1.2172276292939174e-16f,-1.345982211820321e-17f,-1f,-7.571149941489335e-18f,0f,0f,0f,1f],start_interpolation:0}
execute if entity @s[tag=aj.calamity.bone.2] run data modify entity @s {} merge value {transformation:[0.9939417880660765f,0.10990778833190512f,1.2246467991473532e-16f,-0.03091156546834841f,0.10990778833190512f,-0.9939417880660765f,0f,4.521857441842605f,1.2172276292939174e-16f,1.3459822118203241e-17f,-1f,-3.7855749707446735e-18f,0f,0f,0f,1f],start_interpolation:0}
execute if entity @s[tag=aj.calamity.bone.1] run data modify entity @s {} merge value {transformation:[0.9939417880660765f,0.10990778833190512f,1.2246467991473532e-16f,-8.22513079821208e-17f,0.10990778833190512f,-0.9939417880660765f,0f,4.2423113139490205f,1.2172276292939174e-16f,1.3459822118203241e-17f,-1f,-1.0072880104598736e-32f,0f,0f,0f,1f],start_interpolation:0}