execute if entity @s[tag=aj.calamity.bone.9] run data modify entity @s {} merge value {transformation:[0.9886779489912629f,0.15005303455255403f,1.2246467991473532e-16f,0.007033735994650597f,0.15005303455255403f,-0.9886779489912629f,0f,6.420492420320398f,1.21078128561972e-16f,1.8376196846713257e-17f,-1f,8.613842271896257e-19f,0f,0f,0f,1f],start_interpolation:0}
execute if entity @s[tag=aj.calamity.bone.8] run data modify entity @s {} merge value {transformation:[0.9886779489912629f,0.15005303455255403f,1.2246467991473532e-16f,0.049236151962556415f,0.15005303455255403f,-0.9886779489912629f,0f,6.142426747166605f,1.21078128561972e-16f,1.8376196846713257e-17f,-1f,6.029689590327729e-18f,0f,0f,0f,1f],start_interpolation:0}
execute if entity @s[tag=aj.calamity.bone.7] run data modify entity @s {} merge value {transformation:[0.9886779489912629f,0.15005303455255403f,1.2246467991473532e-16f,0.09143856793046223f,0.15005303455255403f,-0.9886779489912629f,0f,5.8643610740128125f,1.21078128561972e-16f,1.8376196846713257e-17f,-1f,1.1197994953465833e-17f,0f,0f,0f,1f],start_interpolation:0}
execute if entity @s[tag=aj.calamity.bone.6] run data modify entity @s {} merge value {transformation:[0.9886779489912629f,-0.15005303455255378f,1.2246467991473532e-16f,0.049236151962556506f,-0.15005303455255378f,-0.9886779489912629f,0f,5.5862954008590195f,1.2107812856197202e-16f,-1.837619684671321e-17f,-1f,6.0296895903277446e-18f,0f,0f,0f,1f],start_interpolation:0}
execute if entity @s[tag=aj.calamity.bone.5] run data modify entity @s {} merge value {transformation:[0.9886779489912629f,-0.15005303455255378f,1.2246467991473532e-16f,0.007033735994650736f,-0.15005303455255378f,-0.9886779489912629f,0f,5.308229727705227f,1.2107812856197202e-16f,-1.837619684671321e-17f,-1f,8.613842271896519e-19f,0f,0f,0f,1f],start_interpolation:0}
execute if entity @s[tag=aj.calamity.bone.4] run data modify entity @s {} merge value {transformation:[0.9886779489912628f,0.15005303455255406f,1.2246467991473532e-16f,0.04923615196255655f,0.15005303455255406f,-0.9886779489912628f,0f,5.030164054551434f,1.21078128561972e-16f,1.8376196846713254e-17f,-1f,6.029689590327752e-18f,0f,0f,0f,1f],start_interpolation:0}
execute if entity @s[tag=aj.calamity.bone.3] run data modify entity @s {} merge value {transformation:[0.9886779489912628f,0.15005303455255406f,1.2246467991473532e-16f,0.08440483193581141f,0.15005303455255406f,-0.9886779489912628f,0f,4.798442660256606f,1.21078128561972e-16f,1.8376196846713254e-17f,-1f,1.0336610726276173e-17f,0f,0f,0f,1f],start_interpolation:0}
execute if entity @s[tag=aj.calamity.bone.2] run data modify entity @s {} merge value {transformation:[0.9886779489912628f,-0.15005303455255375f,1.2246467991473532e-16f,0.04220241596790568f,-0.15005303455255375f,-0.9886779489912628f,0f,4.520376987102813f,1.2107812856197202e-16f,-1.8376196846713214e-17f,-1f,5.1683053631380834e-18f,0f,0f,0f,1f],start_interpolation:0}
execute if entity @s[tag=aj.calamity.bone.1] run data modify entity @s {} merge value {transformation:[0.9886779489912628f,-0.15005303455255375f,1.2246467991473532e-16f,-8.22513079821208e-17f,-0.15005303455255375f,-0.9886779489912628f,0f,4.2423113139490205f,1.2107812856197202e-16f,-1.8376196846713214e-17f,-1f,-1.0072880104598736e-32f,0f,0f,0f,1f],start_interpolation:0}