execute if entity @s[tag=aj.calamity.bone.9] run data modify entity @s {} merge value {transformation:[0.9896764159333511f,-0.1433198930550693f,1.2246467991473532e-16f,-0.006718119986956622f,-0.1433198930550693f,-0.9896764159333511f,0f,6.422692167802183f,1.212004054964403e-16f,-1.7551624828403152e-17f,-1f,-8.227324138314397e-19f,0f,0f,0f,1f],start_interpolation:0}
execute if entity @s[tag=aj.calamity.bone.8] run data modify entity @s {} merge value {transformation:[0.9896764159333511f,-0.1433198930550693f,1.2246467991473532e-16f,-0.047026839908694856f,-0.1433198930550693f,-0.9896764159333511f,0f,6.1443456758209285f,1.212004054964403e-16f,-1.7551624828403152e-17f,-1f,-5.759126896819826e-18f,0f,0f,0f,1f],start_interpolation:0}
execute if entity @s[tag=aj.calamity.bone.7] run data modify entity @s {} merge value {transformation:[0.9896764159333511f,-0.1433198930550693f,1.2246467991473532e-16f,-0.08733555983043309f,-0.1433198930550693f,-0.9896764159333511f,0f,5.865999183839674f,1.212004054964403e-16f,-1.7551624828403152e-17f,-1f,-1.0695521379808212e-17f,0f,0f,0f,1f],start_interpolation:0}
execute if entity @s[tag=aj.calamity.bone.6] run data modify entity @s {} merge value {transformation:[0.9896764159333511f,0.14331989305506943f,1.2246467991473532e-16f,-0.04702683990869483f,0.14331989305506943f,-0.9896764159333511f,0f,5.587652691858419f,1.212004054964403e-16f,1.755162482840318e-17f,-1f,-5.75912689681982e-18f,0f,0f,0f,1f],start_interpolation:0}
execute if entity @s[tag=aj.calamity.bone.5] run data modify entity @s {} merge value {transformation:[0.9896764159333511f,0.14331989305506943f,1.2246467991473532e-16f,-0.006718119986956539f,0.14331989305506943f,-0.9896764159333511f,0f,5.309306199877164f,1.212004054964403e-16f,1.755162482840318e-17f,-1f,-8.227324138314235e-19f,0f,0f,0f,1f],start_interpolation:0}
execute if entity @s[tag=aj.calamity.bone.4] run data modify entity @s {} merge value {transformation:[0.9896764159333512f,-0.14331989305506931f,1.2246467991473532e-16f,-0.047026839908694766f,-0.14331989305506931f,-0.9896764159333512f,0f,5.030959707895909f,1.212004054964403e-16f,-1.7551624828403152e-17f,-1f,-5.759126896819808e-18f,0f,0f,0f,1f],start_interpolation:0}
execute if entity @s[tag=aj.calamity.bone.3] run data modify entity @s {} merge value {transformation:[0.9896764159333512f,-0.14331989305506931f,1.2246467991473532e-16f,-0.08061743984347665f,-0.14331989305506931f,-0.9896764159333512f,0f,4.79900429791153f,1.212004054964403e-16f,-1.7551624828403152e-17f,-1f,-9.872788965976798e-18f,0f,0f,0f,1f],start_interpolation:0}
execute if entity @s[tag=aj.calamity.bone.2] run data modify entity @s {} merge value {transformation:[0.9896764159333512f,0.14331989305506945f,1.2246467991473532e-16f,-0.04030871992173838f,0.14331989305506945f,-0.9896764159333512f,0f,4.520657805930275f,1.212004054964403e-16f,1.755162482840318e-17f,-1f,-4.936394482988406e-18f,0f,0f,0f,1f],start_interpolation:0}
execute if entity @s[tag=aj.calamity.bone.1] run data modify entity @s {} merge value {transformation:[0.9896764159333512f,0.14331989305506945f,1.2246467991473532e-16f,-8.22513079821208e-17f,0.14331989305506945f,-0.9896764159333512f,0f,4.2423113139490205f,1.212004054964403e-16f,1.755162482840318e-17f,-1f,-1.0072880104598736e-32f,0f,0f,0f,1f],start_interpolation:0}