execute if entity @s[tag=aj.calamity.bone.9] run data modify entity @s {} merge value {transformation:[0.9848077530122082f,-0.1736481776669302f,1.2246467991473532e-16f,-0.008139758328137764f,-0.1736481776669302f,-0.9848077530122082f,0f,6.411965894804043f,1.206041662501898e-16f,-2.1265768495757688e-17f,-1f,-9.968328982387043e-19f,0f,0f,0f,1f],start_interpolation:0}
execute if entity @s[tag=aj.calamity.bone.8] run data modify entity @s {} merge value {transformation:[0.9848077530122082f,-0.1736481776669302f,1.2246467991473532e-16f,-0.05697830829696188f,-0.1736481776669302f,-0.9848077530122082f,0f,6.134988714269359f,1.206041662501898e-16f,-2.1265768495757688e-17f,-1f,-6.977830287670554e-18f,0f,0f,0f,1f],start_interpolation:0}
execute if entity @s[tag=aj.calamity.bone.7] run data modify entity @s {} merge value {transformation:[0.9848077530122082f,-0.1736481776669302f,1.2246467991473532e-16f,-0.10581685826578599f,-0.1736481776669302f,-0.9848077530122082f,0f,5.858011533734675f,1.206041662501898e-16f,-2.1265768495757688e-17f,-1f,-1.2958827677102404e-17f,0f,0f,0f,1f],start_interpolation:0}
execute if entity @s[tag=aj.calamity.bone.6] run data modify entity @s {} merge value {transformation:[0.9848077530122081f,0.1736481776669305f,1.2246467991473532e-16f,-0.05697830829696181f,0.1736481776669305f,-0.9848077530122081f,0f,5.581034353199992f,1.2060416625018979e-16f,2.1265768495757738e-17f,-1f,-6.977830287670542e-18f,0f,0f,0f,1f],start_interpolation:0}
execute if entity @s[tag=aj.calamity.bone.5] run data modify entity @s {} merge value {transformation:[0.9848077530122081f,0.1736481776669305f,1.2246467991473532e-16f,-0.008139758328137583f,0.1736481776669305f,-0.9848077530122081f,0f,5.304057172665308f,1.2060416625018979e-16f,2.1265768495757738e-17f,-1f,-9.96832898238675e-19f,0f,0f,0f,1f],start_interpolation:0}
execute if entity @s[tag=aj.calamity.bone.4] run data modify entity @s {} merge value {transformation:[0.9848077530122081f,-0.17364817766693016f,1.2246467991473532e-16f,-0.056978308296961676f,-0.17364817766693016f,-0.9848077530122081f,0f,5.027079992130624f,1.2060416625018979e-16f,-2.1265768495757685e-17f,-1f,-6.977830287670522e-18f,0f,0f,0f,1f],start_interpolation:0}
execute if entity @s[tag=aj.calamity.bone.3] run data modify entity @s {} merge value {transformation:[0.9848077530122081f,-0.17364817766693016f,1.2246467991473532e-16f,-0.09767709993764845f,-0.17364817766693016f,-0.9848077530122081f,0f,4.796265675018388f,1.2060416625018979e-16f,-2.1265768495757685e-17f,-1f,-1.1961994778863731e-17f,0f,0f,0f,1f],start_interpolation:0}
execute if entity @s[tag=aj.calamity.bone.2] run data modify entity @s {} merge value {transformation:[0.984807753012208f,0.17364817766693044f,1.2246467991473532e-16f,-0.04883854996882429f,0.17364817766693044f,-0.984807753012208f,0f,4.519288494483704f,1.2060416625018976e-16f,2.1265768495757728e-17f,-1f,-5.980997389431873e-18f,0f,0f,0f,1f],start_interpolation:0}
execute if entity @s[tag=aj.calamity.bone.1] run data modify entity @s {} merge value {transformation:[0.984807753012208f,0.17364817766693044f,1.2246467991473532e-16f,-8.22513079821208e-17f,0.17364817766693044f,-0.984807753012208f,0f,4.2423113139490205f,1.2060416625018976e-16f,2.1265768495757728e-17f,-1f,-1.0072880104598736e-32f,0f,0f,0f,1f],start_interpolation:0}