execute if entity @s[tag=aj.calamity.bone.9] run data modify entity @s {} merge value {transformation:[0.8785734855137954f,-0.4215812183478553f,0.22445023254271498f,1.9241469256680803f,-0.4333186630202136f,-0.9012344355455224f,0.0033806013249702187f,4.923769589526981f,0.2008570806083656f,-0.10022858136919688f,-0.9744796891912128f,0.291097630043533f,0f,0f,0f,1f],start_interpolation:0}
execute if entity @s[tag=aj.calamity.bone.8] run data modify entity @s {} merge value {transformation:[0.7573025255073738f,-0.6132821357023819f,0.22445023254271498f,1.7516613250017854f,-0.6299407025982793f,-0.7766358752624476f,0.0033806013249702187f,4.705340749609418f,0.17224284040313526f,-0.1439504751074385f,-0.9744796891912128f,0.25061155891956594f,0f,0f,0f,1f],start_interpolation:0}
execute if entity @s[tag=aj.calamity.bone.7] run data modify entity @s {} merge value {transformation:[0.5749704788890863f,-0.7867852575624279f,0.22445023254271498f,1.5303779713123524f,-0.8078398060110374f,-0.589392415423486f,0.0033806013249702187f,4.539574132771563f,0.12962945741653129f,-0.18326357827919024f,-0.9744796891912128f,0.19906867752854368f,0f,0f,0f,1f],start_interpolation:0}
execute if entity @s[tag=aj.calamity.bone.6] run data modify entity @s {} merge value {transformation:[0.03862845210352027f,-0.9737991405362729f,0.22410505701322822f,1.2564969630365257f,-0.9992368422745296f,-0.03894432437211666f,0.0030120824069653084f,4.528621041541905f,0.005794456774627617f,-0.2240503815886408f,-0.9745603371678283f,0.1360545077067385f,0f,0f,0f,1f],start_interpolation:0}
execute if entity @s[tag=aj.calamity.bone.5] run data modify entity @s {} merge value {transformation:[0.30042196936448745f,-0.9338377315012536f,0.19414873563264734f,0.993855101051798f,-0.9519923384223291f,-0.306121096056376f,0.0006798046989397297f,4.442524483276049f,0.05879819647190379f,-0.18503233710310113f,-0.9809718682601533f,0.08401416289649127f,0f,0f,0f,1f],start_interpolation:0}
execute if entity @s[tag=aj.calamity.bone.4] run data modify entity @s {} merge value {transformation:[-0.05265274064082082f,-0.9843054846392171f,0.16843515610515103f,0.7170191834970183f,-0.9985851005442942f,0.05315506861366336f,-0.0015282838802559429f,4.457474346323642f,-0.007448884074300772f,-0.16827730562922874f,-0.9857115513862129f,0.03668617068827071f,0f,0f,0f,1f],start_interpolation:0}
execute if entity @s[tag=aj.calamity.bone.3] run data modify entity @s {} merge value {transformation:[-0.02128218224781346f,-0.9949823913098761f,0.09776047106091398f,0.48382018553376605f,-0.9997570632610694f,0.021740695583430135f,0.0036272048674932215f,4.462569821851009f,-0.005734385614257288f,-0.09765952661583796f,-0.9952033629780385f,0.013797219137683683f,0f,0f,0f,1f],start_interpolation:0}
execute if entity @s[tag=aj.calamity.bone.2] run data modify entity @s {} merge value {transformation:[0.09559058430258832f,-0.9942222401287915f,0.048832135177336304f,0.2041951804975435f,-0.9954207352635818f,-0.09547549241615294f,0.0046893661835450025f,4.435717339608966f,1.5175917261432614e-17f,-0.04905677915620858f,-0.9987959913910442f,2.5006697419763273e-17f,0f,0f,0f,1f],start_interpolation:0}
execute if entity @s[tag=aj.calamity.bone.1] run data modify entity @s {} merge value {transformation:[0.6876658690131408f,-0.7260273084357103f,1.2246467991473532e-16f,-8.22513079821208e-17f,-0.7260273084357103f,-0.6876658690131408f,0f,4.2423113139490205f,8.421478053698259e-17f,-8.891270193693608e-17f,-1f,-1.0072880104598736e-32f,0f,0f,0f,1f],start_interpolation:0}