execute if entity @s[tag=aj.calamity.bone.9] run data modify entity @s {} merge value {transformation:[0.3300937556974929f,0.9436495891403072f,0.023739531689849165f,-0.4745517689397444f,0.9024044613277449f,-0.30808753306482684f,-0.3012445188643474f,3.094527893601561f,-0.27695541270267104f,0.12086159392196788f,-0.9532513700432506f,0.2712707370833848f,0f,0f,0f,1f],start_interpolation:0}
execute if entity @s[tag=aj.calamity.bone.8] run data modify entity @s {} merge value {transformation:[-0.057754842175106125f,0.9980485022485005f,0.023739531689849165f,-0.1938506276823536f,0.9515143144518715f,0.06222739949068351f,-0.3012445188643474f,3.112029349708316f,-0.30213389018531805f,0.005190174578149076f,-0.9532513700432506f,0.2727304736834892f,0f,0f,0f,1f],start_interpolation:0}
execute if entity @s[tag=aj.calamity.bone.7] run data modify entity @s {} merge value {transformation:[-0.3915826383902267f,0.9198366550352814f,0.023739531689849165f,0.06485343154631931f,0.8745280397732218f,0.3800690036093371f,-0.3012445188643474f,3.218923756973442f,-0.2861184107354073f,-0.09720123738363758f,-0.9532513700432506f,0.2453926256693411f,0f,0f,0f,1f],start_interpolation:0}
execute if entity @s[tag=aj.calamity.bone.6] run data modify entity @s {} merge value {transformation:[-0.5540469394086343f,0.8322926432150346f,0.017914937400284967f,0.2989357374505477f,0.7896365695254689f,0.5322230054784298f,-0.3053076489502954f,3.3686114772642504f,-0.2636400519647467f,-0.15500847876693236f,-0.9520852348977936f,0.2017964910161414f,0f,0f,0f,1f],start_interpolation:0}
execute if entity @s[tag=aj.calamity.bone.5] run data modify entity @s {} merge value {transformation:[-0.8364444005664329f,0.5460767167325702f,0.04648638729388566f,0.4525198140315831f,0.511870137268025f,0.8087165208095202f,-0.2897698251077198f,3.596062998741928f,-0.19583086410030973f,-0.2185813542192509f,-0.955966769429463f,0.14032048514197704f,0f,0f,0f,1f],start_interpolation:0}