execute if entity @s[tag=aj.calamity.bone.9] run data modify entity @s {} merge value {transformation:[-0.17779676197835326f,0.9809447584334781f,0.07833066022891977f,-0.28104269251621317f,0.9616602859498895f,0.19008648333624728f,-0.1976780799169081f,2.7917707110310017f,-0.20880087609200687f,0.04018096259106221f,-0.9771323781292206f,0.2569334227573315f,0f,0f,0f,1f],start_interpolation:0}
execute if entity @s[tag=aj.calamity.bone.8] run data modify entity @s {} merge value {transformation:[-0.5025771721046687f,0.8609764768838787f,0.07833066022891977f,-0.038893058392622304f,0.8386516681350422f,0.5075300545333998f,-0.1976780799169081f,2.9345135388685204f,-0.2099513410616501f,-0.03365635152461757f,-0.9771323781292206f,0.24746757389103283f,0f,0f,0f,1f],start_interpolation:0}
execute if entity @s[tag=aj.calamity.bone.7] run data modify entity @s {} merge value {transformation:[-0.6770135026619503f,0.7317902875014805f,0.07833066022891977f,0.16692295996716908f,0.7089226658995198f,0.6770170090140147f,-0.1976780799169081f,3.124924572653712f,-0.197690088237411f,-0.07830034881287953f,-0.9771323781292206f,0.22544560078741047f,0f,0f,0f,1f],start_interpolation:0}
execute if entity @s[tag=aj.calamity.bone.6] run data modify entity @s {} merge value {transformation:[-0.7804223588570006f,0.6218486452520479f,0.06515523151879592f,0.34181789144430746f,0.5975835837787858f,0.7724820572066124f,-0.21486119168417264f,3.3421851512430716f,-0.18394238824745585f,-0.12874678128804956f,-0.9744688112575945f,0.18923556855014653f,0f,0f,0f,1f],start_interpolation:0}
execute if entity @s[tag=aj.calamity.bone.5] run data modify entity @s {} merge value {transformation:[-0.9164288769128839f,0.3936068358658687f,0.07233099142034244f,0.4525198140315831f,0.37041401684874353f,0.9026767911070457f,-0.21901613392320168f,3.596062998741928f,-0.15149775470999266f,-0.17392029656238037f,-0.9730365670217561f,0.14032048514197704f,0f,0f,0f,1f],start_interpolation:0}