execute if entity @s[tag=aj.calamity.bone.9] run data modify entity @s {} merge value {transformation:[0.5514162182257106f,0.8336226909301506f,0.03183336997602177f,0.03828149853370122f,0.8302455646705496f,-0.5521078686365556f,0.076610728586017f,6.19039005133267f,0.0814398957669752f,-0.015814884001309135f,-0.9965527747297125f,0.0899124654793893f,0f,0f,0f,1f],start_interpolation:0}
execute if entity @s[tag=aj.calamity.bone.8] run data modify entity @s {} merge value {transformation:[0.6838304340858211f,0.7289462078740566f,0.03183336997602177f,0.24329761949827963f,0.7255008517365475f,-0.6839439380497964f,0.076610728586017f,5.998030818756165f,0.07761734050804216f,-0.029293610753358602f,-0.9965527747297125f,0.08167363745500719f,0f,0f,0f,1f],start_interpolation:0}
execute if entity @s[tag=aj.calamity.bone.7] run data modify entity @s {} merge value {transformation:[0.8711285810692635f,0.490022072768382f,0.03183336997602177f,0.38111632746438706f,0.48670157294953387f,-0.8702024908916138f,0.076610728586017f,5.7532863681928985f,0.06524242586462443f,-0.0512444440482052f,-0.9965527747297125f,0.06726113756644948f,0f,0f,0f,1f],start_interpolation:0}
execute if entity @s[tag=aj.calamity.bone.6] run data modify entity @s {} merge value {transformation:[0.9922772571922168f,0.11988528439746471f,0.03183336997602177f,0.414834063701174f,0.11717080581234963f,-0.9901524117684127f,0.076610728586017f,5.4748060023830325f,0.04070438704090575f,-0.07228914202101719f,-0.9965527747297125f,0.046929816373038405f,0f,0f,0f,1f],start_interpolation:0}
execute if entity @s[tag=aj.calamity.bone.5] run data modify entity @s {} merge value {transformation:[0.9758457125386122f,0.21587133720430646f,0.0335367126241217f,0.4755478772898852f,0.21336958614326776f,-0.9747549247771209f,0.06577428321008008f,5.200656179789467f,0.04688885826141242f,-0.05702983777264253f,-0.9972707919991275f,0.030890174499482687f,0f,0f,0f,1f],start_interpolation:0}
execute if entity @s[tag=aj.calamity.bone.4] run data modify entity @s {} merge value {transformation:[0.9455930708838887f,-0.32397106042744533f,0.029941548087794492f,0.3844310165446662f,-0.3251955137115464f,-0.9439796976367806f,0.05612671655687139f,4.935161889829123f,0.010080781629453093f,-0.06280989137937092f,-0.9979745965637856f,0.013224892549034625f,0f,0f,0f,1f],start_interpolation:0}
execute if entity @s[tag=aj.calamity.bone.3] run data modify entity @s {} merge value {transformation:[0.8944301480349536f,-0.4468220098380436f,0.018568839771570894f,0.2797071079888747f,-0.44719633967544614f,-0.8939318422671041f,0.03002157827003884f,4.72564661429777f,0.003184975204634148f,-0.03515612187418013f,-0.999376757298124f,0.004985176484773654f,0f,0f,0f,1f],start_interpolation:0}
execute if entity @s[tag=aj.calamity.bone.2] run data modify entity @s {} merge value {transformation:[0.7995372691079051f,-0.6005221216771737f,0.0106459703089494f,0.11081026126716971f,-0.6006164793838689f,-0.7994116606610511f,0.014171855618335462f,4.500812084736849f,9.834875661019538e-17f,-0.01772507194586184f,-0.9998428985718276f,1.3570343177352131e-17f,0f,0f,0f,1f],start_interpolation:0}
execute if entity @s[tag=aj.calamity.bone.1] run data modify entity @s {} merge value {transformation:[0.9191138516900578f,-0.393992040061048f,1.2246467991473532e-16f,-8.22513079821208e-17f,-0.393992040061048f,-0.9191138516900578f,0f,4.2423113139490205f,1.1255898365242243e-16f,-4.8250109075029817e-17f,-1f,-1.0072880104598736e-32f,0f,0f,0f,1f],start_interpolation:0}