execute if entity @s[tag=aj.calamity.bone.9] run data modify entity @s {} merge value {transformation:[-0.2880162428560923f,0.9539442471100059f,0.08388693138257487f,-0.17687201751377324f,0.9420744351437248f,0.29797253205586693f,-0.1539744419988182f,2.701791861187852f,-0.1718790344972085f,0.03468059321781668f,-0.9845074169118115f,0.24516180182574188f,0f,0f,0f,1f],start_interpolation:0}
execute if entity @s[tag=aj.calamity.bone.8] run data modify entity @s {} merge value {transformation:[-0.5976882779478145f,0.7973278529858289f,0.08388693138257487f,0.04737644113849113f,0.7827634983777702f,0.6029702951377848f,-0.1539744419988182f,2.871377256695354f,-0.173349439027563f,-0.026365091209049063f,-0.9845074169118115f,0.23774661992319682f,0f,0f,0f,1f],start_interpolation:0}
execute if entity @s[tag=aj.calamity.bone.7] run data modify entity @s {} merge value {transformation:[-0.7917730295475678f,0.6050276459999838f,0.08388693138257487f,0.21754046657598658f,0.5895761710516765f,0.7929008826702093f,-0.1539744419988182f,3.0943806299463503f,-0.1596728161244449f,-0.07245507460848737f,-0.9845074169118115f,0.21736863018955974f,0f,0f,0f,1f],start_interpolation:0}
execute if entity @s[tag=aj.calamity.bone.6] run data modify entity @s {} merge value {transformation:[-0.8553220149302434f,0.5132464827116974f,0.07072693093680725f,0.3618910398386514f,0.4956468666526124f,0.850349079981321f,-0.1767501789316446f,3.333541308691097f,-0.15085898830734618f,-0.11612273747631108f,-0.9817112994602291f,0.18470911027434725f,0f,0f,0f,1f],start_interpolation:0}
execute if entity @s[tag=aj.calamity.bone.5] run data modify entity @s {} merge value {transformation:[-0.9437559358060461f,0.3222356415748681f,0.07408727913540565f,0.4525198140315831f,0.3037035175966934f,0.9334104535140655f,-0.1910735425695083f,3.596062998741928f,-0.13072454639527045f,-0.15782622269287183f,-0.9787757538886273f,0.14032048514197704f,0f,0f,0f,1f],start_interpolation:0}