execute if entity @s[tag=aj.calamity.bone.9] run data modify entity @s {} merge value {transformation:[0.23292604181099003f,0.9724745387082241f,-0.006223392201352929f,-0.47321898034440335f,0.9146150451815046f,-0.2212333984070488f,-0.3384303511165963f,3.086889215793442f,-0.33049172179329944f,0.07313723397486968f,-0.9409708639658326f,0.3177569638577067f,0f,0f,0f,1f],start_interpolation:0}
execute if entity @s[tag=aj.calamity.bone.8] run data modify entity @s {} merge value {transformation:[-0.11372699843089301f,0.9934925461307739f,-0.006223392201352929f,-0.19379920174512322f,0.9351232874484336f,0.10492537688629838f,-0.3384303511165963f,3.1163994780427133f,-0.3355750394465208f,-0.04430830698481382f,-0.9409708639658326f,0.3052952525182278f,0f,0f,0f,1f],start_interpolation:0}
execute if entity @s[tag=aj.calamity.bone.7] run data modify entity @s {} merge value {transformation:[-0.44666288423027156f,0.8946806901015598f,-0.006223392201352929f,0.05782974234594046f,0.8428418602992014f,0.4184286031935186f,-0.3384303511165963f,3.2340825226908905f,-0.300183054782372f,-0.15640961220116223f,-0.9409708639658326f,0.2613050490866509f,0f,0f,0f,1f],start_interpolation:0}
execute if entity @s[tag=aj.calamity.bone.6] run data modify entity @s {} merge value {transformation:[-0.5229397571723524f,0.8523469245313373f,-0.006223392201352929f,0.297552314870379f,0.8031661368616518f,0.4902948643845129f,-0.3384303511165963f,3.3719779532990346f,-0.2854087717069175f,-0.18197710350520238f,-0.9409708639658326f,0.21012398872581278f,0f,0f,0f,1f],start_interpolation:0}
execute if entity @s[tag=aj.calamity.bone.5] run data modify entity @s {} merge value {transformation:[-0.8339336267857953f,0.55099555257317f,0.03096138175981717f,0.4525198140315831f,0.5146666330518834f,0.7967468282413994f,-0.3167218787995363f,3.596062998741928f,-0.19918072933626846f,-0.24819023496474923f,-0.9480129979748245f,0.14032048514197704f,0f,0f,0f,1f],start_interpolation:0}
execute if entity @s[tag=aj.calamity.bone.4] run data modify entity @s {} merge value {transformation:[-0.9932638414585281f,0.1020082344419721f,0.054966001829128766f,0.48120962996838773f,0.08258913607955184f,0.9559512730400117f,-0.281666821217577f,3.8649242942844313f,-0.08127715455576284f,-0.2752298742491681f,-0.9579366056624549f,0.06291208300939855f,0f,0f,0f,1f],start_interpolation:0}
execute if entity @s[tag=aj.calamity.bone.3] run data modify entity @s {} merge value {transformation:[-0.9837381026402401f,-0.16631620674074835f,0.06781050648055412f,0.44222926901352483f,-0.1750421731717483f,0.9723662017848006f,-0.1544804428978389f,4.092822622827744f,-0.04024404334920064f,-0.16383799620957706f,-0.9856660326768587f,0.024512552647778903f,0f,0f,0f,1f],start_interpolation:0}
execute if entity @s[tag=aj.calamity.bone.2] run data modify entity @s {} merge value {transformation:[-0.7933533402912353f,-0.6064449079812422f,0.05305705450138096f,0.27166663864380053f,-0.6087614290087208f,0.7903343913115048f,-0.06914529963441819f,4.315104170384105f,-9.021886897414499e-17f,-0.08715574274765824f,-0.9961946980917455f,3.326956794502509e-17f,0f,0f,0f,1f],start_interpolation:0}
execute if entity @s[tag=aj.calamity.bone.1] run data modify entity @s {} merge value {transformation:[0.25881904510252085f,-0.9659258262890683f,1.2246467991473532e-16f,-8.22513079821208e-17f,-0.9659258262890683f,-0.25881904510252085f,0f,4.2423113139490205f,3.169619151431766e-17f,-1.1829179713786698e-16f,-1f,-1.0072880104598736e-32f,0f,0f,0f,1f],start_interpolation:0}