execute if entity @s[tag=aj.calamity.bone.9] run data modify entity @s {} merge value {transformation:[-0.9210482567695799f,-0.3307104999479876f,0.20567127637536123f,1.2348732284415047f,-0.37497545370908325f,0.8956993760050707f,-0.2389896168033132f,2.887628342531153f,-0.1051832582561757f,-0.2972426501164989f,-0.9489906686234251f,0.4397387939322256f,0f,0f,0f,1f],start_interpolation:0}
execute if entity @s[tag=aj.calamity.bone.8] run data modify entity @s {} merge value {transformation:[-0.9116881765480734f,-0.3557021152826882f,0.20567127637536123f,1.1348320085182486f,-0.39925941244909313f,0.885141731380354f,-0.2389896168033132f,3.1365744544818774f,-0.09703911743855684f,-0.30000020092061724f,-0.9489906686234251f,0.355363737423302f,0f,0f,0f,1f],start_interpolation:0}
execute if entity @s[tag=aj.calamity.bone.7] run data modify entity @s {} merge value {transformation:[-0.8934443326724165f,-0.39932011029958187f,0.20567127637536123f,1.0225232274964913f,-0.44154442198181476f,0.8648251190136367f,-0.2389896168033132f,3.379806519204463f,-0.08243632592665441f,-0.3043369235458937f,-0.9489906686234251f,0.26976897767601943f,0f,0f,0f,1f],start_interpolation:0}
execute if entity @s[tag=aj.calamity.bone.6] run data modify entity @s {} merge value {transformation:[-0.9659578059229299f,-0.15802879813215942f,0.20482288968146264f,0.9780776280218215f,-0.20572190691572562f,0.9492808285131669f,-0.2377906760836368f,3.6467917522237907f,-0.15685666766674905f,-0.2718323151839398f,-0.9494752120146278f,0.1933161390305364f,0f,0f,0f,1f],start_interpolation:0}
execute if entity @s[tag=aj.calamity.bone.5] run data modify entity @s {} merge value {transformation:[-0.8379811148324042f,-0.5088931455259786f,0.19701628770463703f,0.83495143084264f,-0.5424291813144865f,0.8162435513275224f,-0.19878895385491185f,3.8763602510346566f,-0.05965093832235309f,-0.273448772812952f,-0.9600351734204084f,0.11640867167689364f,0f,0f,0f,1f],start_interpolation:0}
execute if entity @s[tag=aj.calamity.bone.4] run data modify entity @s {} merge value {transformation:[-0.7889084717435957f,-0.5893922731546188f,0.17389701422628123f,0.6691848540179035f,-0.6131306623617142f,0.7739168506854889f,-0.15850394031991777f,4.09402436528995f,-0.04116083190449282f,-0.2316666928384087f,-0.9719240347610737f,0.051252414316091226f,0f,0f,0f,1f],start_interpolation:0}
execute if entity @s[tag=aj.calamity.bone.3] run data modify entity @s {} merge value {transformation:[-0.6868946366667499f,-0.7179451823868026f,0.11282939867797868f,0.5009164518959967f,-0.7264447968461285f,0.6828248684532618f,-0.07764120141376245f,4.254061443833684f,-0.021300592800217275f,-0.13529565443637137f,-0.9905762820888625f,0.019542495307566674f,0f,0f,0f,1f],start_interpolation:0}
execute if entity @s[tag=aj.calamity.bone.2] run data modify entity @s {} merge value {transformation:[-0.4318643927868327f,-0.8997585962998559f,0.06267068395488429f,0.24785934668666226f,-0.9019385490391572f,0.43082059222296365f,-0.03000785020281523f,4.375229735396392f,-5.288813462921099e-17f,-0.06948442776023697f,-0.9975830362926349f,3.03540155558575e-17f,0f,0f,0f,1f],start_interpolation:0}
execute if entity @s[tag=aj.calamity.bone.1] run data modify entity @s {} merge value {transformation:[0.4725988318128749f,-0.8812776771081324f,1.2246467991473532e-16f,-8.22513079821208e-17f,-0.8812776771081324f,-0.4725988318128749f,0f,4.2423113139490205f,5.787666466604155e-17f,-1.079253886430489e-16f,-1f,-1.0072880104598736e-32f,0f,0f,0f,1f],start_interpolation:0}