execute if entity @s[tag=aj.calamity.bone.9] run data modify entity @s {} merge value {transformation:[-0.027460776587028612f,0.9993656549549287f,0.02267583395917258f,-0.31265552612076364f,0.939514341855855f,0.033550415012718604f,-0.34086239320235107f,2.953835848294101f,-0.34140695247226166f,0.011943925191535046f,-0.9398396860393914f,0.3459830268286763f,0f,0f,0f,1f],start_interpolation:0}
execute if entity @s[tag=aj.calamity.bone.8] run data modify entity @s {} merge value {transformation:[-0.32987748922059035f,0.9437513701498799f,0.02267583395917258f,-0.04722545326610997f,0.8848802560959202f,0.31748978136624284f,-0.34086239320235107f,3.043129849303357f,-0.32888869618328076f,-0.09237743267833191f,-0.9398396860393914f,0.32000187388789547f,0f,0f,0f,1f],start_interpolation:0}
execute if entity @s[tag=aj.calamity.bone.7] run data modify entity @s {} merge value {transformation:[-0.6057750960355763f,0.7953127306772755f,0.02267583395917258f,0.17645625223687375f,0.743166357278966f,0.5757747774165507f,-0.34086239320235107f,3.2050665054517617f,-0.2841483739735302f,-0.18963403205536955f,-0.9398396860393914f,0.2666673023723228f,0f,0f,0f,1f],start_interpolation:0}
execute if entity @s[tag=aj.calamity.bone.6] run data modify entity @s {} merge value {transformation:[-0.6383141886520614f,0.7694264401172326f,0.023193745147848326f,0.39285743851984534f,0.7186240717095601f,0.6064276692776364f,-0.3403306120437406f,3.375624287436097f,-0.2759247000995634f,-0.20057027492381904f,-0.9400197469691526f,0.21025691254999868f,0f,0f,0f,1f],start_interpolation:0}
execute if entity @s[tag=aj.calamity.bone.5] run data modify entity @s {} merge value {transformation:[-0.9013908371223158f,0.42922461719808175f,0.05710329888098315f,0.5135768621068059f,0.3921281610614002f,0.8650997407373244f,-0.3127905751118776f,3.6189335895184693f,-0.1836574639227479f,-0.2595547467633264f,-0.9481040393216822f,0.13725714002281308f,0f,0f,0f,1f],start_interpolation:0}
execute if entity @s[tag=aj.calamity.bone.4] run data modify entity @s {} merge value {transformation:[-0.9969384993228146f,-0.00016635355940269186f,0.07818951908323545f,0.5135300751682239f,-0.02126649219982467f,0.9628759640276527f,-0.2691052102939174f,3.8897424544012464f,-0.07524204195454266f,-0.26994416130806f,-0.9599316563684098f,0.06133534465492124f,0f,0f,0f,1f],start_interpolation:0}
execute if entity @s[tag=aj.calamity.bone.3] run data modify entity @s {} merge value {transformation:[-0.9641895815576247f,-0.25360041900479496f,0.07762266612481848f,0.45409247696397503f,-0.2625776572315158f,0.9539684200678947f,-0.144904200891395f,4.113328802854659f,-0.03730180610293801f,-0.16009709864253507f,-0.9863962156596613f,0.023812587160577072f,0f,0f,0f,1f],start_interpolation:0}
execute if entity @s[tag=aj.calamity.bone.2] run data modify entity @s {} merge value {transformation:[-0.7513469218577584f,-0.6575378937555663f,0.0558723660709407f,0.2691599443452221f,-0.6599074200331979f,0.7486490642175609f,-0.06361427222957912f,4.323886352165848f,-9.201346029023203e-17f,-0.0846669765709406f,-0.9964093049938543f,3.2962586430105585e-17f,0f,0f,0f,1f],start_interpolation:0}
execute if entity @s[tag=aj.calamity.bone.1] run data modify entity @s {} merge value {transformation:[0.2900445803265004f,-0.9570131354496784f,1.2246467991473532e-16f,-8.22513079821208e-17f,-0.9570131354496784f,-0.2900445803265004f,0f,4.2423113139490205f,3.55202166906886e-17f,-1.172003073070421e-16f,-1f,-1.0072880104598736e-32f,0f,0f,0f,1f],start_interpolation:0}