execute if entity @s[tag=aj.calamity.bone.9] run data modify entity @s {} merge value {transformation:[0.7999985449033131f,0.5999972485465086f,0.0023727387552625965f,-0.2569471736626895f,0.5996440978128572f,-0.7996517305184315f,0.03136982366992704f,6.329032236495053f,0.020719172541059254f,-0.023673014499570107f,-0.9995050296390293f,0.041377256280002585f,0f,0f,0f,1f],start_interpolation:0}
execute if entity @s[tag=aj.calamity.bone.8] run data modify entity @s {} merge value {transformation:[0.8287440762959368f,0.5596227533930277f,0.0023727387552625965f,-0.09955327427090042f,0.5592872200342796f,-0.8283801902926247f,0.03136982366992704f,6.096050307975252f,0.019520796877217465f,-0.024670513078601693f,-0.9995050296390293f,0.03443867447664586f,0f,0f,0f,1f],start_interpolation:0}
execute if entity @s[tag=aj.calamity.bone.7] run data modify entity @s {} merge value {transformation:[0.8781751252478736f,0.47833337695239353f,0.0023727387552625965f,0.034977987996960266f,0.47803394270726834f,-0.8777809998984153f,0.03136982366992704f,5.849174401753823f,0.017087978687529457f,-0.026413949168149382f,-0.9995050296390293f,0.027009751273103844f,0f,0f,0f,1f],start_interpolation:0}
execute if entity @s[tag=aj.calamity.bone.6] run data modify entity @s {} merge value {transformation:[0.9876689776705789f,0.15653868741609078f,0.0023727387552625965f,0.07900449383273578f,0.15638857128697742f,-0.9871973201613423f,0.03136982366992704f,5.5715251554584455f,0.007252952362402791f,-0.030611932449810423f,-0.9995050296390293f,0.018400145271594663f,0f,0f,0f,1f],start_interpolation:0}
execute if entity @s[tag=aj.calamity.bone.5] run data modify entity @s {} merge value {transformation:[0.9825866091705525f,0.18578176864103965f,0.002947866910674107f,0.1312556162630282f,0.1856268257139223f,-0.9822149394230046f,0.02822223147868309f,5.295277203745726f,0.008138614998201418f,-0.027183583554610112f,-0.9995973267926643f,0.010754762396860566f,0f,0f,0f,1f],start_interpolation:0}
execute if entity @s[tag=aj.calamity.bone.4] run data modify entity @s {} merge value {transformation:[0.9931291820015843f,0.11700494228909408f,0.0020667212656393825f,0.1641632562818359f,0.11692244980044847f,-0.992852114026369f,0.023954548754494185f,5.016037546675809f,0.004854749172274198f,-0.023548315296334645f,-0.9997109123427526f,0.00413179871976645f,0f,0f,0f,1f],start_interpolation:0}
execute if entity @s[tag=aj.calamity.bone.3] run data modify entity @s {} merge value {transformation:[0.9996466845153649f,-0.0265108634746067f,0.001918399142317251f,0.15794977265497495f,-0.02653020786513338f,-0.9995888030891414f,0.010879926904642599f,4.781758920951792f,0.0016291740457334565f,-0.010926978386009464f,-0.9999389716054078f,0.0015707881605454808f,0f,0f,0f,1f],start_interpolation:0}
execute if entity @s[tag=aj.calamity.bone.2] run data modify entity @s {} merge value {transformation:[0.9484343576484932f,-0.31696866603922635f,0.001770305398352273f,0.06880233533144259f,-0.3169736096773516f,-0.9484195655140485f,0.0052970291912845975f,4.515015918150966f,1.1617681508387243e-16f,-0.005585024570828348f,-0.9999844036286483f,8.425855973751401e-18f,0f,0f,0f,1f],start_interpolation:0}
execute if entity @s[tag=aj.calamity.bone.1] run data modify entity @s {} merge value {transformation:[0.969616370495806f,-0.24463052562290719f,1.2246467991473532e-16f,-8.22513079821208e-17f,-0.24463052562290719f,-0.969616370495806f,0f,4.2423113139490205f,1.1874375845285628e-16f,-2.995859901778279e-17f,-1f,-1.0072880104598736e-32f,0f,0f,0f,1f],start_interpolation:0}