execute if entity @s[tag=aj.calamity.bone.9] run data modify entity @s {} merge value {transformation:[0.36272684036549296f,0.9318816049223435f,0.005090548676090085f,-0.4869646875322411f,0.8826012401318174f,-0.34178153497479336f,-0.3228009189392937f,3.1275432568792345f,-0.2990723828711782f,0.121581481968396f,-0.9464531964371633f,0.28620425200379784f,0f,0f,0f,1f],start_interpolation:0}
execute if entity @s[tag=aj.calamity.bone.8] run data modify entity @s {} merge value {transformation:[-0.017381605118980126f,0.999835969605847f,0.005090548676090085f,-0.20576082108059665f,0.9462939092685008f,0.018094308864563424f,-0.3228009189392937f,3.132632281247393f,-0.3228400797373623f,-0.0007936428980278992f,-0.9464531964371633f,0.2859810399387275f,0f,0f,0f,1f],start_interpolation:0}
execute if entity @s[tag=aj.calamity.bone.7] run data modify entity @s {} merge value {transformation:[-0.3809356305306306f,0.92458754680474f,0.005090548676090085f,0.054279426458236496f,0.8744755336434696f,0.3620664411277532f,-0.3228009189392937f,3.2344634678145736f,-0.3003008265909367f,-0.11851481132194491f,-0.9464531964371633f,0.2526487492544305f,0f,0f,0f,1f],start_interpolation:0}
execute if entity @s[tag=aj.calamity.bone.6] run data modify entity @s {} merge value {transformation:[-0.5187672863957994f,0.8549114147369873f,0.0026411205844326727f,0.29472326185301406f,0.8082328372598165f,0.49144455761277955f,-0.32441012248036677f,3.3726822496431677f,-0.27863988110190807f,-0.16615871853496744f,-0.9459128379054444f,0.20591660966647088f,0f,0f,0f,1f],start_interpolation:0}
execute if entity @s[tag=aj.calamity.bone.5] run data modify entity @s {} merge value {transformation:[-0.8269497454446527f,0.561054407746023f,0.037041464034019395f,0.4525198140315831f,0.5251768986717598f,0.7942426634622588f,-0.3055614776732982f,3.596062998741928f,-0.20085652493891287f,-0.233230664975978f,-0.951451582217575f,0.14032048514197704f,0f,0f,0f,1f],start_interpolation:0}