execute if entity @s[tag=aj.calamity.bone.9] run data modify entity @s {} merge value {transformation:[-0.8827528049441243f,0.46658467899430267f,0.05519259634284321f,0.25478171277416234f,0.4652484624617821f,0.8844568284558212f,-0.0357769028119823f,2.4933249081037245f,-0.06550842342957254f,-0.0059038907217091995f,-0.9978345506816838f,0.2035495918751647f,0f,0f,0f,1f],start_interpolation:0}
execute if entity @s[tag=aj.calamity.bone.8] run data modify entity @s {} merge value {transformation:[-0.9625263903756702f,0.2655121939559817f,0.05519259634284321f,0.3294570173242822f,0.2638403331558092f,0.9639026360714104f,-0.0357769028119823f,2.7644225244988085f,-0.06269949306505114f,-0.0198741801156087f,-0.9978345506816838f,0.19795997871764975f,0f,0f,0f,1f],start_interpolation:0}
execute if entity @s[tag=aj.calamity.bone.7] run data modify entity @s {} merge value {transformation:[-0.9923927442486437f,0.11004734649950543f,0.05519259634284321f,0.3604078335272681f,0.10817898310631437f,0.993487453790568f,-0.0357769028119823f,3.0438408708774056f,-0.05877030522917119f,-0.029534059814934115f,-0.9978345506816838f,0.18965352439469954f,0f,0f,0f,1f],start_interpolation:0}
execute if entity @s[tag=aj.calamity.bone.6] run data modify entity @s {} merge value {transformation:[-0.978907735528622f,0.19775451395981458f,0.05131079351114222f,0.4160262905784659f,0.19360379375137396f,0.9781199157673818f,-0.07615117480568359f,3.3189370971869816f,-0.06524734758824272f,-0.0646110098027255f,-0.9957751759533731f,0.171481677887683f,0f,0f,0f,1f],start_interpolation:0}
execute if entity @s[tag=aj.calamity.bone.5] run data modify entity @s {} merge value {transformation:[-0.9898212667258377f,0.12975475005552775f,0.058459941629167324f,0.4525198140315831f,0.1221298482978504f,0.9853365388620312f,-0.11914782976679522f,3.596062998741928f,-0.07306271341800913f,-0.11079535198473234f,-0.9911539889878752f,0.14032048514197704f,0f,0f,0f,1f],start_interpolation:0}