execute if entity @s[tag=aj.calamity.bone.9] run data modify entity @s {} merge value {transformation:[0.8697816629084785f,0.46839292457786813f,0.15520285781374468f,1.2568576200304082f,0.46266189727207985f,-0.8834849441315208f,0.07347327613168539f,5.723113355484705f,0.1715337508502659f,0.007900740365004842f,-0.9851465630153333f,0.18516175300709548f,0f,0f,0f,1f],start_interpolation:0}
execute if entity @s[tag=aj.calamity.bone.8] run data modify entity @s {} merge value {transformation:[0.9631580113744771f,0.21963314424651248f,0.15520285781374468f,1.31862944184974f,0.21045717059214392f,-0.9748381696675743f,0.07347327613168539f,5.4489401202657f,0.16743483649322188f,-0.03810282020486637f,-0.9851465630153333f,0.1744453348244768f,0f,0f,0f,1f],start_interpolation:0}
execute if entity @s[tag=aj.calamity.bone.7] run data modify entity @s {} merge value {transformation:[0.9788883952316927f,-0.13300219023447746f,0.15520285781374468f,1.2812225758462932f,-0.14569875277364086f,-0.9865969547564408f,0.07347327613168539f,5.1714597267404505f,0.14335056023932063f,-0.0945350001753278f,-0.9851465630153333f,0.14785736602516586f,0f,0f,0f,1f],start_interpolation:0}
execute if entity @s[tag=aj.calamity.bone.6] run data modify entity @s {} merge value {transformation:[0.658793331644225f,-0.7361403255338366f,0.15520556466840793f,1.0741831092899017f,-0.7508009110243818f,-0.6564372302865719f,0.07340405096895164f,4.9868367557223525f,0.04784702902020673f,-0.1648865786431124f,-0.9851512970083878f,0.10148301578179053f,0f,0f,0f,1f],start_interpolation:0}
execute if entity @s[tag=aj.calamity.bone.5] run data modify entity @s {} merge value {transformation:[0.8000247879233935f,-0.5838793636882247f,0.1380044469108272f,0.9099670382525884f,-0.5949459168639913f,-0.8017534181994336f,0.05684023585796278f,4.761343606853762f,0.07745769629284202f,-0.12757877983645238f,-0.9887992517293125f,0.06560148395278828f,0f,0f,0f,1f],start_interpolation:0}
execute if entity @s[tag=aj.calamity.bone.4] run data modify entity @s {} merge value {transformation:[0.38981504515430865f,-0.9127186170295197f,0.12242939475087439f,0.6532649272130361f,-0.9208865812458091f,-0.3868548914346565f,0.0480749150231777f,4.652540668637765f,0.003483540260993786f,-0.13148391194667586f,-0.9913121838484833f,0.028621633717785713f,0f,0f,0f,1f],start_interpolation:0}
execute if entity @s[tag=aj.calamity.bone.3] run data modify entity @s {} merge value {transformation:[0.3620812987877967f,-0.9294435447478184f,0.07093539451326603f,0.4354265964127661f,-0.9321463715086821f,-0.3609884798522699f,0.028115111544244918f,4.567933993672389f,-0.0005245487015983568f,-0.07630212671058176f,-0.9970846053911886f,0.010738322769993107f,0f,0f,0f,1f],start_interpolation:0}
execute if entity @s[tag=aj.calamity.bone.2] run data modify entity @s {} merge value {transformation:[0.37484426026712525f,-0.9264118104643118f,0.03539686394340633f,0.1748732747196785f,-0.9270877954890744f,-0.37457094299578175f,0.014311817440809511f,4.462585915954826f,4.4170458875512425e-17f,-0.038180703182197656f,-0.9992708511232142f,2.1415799614187005e-17f,0f,0f,0f,1f],start_interpolation:0}
execute if entity @s[tag=aj.calamity.bone.1] run data modify entity @s {} merge value {transformation:[0.7831985849095293f,-0.6217716434477458f,1.2246467991473532e-16f,-8.22513079821208e-17f,-0.6217716434477458f,-0.7831985849095293f,0f,4.2423113139490205f,9.591416401061916e-17f,-7.614506529488713e-17f,-1f,-1.0072880104598736e-32f,0f,0f,0f,1f],start_interpolation:0}