execute if entity @s[tag=aj.calamity.bone.9] run data modify entity @s {} merge value {transformation:[-0.027411551170654705f,-0.9676924419243681f,0.2506390725822131f,1.9564861555660875f,-0.9933849480273984f,-0.001600015096166904f,-0.11482066444806655f,3.7622817809360054f,0.11151211546294879f,-0.2521284946096837f,-0.9612472472318618f,0.3941789439978072f,0f,0f,0f,1f],start_interpolation:0}
execute if entity @s[tag=aj.calamity.bone.8] run data modify entity @s {} merge value {transformation:[-0.14635028429997277f,-0.9569543612839878f,0.2506390725822131f,1.687342741454966f,-0.9860234311541882f,0.12072285711756055f,-0.11482066444806655f,3.7962350845003194f,0.07962027066168223f,-0.2639400352143035f,-0.9612472472318618f,0.31994580909378434f,0f,0f,0f,1f],start_interpolation:0}
execute if entity @s[tag=aj.calamity.bone.7] run data modify entity @s {} merge value {transformation:[-0.2542375480567156f,-0.934100275373708f,0.2506390725822131f,1.4246270390061107f,-0.9658954006825075f,0.2320825067860211f,-0.11482066444806655f,3.8615082895338877f,0.04908507001612762f,-0.2712828516340079f,-0.9612472472318618f,0.2436475070717196f,0f,0f,0f,1f],start_interpolation:0}
execute if entity @s[tag=aj.calamity.bone.6] run data modify entity @s {} merge value {transformation:[-0.6233647926482019f,-0.7410325230956064f,0.24957390689177406f,1.2162116418854714f,-0.7788947135265997f,0.6165668556078308f,-0.11475337819074807f,4.03491771767359f,-0.06884301363958822f,-0.2659250125137389f,-0.9615323848901746f,0.16885609730223056f,0f,0f,0f,1f],start_interpolation:0}
execute if entity @s[tag=aj.calamity.bone.5] run data modify entity @s {} merge value {transformation:[-0.349329935899489f,-0.9104282562080486f,0.22156034433632477f,0.9601536948269576f,-0.9369449472935744f,0.33684557533295506f,-0.09310866833787168f,4.129655535735983f,0.010137140893765134f,-0.24011549028869947f,-0.9706913977665182f,0.10132361565853379f,0f,0f,0f,1f],start_interpolation:0}
execute if entity @s[tag=aj.calamity.bone.4] run data modify entity @s {} merge value {transformation:[-0.47684925493413294f,-0.8584804428390405f,0.18874882074240196f,0.7187060702784775f,-0.878685638463931f,0.4711715344707385f,-0.0768695899671885f,4.262172529805878f,-0.022942031862852433f,-0.20250608476629767f,-0.979012231183364f,0.044368779318012586f,0f,0f,0f,1f],start_interpolation:0}
execute if entity @s[tag=aj.calamity.bone.3] run data modify entity @s {} merge value {transformation:[-0.3926404534570665f,-0.9126868930174156f,0.11329655609614f,0.5047950797275207f,-0.9196014402835593f,0.39134061418152283f,-0.03443420857856121f,4.353892986254673f,-0.012909893006234102f,-0.1177079394358989f,-0.9929643375551421f,0.016780981012723767f,0f,0f,0f,1f],start_interpolation:0}
execute if entity @s[tag=aj.calamity.bone.2] run data modify entity @s {} merge value {transformation:[-0.1847500908025913f,-0.9810346165684651f,0.058638596869288045f,0.22887909381763993f,-0.9827855330378212f,0.1844209427170459f,-0.01102324538971473f,4.4057613763938415f,-1.9155913782404017e-17f,-0.0596657102674622f,-0.9982184144856672f,2.802960496355195e-17f,0f,0f,0f,1f],start_interpolation:0}
execute if entity @s[tag=aj.calamity.bone.1] run data modify entity @s {} merge value {transformation:[0.5811557775815869f,-0.8137923335738309f,1.2246467991473532e-16f,-8.22513079821208e-17f,-0.8137923335738309f,-0.5811557775815869f,0f,4.2423113139490205f,7.117105628212815e-17f,-9.966081764818471e-17f,-1f,-1.0072880104598736e-32f,0f,0f,0f,1f],start_interpolation:0}