execute if entity @s[tag=aj.calamity.bone.9] run data modify entity @s {} merge value {transformation:[-0.3867316522495421f,0.9186669449282361f,0.08055850944848404f,-0.059916720744851326f,0.9126225004928867f,0.3938074833801393f,-0.10970796519812168f,2.626900699655689f,-0.13250962509361427f,0.03109196568285047f,-0.9906939431164026f,0.23053962557429605f,0f,0f,0f,1f],start_interpolation:0}
execute if entity @s[tag=aj.calamity.bone.8] run data modify entity @s {} merge value {transformation:[-0.6769023692880193f,0.731651220874882f,0.08055850944848404f,0.14586018512620924f,0.7235556706954833f,0.6814920056585384f,-0.10970796519812168f,2.818570326247153f,-0.13516794685381442f,-0.015973015238149833f,-0.9906939431164026f,0.22604721503856642f,0f,0f,0f,1f],start_interpolation:0}
execute if entity @s[tag=aj.calamity.bone.7] run data modify entity @s {} merge value {transformation:[-0.8934301552394261f,0.44191954501277053f,0.08055850944848404f,0.27015005716105095f,0.4327191672393055f,0.8948286342511678f,-0.10970796519812168f,3.070240879630294f,-0.1205681550517275f,-0.06315719325537167f,-0.9906939431164026f,0.20828425443549314f,0f,0f,0f,1f],start_interpolation:0}
execute if entity @s[tag=aj.calamity.bone.6] run data modify entity @s {} merge value {transformation:[-0.9146404136728347f,0.39833331998571275f,0.06901796770078186f,0.3821813034070326f,0.3865918725956157f,0.9117384392403528f,-0.13885151225168935f,3.326667315666643f,-0.11823551801130415f,-0.10031741922879481f,-0.9879052473187256f,0.18006998027739463f,0f,0f,0f,1f],start_interpolation:0}
execute if entity @s[tag=aj.calamity.bone.5] run data modify entity @s {} merge value {transformation:[-0.9655797643151349f,0.25009248222062397f,0.07148055037460006f,0.4525198140315831f,0.23596208483060893f,0.9578513176010135f,-0.16383756557149798f,3.596062998741928f,-0.10944228281391641f,-0.14133153825926242f,-0.9838941930033682f,0.14032048514197704f,0f,0f,0f,1f],start_interpolation:0}