execute if entity @s[tag=aj.calamity.bone.9] run data modify entity @s {} merge value {transformation:[-0.9990750273250635f,0.00405169234884252f,0.04280973679589599f,0.40982732973509944f,0.00351443378399513f,0.999914217127148f,-0.012617731261253436f,2.4777350571118837f,-0.04285718761889852f,-0.012455608219337643f,-0.9990035632034977f,0.19040501445552055f,0f,0f,0f,1f],start_interpolation:0}
execute if entity @s[tag=aj.calamity.bone.8] run data modify entity @s {} merge value {transformation:[-0.9956263734731424f,-0.083038851630937f,0.04280973679589599f,0.3864726527138984f,-0.08364720597524927f,0.9964155447354048f,-0.012617731261253436f,2.7579769290687164f,-0.0416085252953397f,-0.01614346088861297f,-0.9990035632034977f,0.18586466608059815f,0f,0f,0f,1f],start_interpolation:0}
execute if entity @s[tag=aj.calamity.bone.7] run data modify entity @s {} merge value {transformation:[-0.9990750273250635f,0.004051692348842511f,0.04280973679589599f,0.38761219118701035f,0.00351443378399513f,0.9999142171271479f,-0.012617731261253436f,3.0392028026357267f,-0.04285718761889852f,-0.012455608219337645f,-0.9990035632034977f,0.18236152626890945f,0f,0f,0f,1f],start_interpolation:0}
execute if entity @s[tag=aj.calamity.bone.6] run data modify entity @s {} merge value {transformation:[-0.9897557172830053f,0.13627002448283765f,0.04259225907427798f,0.4259381355728084f,0.13380330256185247f,0.9894118627016796f,-0.056221367545928796f,3.317474889020574f,-0.04980257351929618f,-0.04994643503434381f,-0.9975094271726032f,0.16831409141550024f,0f,0f,0f,1f],start_interpolation:0}
execute if entity @s[tag=aj.calamity.bone.5] run data modify entity @s {} merge value {transformation:[-0.9941295934099368f,0.09451263452008772f,0.05266605569687197f,0.4525198140315831f,0.0886181359525068f,0.9905355012314817f,-0.10481529840820289f,3.596062998741928f,-0.06207396786815457f,-0.09953282230586022f,-0.9930961885924914f,0.14032048514197704f,0f,0f,0f,1f],start_interpolation:0}