execute if entity @s[tag=aj.calamity.bone.9] run data modify entity @s {} merge value {transformation:[-0.739211084480156f,0.6641599375214402f,0.11161787479247486f,0.302210844121572f,0.6065784603167809f,0.7285904539303255f,-0.3181485846602593f,2.7061499903012054f,-0.2926252621722798f,-0.16747396165708628f,-0.9414472518975694f,0.41066525715850016f,0f,0f,0f,1f],start_interpolation:0}
execute if entity @s[tag=aj.calamity.bone.8] run data modify entity @s {} merge value {transformation:[-0.8478438446333298f,0.5183649922054783f,0.11161787479247486f,0.4480009981793628f,0.46368226488748354f,0.8269100527309411f,-0.3181485846602593f,2.9387184426317825f,-0.2572150313379601f,-0.21798509019730425f,-0.9414472518975694f,0.34935695054050836f,0f,0f,0f,1f],start_interpolation:0}
execute if entity @s[tag=aj.calamity.bone.7] run data modify entity @s {} merge value {transformation:[-0.9340528979254988f,0.33924420983089637f,0.11161787479247486f,0.5434134321943024f,0.28982207506977026f,0.9026542211062477f,-0.3181485846602593f,3.1925899423179147f,-0.20868241104422366f,-0.2648182833855781f,-0.9414472518975694f,0.2748768083383145f,0f,0f,0f,1f],start_interpolation:0}
execute if entity @s[tag=aj.calamity.bone.6] run data modify entity @s {} merge value {transformation:[-0.8992306027922777f,0.4229265479006058f,0.11188144655265045f,0.6623615237913477f,0.3711379228524008f,0.8728992327265288f,-0.31670739133503506f,3.4380928515222506f,-0.23160519256407522f,-0.24326953073970073f,-0.9419017837285604f,0.2064572528177737f,0f,0f,0f,1f],start_interpolation:0}
execute if entity @s[tag=aj.calamity.bone.5] run data modify entity @s {} merge value {transformation:[-0.9913097786145134f,0.022903281496307708f,0.12953903859433774f,0.6688030717121842f,-0.014098093293687239f,0.9605587380672563f,-0.2777195608669343f,3.7082499966036666f,-0.13079054472218898f,-0.277132369851198f,-0.9518883773804218f,0.12851377379712423f,0f,0f,0f,1f],start_interpolation:0}
execute if entity @s[tag=aj.calamity.bone.4] run data modify entity @s {} merge value {transformation:[-0.9529625221080619f,-0.2734149149734098f,0.1307926440115229f,0.5919051268759128f,-0.29718490404386466f,0.9276759598212607f,-0.22604965467379465f,3.9691588603033963f,-0.05952784445854576f,-0.2542864483998035f,-0.9652952076408198f,0.05699571018467951f,0f,0f,0f,1f],start_interpolation:0}
execute if entity @s[tag=aj.calamity.bone.3] run data modify entity @s {} merge value {transformation:[-0.8739830067599555f,-0.4758858055882359f,0.0984195302491505f,0.48036939119116995f,-0.4850394996456411f,0.8666919612962052f,-0.11654067104682217f,4.172289788732194f,-0.029839364576576856f,-0.1495919257987315f,-0.988297459299321f,0.0219351025756018f,0f,0f,0f,1f],start_interpolation:0}
execute if entity @s[tag=aj.calamity.bone.2] run data modify entity @s {} merge value {transformation:[-0.6230309853421266f,-0.7798146039846178f,0.06100471060444966f,0.2610465338204963f,-0.7821971562870955f,0.6211332490786916f,-0.04859110603113875f,4.346983515035577f,-7.629929019688569e-17f,-0.07799147582436187f,-0.9969540258701692f,3.19689802071782e-17f,0f,0f,0f,1f],start_interpolation:0}
execute if entity @s[tag=aj.calamity.bone.1] run data modify entity @s {} merge value {transformation:[0.37216782608553434f,-0.9281654535839866f,1.2246467991473532e-16f,-8.22513079821208e-17f,-0.9281654535839866f,-0.37216782608553434f,0f,4.2423113139490205f,4.557741369612784e-17f,-1.1366748518107803e-16f,-1f,-1.0072880104598736e-32f,0f,0f,0f,1f],start_interpolation:0}