execute if entity @s[tag=aj.calamity.bone.9] run data modify entity @s {} merge value {transformation:[-0.5742375284553118f,-0.7836461744848943f,0.23695977322897058f,1.6664818157697596f,-0.8186054473945561f,0.5454736220621423f,-0.17984340168703894f,3.2476545725285195f,0.011678287952167818f,-0.29724939167237513f,-0.9547284518337711f,0.4266906179233949f,0f,0f,0f,1f],start_interpolation:0}
execute if entity @s[tag=aj.calamity.bone.8] run data modify entity @s {} merge value {transformation:[-0.6134121144940139f,-0.7533761634557183f,0.23695977322897058f,1.4545947697978387f,-0.7897553246492794f,0.5864664338713218f,-0.17984340168703894f,3.4125982570548286f,-0.003479221190744416f,-0.29745836394190817f,-0.9547284518337711f,0.34303045306473323f,0f,0f,0f,1f],start_interpolation:0}
execute if entity @s[tag=aj.calamity.bone.7] run data modify entity @s {} merge value {transformation:[-0.6381331044899584f,-0.732554576004602f,0.23695977322897058f,1.2485637952965445f,-0.7698099312719067f,0.612412459527708f,-0.17984340168703894f,3.5848392612969966f,-0.013372010662207652f,-0.2971780149841852f,-0.9547284518337711f,0.25944913635043115f,0f,0f,0f,1f],start_interpolation:0}
execute if entity @s[tag=aj.calamity.bone.6] run data modify entity @s {} merge value {transformation:[-0.8492053314568467f,-0.47247960893892127f,0.23582477427571216f,1.115678905282473f,-0.5158556715688188f,0.8377226063355333f,-0.17920312760854307f,3.820448744328865f,-0.1128859208916224f,-0.2738317986854791f,-0.9551297895538207f,0.1824339429701402f,0f,0f,0f,1f],start_interpolation:0}
execute if entity @s[tag=aj.calamity.bone.5] run data modify entity @s {} merge value {transformation:[-0.630992660302016f,-0.7450643795042582f,0.21616505970882346f,0.9061295485469003f,-0.7754415447778056f,0.6140675715432559f,-0.14700825899104597f,3.993155248825406f,-0.023209336000735204f,-0.2603845002547246f,-0.9652260039749772f,0.1092008022734989f,0f,0f,0f,1f],start_interpolation:0}
execute if entity @s[tag=aj.calamity.bone.4] run data modify entity @s {} merge value {transformation:[-0.6507835731355193f,-0.7362127614598909f,0.1856650500244127f,0.6990697093863061f,-0.7585945248415231f,0.6407317544958261f,-0.11830961778808936f,4.173361054777357f,-0.03186044283166378f,-0.21783844620337744f,-0.975464670574116f,0.047933739278799015f,0f,0f,0f,1f],start_interpolation:0}
execute if entity @s[tag=aj.calamity.bone.3] run data modify entity @s {} merge value {transformation:[-0.5522867924558857f,-0.8256707490892053f,0.11509610322360836f,0.5055531275685234f,-0.8334805396153533f,0.5497016827622947f,-0.056020086137034214f,4.30219738667477f,-0.017014375136593433f,-0.12686951590816256f,-0.9917734806758748f,0.018198696487823404f,0f,0f,0f,1f],start_interpolation:0}
execute if entity @s[tag=aj.calamity.bone.2] run data modify entity @s {} merge value {transformation:[-0.3142410042130212f,-0.9473537414726285f,0.061428656089839356f,0.23910988777934683f,-0.949343242073799f,0.31358246192916966f,-0.020333428123383433f,4.390392454092349f,-3.848342399703265e-17f,-0.0647064764011498f,-0.9979043400605829f,2.928251587134599e-17f,0f,0f,0f,1f],start_interpolation:0}
execute if entity @s[tag=aj.calamity.bone.1] run data modify entity @s {} merge value {transformation:[0.5265107205096132f,-0.850168489882122f,1.2246467991473532e-16f,-8.22513079821208e-17f,-0.850168489882122f,-0.5265107205096132f,0f,4.2423113139490205f,6.447896685888645e-17f,-1.0411561198700797e-16f,-1f,-1.0072880104598736e-32f,0f,0f,0f,1f],start_interpolation:0}