execute if entity @s[tag=aj.calamity.bone.9] run data modify entity @s {} merge value {transformation:[0.960916165336113f,0.27683909326220374f,0.0004895278345263607f,-0.009273164863034325f,0.2768012422482498f,-0.9608111857154138f,0.014931098217002803f,6.406476281758494f,0.0046038555109359355f,-0.014212031730227217f,-0.9998884051075566f,0.021102565528849364f,0f,0f,0f,1f],start_interpolation:0}
execute if entity @s[tag=aj.calamity.bone.8] run data modify entity @s {} merge value {transformation:[0.9661325433699198f,0.2580458660859909f,0.0004895278345263607f,0.06330223497365062f,0.25801006966964407f,-0.9660268455147087f,0.014931098217002803f,6.134781231457483f,0.004325805200800631f,-0.01429911678500762f,-0.9998884051075566f,0.01708093893306597f,0f,0f,0f,1f],start_interpolation:0}
execute if entity @s[tag=aj.calamity.bone.7] run data modify entity @s {} merge value {transformation:[0.9750742498886322f,0.22187827195699053f,0.0004895278345263607f,0.1257054989615542f,0.22184643763664252f,-0.9749672919713588f,0.014931098217002803f,5.860571680590538f,0.0037901598979814552f,-0.014450329387743854f,-0.9998884051075566f,0.01301678379276301f,0f,0f,0f,1f],start_interpolation:0}
execute if entity @s[tag=aj.calamity.bone.6] run data modify entity @s {} merge value {transformation:[0.9925042724885017f,-0.12220895816006708f,0.0004895278345263607f,0.09133422947903536f,-0.12220260394934654f,-0.9923928586472359f,0.014931098217002803f,5.581461189096003f,-0.0013389100301925414f,-0.014879000349405543f,-0.9998884051075566f,0.008832064944492703f,0f,0f,0f,1f],start_interpolation:0}
execute if entity @s[tag=aj.calamity.bone.5] run data modify entity @s {} merge value {transformation:[0.9940042630589969f,-0.10934078418087856f,0.0003434170218427559f,0.06058213392816326f,-0.10933534092788481f,-0.9939121195070385f,0.013582412201413128f,5.301923405484648f,-0.0011437852611159158f,-0.013538523247992805f,-0.9999076958117383f,0.005024355280994726f,0f,0f,0f,1f],start_interpolation:0}
execute if entity @s[tag=aj.calamity.bone.4] run data modify entity @s {} merge value {transformation:[0.9874202407977888f,0.15811787102192124f,-0.00008322458785926633f,0.10505278515307859f,0.15810845936096815f,-0.9873554435237196f,0.011443042540308777f,5.024229686993602f,0.0017271772746290368f,-0.011312250331978416f,-0.9999345227819112f,0.0018427848751257979f,0f,0f,0f,1f],start_interpolation:0}
execute if entity @s[tag=aj.calamity.bone.3] run data modify entity @s {} merge value {transformation:[0.9964229075044697f,0.08450586720786318f,0.00038445778174216866f,0.12485884777992153f,0.0845029698676428f,-0.9964111052569501f,0.004915018226911585f,4.790695834199004f,0.0007984258808379673f,-0.004864948927750768f,-0.9999878473201778f,0.0007025624701842114f,0f,0f,0f,1f],start_interpolation:0}
execute if entity @s[tag=aj.calamity.bone.2] run data modify entity @s {} merge value {transformation:[0.9711641952267807f,-0.23841088739204266f,0.000595552229557979f,0.05780578570090955f,-0.23841163123790624f,-0.9711611651880794f,0.002425968056721686f,4.517556756489856f,1.1894008857667723e-16f,-0.0024979998939882835f,-0.9999968799933976f,7.079167043081672e-18f,0f,0f,0f,1f],start_interpolation:0}
execute if entity @s[tag=aj.calamity.bone.1] run data modify entity @s {} merge value {transformation:[0.9786504623674159f,-0.20553168249212306f,1.2246467991473532e-16f,-8.22513079821208e-17f,-0.20553168249212306f,-0.9786504623674159f,0f,4.2423113139490205f,1.198501156222333e-16f,-2.5170371708734858e-17f,-1f,-1.0072880104598736e-32f,0f,0f,0f,1f],start_interpolation:0}