execute if entity @s[tag=aj.calamity.bone.9] run data modify entity @s {} merge value {transformation:[0.5783699107389559f,0.8139606044261974f,0.05437261069648696f,0.31580840305384805f,0.8092690473965689f,-0.5808824098718728f,0.08751705449393835f,6.152089146847006f,0.10281952770588704f,-0.006615160132984948f,-0.994678030509749f,0.10952071909356732f,0f,0f,0f,1f],start_interpolation:0}
execute if entity @s[tag=aj.calamity.bone.8] run data modify entity @s {} merge value {transformation:[0.7335458037486564f,0.6774615657059713f,0.05437261069648696f,0.5063444684086524f,0.6723532679591886f,-0.7350386712529513f,0.08751705449393835f,5.945359520557114f,0.09925541228233807f,-0.027640165591215217f,-0.994678030509749f,0.10174692252103805f,0f,0f,0f,1f],start_interpolation:0}
execute if entity @s[tag=aj.calamity.bone.7] run data modify entity @s {} merge value {transformation:[0.9242409678772906f,0.3779183145909937f,0.05437261069648696f,0.6126339943873694f,0.3726105946058278f,-0.9238517792157984f,0.08751705449393835f,5.6855262076526705f,0.08330653086487477f,-0.06062703634935797f,-0.994678030509749f,0.08469556854778112f,0f,0f,0f,1f],start_interpolation:0}
execute if entity @s[tag=aj.calamity.bone.6] run data modify entity @s {} merge value {transformation:[0.9952615189488037f,-0.08061096765185499f,0.05437261069648696f,0.5899621597352852f,-0.08516973523650234f,-0.9925154313019264f,0.08751705449393835f,5.406381242599004f,0.04691082070763901f,-0.09173325744669951f,-0.994678030509749f,0.0588955898908969f,0f,0f,0f,1f],start_interpolation:0}
execute if entity @s[tag=aj.calamity.bone.5] run data modify entity @s {} merge value {transformation:[0.997615946837667f,0.043278494166503194f,0.053753088821621144f,0.6021342362196143f,0.039273076163149505f,-0.996524672376376f,0.07345885129676376f,5.126108678493148f,0.05674546769450926f,-0.0711726723387323f,-0.9958485841774817f,0.038878275795628435f,0f,0f,0f,1f],start_interpolation:0}
execute if entity @s[tag=aj.calamity.bone.4] run data modify entity @s {} merge value {transformation:[0.8650998663732947f,-0.4992926246465497f,0.048053055828604745f,0.46170818553777215f,-0.501497254362333f,-0.8628808814448966f,0.06274622143141084f,4.883423430586771f,0.010135337584364579f,-0.07838022333750787f,-0.9968720156176586f,0.016833837981954355f,0f,0f,0f,1f],start_interpolation:0}
execute if entity @s[tag=aj.calamity.bone.3] run data modify entity @s {} merge value {transformation:[0.8044555110641307f,-0.5933018833766841f,0.029055221565626246f,0.3226530566213618f,-0.5940051565252377f,-0.8037319405032811f,0.034246778479995854f,4.695048757031315f,0.0030339314389279345f,-0.04480896111839042f,-0.9989909670580183f,0.0063317377198315985f,0f,0f,0f,1f],start_interpolation:0}
execute if entity @s[tag=aj.calamity.bone.2] run data modify entity @s {} merge value {transformation:[0.7170931004773812f,-0.6968007459232546f,0.015690944156825714f,0.1266778468304465f,-0.6969773922070476f,-0.716911355943413f,0.01614380598372835f,4.49341743817223f,8.781857701902764e-17f,-0.02251284522606786f,-0.9997465537824209f,1.5513561964378502e-17f,0f,0f,0f,1f],start_interpolation:0}
execute if entity @s[tag=aj.calamity.bone.1] run data modify entity @s {} merge value {transformation:[0.892821775015856f,-0.4504101220638099f,1.2246467991473532e-16f,-8.22513079821208e-17f,-0.4504101220638099f,-0.892821775015856f,0f,4.2423113139490205f,1.0933913289822266e-16f,-5.515933142890135e-17f,-1f,-1.0072880104598736e-32f,0f,0f,0f,1f],start_interpolation:0}