execute if entity @s[tag=aj.calamity.bone.9] run data modify entity @s {} merge value {transformation:[0.6548069591819339f,0.7465478008179649f,0.11787377698525611f,0.8524763937837867f,0.7418134584725458f,-0.6646891434936767f,0.08888833079006317f,5.915482816088894f,0.144708807734396f,0.029235656577255263f,-0.9890422828921858f,0.1445689350456137f,0f,0f,0f,1f],start_interpolation:0}
execute if entity @s[tag=aj.calamity.bone.8] run data modify entity @s {} merge value {transformation:[0.825330428161514f,0.5522096133262826f,0.11787377698525611f,1.0077853475318037f,0.5450847025533829f,-0.8336555233977923f,0.08888833079006317f,5.681017200133265f,0.14735111602231782f,-0.009111051442673025f,-0.9890422828921858f,0.1420064518273619f,0f,0f,0f,1f],start_interpolation:0}
execute if entity @s[tag=aj.calamity.bone.7] run data modify entity @s {} merge value {transformation:[0.9720944097737263f,0.202825617676617f,0.11787377698525611f,1.0648300525033523f,0.19310087987643026f,-0.9771442651115061f,0.08888833079006317f,5.406195375570654f,0.13320851578491366f,-0.06364631940492715f,-0.9890422828921858f,0.12410592449472616f,0f,0f,0f,1f],start_interpolation:0}
execute if entity @s[tag=aj.calamity.bone.6] run data modify entity @s {} merge value {transformation:[0.855319374927884f,-0.5045141619144147f,0.11787377698525611f,0.9229354444649231f,-0.5151045147511877f,-0.852505837828868f,0.08888833079006317f,5.166428108681285f,0.05564266129434891f,-0.13674522622561988f,-0.9890422828921858f,0.08564632961877057f,0f,0f,0f,1f],start_interpolation:0}
execute if entity @s[tag=aj.calamity.bone.5] run data modify entity @s {} merge value {transformation:[0.933153336544571f,-0.3428514069218244f,0.10806370004520627f,0.82650848626816f,-0.3512164002687953f,-0.9336163026797754f,0.07076467729578044f,4.903848523552599f,0.07662826291887453f,-0.10398803845766157f,-0.9916222048642133f,0.05639969380255325f,0f,0f,0f,1f],start_interpolation:0}
execute if entity @s[tag=aj.calamity.bone.4] run data modify entity @s {} merge value {transformation:[0.5834313388767801f,-0.8064811794931378f,0.09589567216410239f,0.5996856545357151f,-0.8121325474226776f,-0.5803422413459876f,0.06036230882155018f,4.740627268174039f,0.006971243303762383f,-0.1130972591748931f,-0.9935594656254485f,0.024591089659614575f,0f,0f,0f,1f],start_interpolation:0}
execute if entity @s[tag=aj.calamity.bone.3] run data modify entity @s {} merge value {transformation:[0.5346299935950753f,-0.8432252756088007f,0.05605269416354349f,0.4020547305649024f,-0.8450853621055374f,-0.5335482664597253f,0.03401438097003778f,4.615576893222541f,0.001225032033232941f,-0.06555441962434085f,-0.9978482436544313f,0.009226772560159682f,0f,0f,0f,1f],start_interpolation:0}
execute if entity @s[tag=aj.calamity.bone.2] run data modify entity @s {} merge value {transformation:[0.5027182271719122f,-0.8639850273084084f,0.02835941917632181f,0.1590589416344126f,-0.8644503363809455f,-0.5024476282234381f,0.01649232620075342f,4.474263497784699f,6.243258851589983e-17f,-0.03280630243612326f,-0.9994617283920728f,1.9479102374834903e-17f,0f,0f,0f,1f],start_interpolation:0}
execute if entity @s[tag=aj.calamity.bone.1] run data modify entity @s {} merge value {transformation:[0.8247188758601912f,-0.5655429035890226f,1.2246467991473532e-16f,-8.22513079821208e-17f,-0.5655429035890226f,-0.8247188758601912f,0f,4.2423113139490205f,1.0099893315185865e-16f,-6.925903066607967e-17f,-1f,-1.0072880104598736e-32f,0f,0f,0f,1f],start_interpolation:0}