execute if entity @s[tag=aj.calamity.bone.9] run data modify entity @s {} merge value {transformation:[-0.5579968152006928f,0.8269129498013599f,0.06967444062708857f,0.07388177479169905f,0.8242426936887571f,0.5620120764785682f,-0.06903917578411603f,2.5594023135807094f,-0.09624726555381073f,0.01890500841211129f,-0.9951779059697579f,0.2158016096752852f,0f,0f,0f,1f],start_interpolation:0}
execute if entity @s[tag=aj.calamity.bone.8] run data modify entity @s {} merge value {transformation:[-0.7915449087981807f,0.6071261233705745f,0.06967444062708857f,0.24463599698967312f,0.6033197952333814f,0.7945053913515006f,-0.06903917578411603f,2.782856954898319f,-0.09727220587213185f,-0.012611638847404245f,-0.9951779059697579f,0.21225458624945276f,0f,0f,0f,1f],start_interpolation:0}
execute if entity @s[tag=aj.calamity.bone.7] run data modify entity @s {} merge value {transformation:[-0.961341108451873f,0.26639959745432495f,0.06967444062708857f,0.319560883773702f,0.26176141517616985f,0.9626601444601407f,-0.06903917578411603f,3.0536051205277333f,-0.08546481571671942f,-0.04813211759475109f,-0.9951779059697579f,0.19871742817592902f,0f,0f,0f,1f],start_interpolation:0}
execute if entity @s[tag=aj.calamity.bone.6] run data modify entity @s {} merge value {transformation:[-0.955348971712856f,0.2890099934590095f,0.06149443818762865f,0.4008449444340484f,0.28181424555527773f,0.9537736813881937f,-0.10438628115476697f,3.3218539684181625f,-0.08882045512886277f,-0.08239531765844346f,-0.9926338390255824f,0.1755437450844918f,0f,0f,0f,1f],start_interpolation:0}
execute if entity @s[tag=aj.calamity.bone.5] run data modify entity @s {} merge value {transformation:[-0.9807852564859233f,0.1837328696801234f,0.06559354586351256f,0.4525198140315831f,0.17332752889320213f,0.9749654411511668f,-0.1392837258572841f,3.596062998741928f,-0.08954243903098719f,-0.1252382575733858f,-0.9880776945424707f,0.14032048514197704f,0f,0f,0f,1f],start_interpolation:0}