execute if entity @s[tag=aj.calamity.bone.9] run data modify entity @s {} merge value {transformation:[-0.9634665486987035f,0.21362875450610597f,0.16153935986866688f,0.7515460285647481f,0.16144924612333528f,0.9444935632255571f,-0.2861224387420486f,2.7139388360808545f,-0.21369686582824618f,-0.24958899069001536f,-0.9444781549943461f,0.4330894526673356f,0f,0f,0f,1f],start_interpolation:0}
execute if entity @s[tag=aj.calamity.bone.8] run data modify entity @s {} merge value {transformation:[-0.9807507589964716f,0.10969495859457781f,0.16153935986866688f,0.782397735669473f,0.059835564048402f,0.9563229869261285f,-0.2861224387420486f,2.982904676153828f,-0.18586999220652692f,-0.27094900024842616f,-0.9444781549943461f,0.35688504634746576f,0f,0f,0f,1f],start_interpolation:0}
execute if entity @s[tag=aj.calamity.bone.7] run data modify entity @s {} merge value {transformation:[-0.9867405945064891f,-0.015749106838217987f,0.16153935986866688f,0.7779682993712242f,-0.062102433591644204f,0.9561784549916914f,-0.2861224387420486f,3.251829866620241f,-0.14995428268300873f,-0.2923606126746562f,-0.9444781549943461f,0.27465862403271873f,0f,0f,0f,1f],start_interpolation:0}
execute if entity @s[tag=aj.calamity.bone.6] run data modify entity @s {} merge value {transformation:[-0.9749228197931186f,0.15338859084834164f,0.16123720304010025f,0.8211088405473204f,0.10288438807696423f,0.9531041649618115f,-0.28461773209425417f,3.5198904130157507f,-0.19733296262070127f,-0.26089153096643064f,-0.9449842913685544f,0.20128288094841013f,0f,0f,0f,1f],start_interpolation:0}
execute if entity @s[tag=aj.calamity.bone.5] run data modify entity @s {} merge value {transformation:[-0.9563026605285849f,-0.2402625809830895f,0.16661066486060938f,0.7535349896458264f,-0.2760228609391719f,0.9298035356222124f,-0.2434682019964571f,3.781397657409498f,-0.09641888666078116f,-0.2788176417011258f,-0.9554915598639886f,0.12286541921996848f,0f,0f,0f,1f],start_interpolation:0}
execute if entity @s[tag=aj.calamity.bone.4] run data modify entity @s {} merge value {transformation:[-0.8889603995623083f,-0.4310044270012316f,0.15486959648478804f,0.6323149945517301f,-0.4551911697664688f,0.8687784758585168f,-0.19499989449121832f,4.025741603744706f,-0.050501554200389515f,-0.24384245690669304f,-0.9684990703315376f,0.05428472821496108f,0f,0f,0f,1f],start_interpolation:0}
execute if entity @s[tag=aj.calamity.bone.3] run data modify entity @s {} merge value {transformation:[-0.7940371452428487f,-0.598380272200244f,0.10698626928792704f,0.49206961825479784f,-0.6073288281344564f,0.7883669783890727f,-0.09812849689316139f,4.210515114304645f,-0.025626285166111984f,-0.14289351709313172f,-0.9894062544179413f,0.02079406014625832f,0f,0f,0f,1f],start_interpolation:0}
execute if entity @s[tag=aj.calamity.bone.2] run data modify entity @s {} merge value {transformation:[-0.5352372123584814f,-0.842389936653507f,0.06245255104174881f,0.2551474485709991f,-0.8447017973857531f,0.533772323923867f,-0.03957246146239245f,4.360638580408232f,-6.554765388993666e-17f,-0.07393443607558506f,-0.997263104282007f,3.124655062030879e-17f,0f,0f,0f,1f],start_interpolation:0}
execute if entity @s[tag=aj.calamity.bone.1] run data modify entity @s {} merge value {transformation:[0.4207191696327547f,-0.907190928252441f,1.2246467991473532e-16f,-8.22513079821208e-17f,-0.907190928252441f,-0.4207191696327547f,0f,4.2423113139490205f,5.152323844306853e-17f,-1.110988466499868e-16f,-1f,-1.0072880104598736e-32f,0f,0f,0f,1f],start_interpolation:0}