execute if entity @s[tag=aj.calamity.bone.9] run data modify entity @s {} merge value {transformation:[0.97967033258745f,0.05692198374278165f,0.19236924706091016f,1.6376632501897141f,0.04905169798406159f,-0.9977623344675078f,0.04543407138734135f,5.393642392936258f,0.1945249865001291f,-0.03507437361858554f,-0.9802702780062184f,0.23523932790361046f,0f,0f,0f,1f],start_interpolation:0}
execute if entity @s[tag=aj.calamity.bone.8] run data modify entity @s {} merge value {transformation:[0.9610213689730669f,-0.1985749258147934f,0.19236924706091016f,1.5818140523043036f,-0.21085959274000576f,-0.9764599209935293f,0.04543407138734135f,5.119013040156827f,0.1788187924314757f,-0.08422601457364788f,-0.9802702780062184f,0.211550761304772f,0f,0f,0f,1f],start_interpolation:0}
execute if entity @s[tag=aj.calamity.bone.7] run data modify entity @s {} merge value {transformation:[0.8515114060850002f,-0.4877728960206422f,0.19236924706091016f,1.444627925298498f,-0.5042518914342095f,-0.8623605830174479f,0.04543407138734135f,4.87647412618317f,0.14373014747146184f,-0.13569018669543997f,-0.9802702780062184f,0.1733878962966795f,0f,0f,0f,1f],start_interpolation:0}
execute if entity @s[tag=aj.calamity.bone.6] run data modify entity @s {} merge value {transformation:[0.37760352037432043f,-0.9057825085806689f,0.19228527907832774f,1.1898765947601848f,-0.9254348665875822f,-0.37620139847190176f,0.04519751643408659f,4.770667482862947f,0.03139887107754382f,-0.19501424290829553f,-0.9802976874184496f,0.1185401404787214f,0f,0f,0f,1f],start_interpolation:0}
execute if entity @s[tag=aj.calamity.bone.5] run data modify entity @s {} merge value {transformation:[0.5852274871960331f,-0.7933338669274854f,0.16772049313098097f,0.9667514446868295f,-0.8076795304277123f,-0.5886475994054406f,0.033878899661623336f,4.605110345530167f,0.0718509871768447f,-0.1552912724530734f,-0.9852522805564159f,0.07486447010129449f,0f,0f,0f,1f],start_interpolation:0}
execute if entity @s[tag=aj.calamity.bone.4] run data modify entity @s {} merge value {transformation:[0.17337042281341483f,-0.9737468080037178f,0.14751220422754277f,0.692885154935784f,-0.9848557774907649f,-0.1712108202009622f,0.027312132636891612f,4.556957302348646f,-0.0013394164994979315f,-0.15001336256708706f,-0.9886830619641244f,0.03267321187930128f,0f,0f,0f,1f],start_interpolation:0}
execute if entity @s[tag=aj.calamity.bone.3] run data modify entity @s {} merge value {transformation:[0.1737086430180933f,-0.9811006643803906f,0.08524549074976837f,0.4629396867216298f,-0.9847929572349093f,-0.17280514470464697f,0.017922425732258565f,4.516456096558494f,-0.002852844428794721f,-0.08706243917994866f,-0.9961987718134886f,0.0122679526965008f,0f,0f,0f,1f],start_interpolation:0}
execute if entity @s[tag=aj.calamity.bone.2] run data modify entity @s {} merge value {transformation:[0.23768589232617343f,-0.9704175673945795f,0.042369346007432016f,0.19000974589190436f,-0.9713420698132615f,-0.23745966802356056f,0.010367713008650904f,4.449670564926868f,2.737340324799627e-17f,-0.04361938736533612f,-0.9990482215818578f,2.3269482711332263e-17f,0f,0f,0f,1f],start_interpolation:0}
execute if entity @s[tag=aj.calamity.bone.1] run data modify entity @s {} merge value {transformation:[0.7372773368101243f,-0.67559020761566f,1.2246467991473532e-16f,-8.22513079821208e-17f,-0.67559020761566f,-0.7372773368101243f,0f,4.2423113139490205f,9.029043306084038e-17f,-8.273593852918138e-17f,-1f,-1.0072880104598736e-32f,0f,0f,0f,1f],start_interpolation:0}