execute if entity @s[tag=aj.calamity.bone.9] run data modify entity @s {} merge value {transformation:[-0.3807130772742686f,0.922524120381959f,0.06329928993163823f,-0.05811112648887032f,0.8624909203546858f,0.3789528969328617f,-0.3354163296739128f,2.8081659594836923f,-0.33341710378755895f,-0.07310232020725918f,-0.9399410011709411f,0.37914604727372947f,0f,0f,0f,1f],start_interpolation:0}
execute if entity @s[tag=aj.calamity.bone.8] run data modify entity @s {} merge value {transformation:[-0.5987322602297459f,0.7984440371462048f,0.06329928993163823f,0.1664512589584998f,0.7407462566973698f,0.5820574447397057f,-0.3354163296739128f,2.9718696158167344f,-0.3046549913410484f,-0.15393586511516488f,-0.9399410011709411f,0.33585158521008934f,0f,0f,0f,1f],start_interpolation:0}
execute if entity @s[tag=aj.calamity.bone.7] run data modify entity @s {} merge value {transformation:[-0.7863136948137538f,0.6145762550265779f,0.06329928993163823f,0.33930083068472483f,0.563227450222197f,0.7551627143233992f,-0.3354163296739128f,3.1842591292201905f,-0.253940175365273f,-0.2280905558176903f,-0.9399410011709411f,0.27170111638636396f,0f,0f,0f,1f],start_interpolation:0}
execute if entity @s[tag=aj.calamity.bone.6] run data modify entity @s {} merge value {transformation:[-0.7744780480092713f,0.629366103967266f,0.06389100350451006f,0.5163100474255183f,0.5775932810330149f,0.7447104383915147f,-0.3343536520755155f,3.3937089400178038f,-0.25801115258311136f,-0.22204654946155444f,-0.9402795196190076f,0.2092505243503018f,0f,0f,0f,1f],start_interpolation:0}
execute if entity @s[tag=aj.calamity.bone.5] run data modify entity @s {} merge value {transformation:[-0.9635310609850655f,0.2515369324140375f,0.09130753610042097f,0.5870548096669664f,0.21415825870735025f,0.929428969126413f,-0.30049630875611244f,3.6551108375846075f,-0.16044978885754102f,-0.26998326425974817f,-0.9494023921790071f,0.1333177312772476f,0f,0f,0f,1f],start_interpolation:0}
execute if entity @s[tag=aj.calamity.bone.4] run data modify entity @s {} merge value {transformation:[-0.9863848148798438f,-0.12713314063983686f,0.10431759930859053f,0.5512986138620123f,-0.14978756250145445f,0.9563886479404947f,-0.2507677016890841f,3.9240951448178714f,-0.06788728227237421f,-0.26297893193486827f,-0.9624102027015646f,0.05935490667056595f,0f,0f,0f,1f],start_interpolation:0}
execute if entity @s[tag=aj.calamity.bone.3] run data modify entity @s {} merge value {transformation:[-0.9292968653610697f,-0.35864083684441683f,0.08822746838500033f,0.46724216772660204f,-0.3677853029695065f,0.9204599862368601f,-0.13223987544030696f,4.139827954092135f,-0.033783234743257284f,-0.15533886791262544f,-0.9872834087362685f,0.02294735950354435f,0f,0f,0f,1f],start_interpolation:0}
execute if entity @s[tag=aj.calamity.bone.2] run data modify entity @s {} merge value {transformation:[-0.6949094250920211f,-0.7166997529386717f,0.05867158644457762f,0.2656703622126007f,-0.7190972750040683f,0.6925925470589336f,-0.056698084977734764f,4.334619607952461f,-9.204075421753434e-17f,-0.08159061156815761f,-0.9966659280340299f,3.253523587119793e-17f,0f,0f,0f,1f],start_interpolation:0}
execute if entity @s[tag=aj.calamity.bone.1] run data modify entity @s {} merge value {transformation:[0.32820726756778773f,-0.944605732311469f,1.2246467991473532e-16f,-8.22513079821208e-17f,-0.944605732311469f,-0.32820726756778773f,0f,4.2423113139490205f,4.0193797968379013e-17f,-1.156808386531482e-16f,-1f,-1.0072880104598736e-32f,0f,0f,0f,1f],start_interpolation:0}