execute if entity @s[tag=aj.calamity.bone.9] run data modify entity @s {} merge value {transformation:[0.5183790804615005f,-0.8191255376886928f,0.24559414171779223f,2.044878509341732f,-0.8368391461843698f,-0.5450232321514366f,-0.051477372005726094f,4.353267153152762f,0.17602094293948034f,-0.1788379990980975f,-0.9680049574900353f,0.34660960020748266f,0f,0f,0f,1f],start_interpolation:0}
execute if entity @s[tag=aj.calamity.bone.8] run data modify entity @s {} merge value {transformation:[0.3582251156926112f,-0.9007542861629447f,0.24559414171779223f,1.7915413663584037f,-0.923082849248299f,-0.3811405693376474f,-0.051477372005726094f,4.2460713680265485f,0.13997435447487236f,-0.20826325255324737f,-0.9680049574900353f,0.28803556042688183f,0f,0f,0f,1f],start_interpolation:0}
execute if entity @s[tag=aj.calamity.bone.7] run data modify entity @s {} merge value {transformation:[0.1813106318251551f,-0.9522657046964697f,0.24559414171779223f,1.5237166369125217f,-0.9785270026782046f,-0.19958703665567276f,-0.051477372005726094f,4.18993751396714f,0.09803754289440257f,-0.2309871045273807f,-0.9680049574900353f,0.22307043727855602f,0f,0f,0f,1f],start_interpolation:0}
execute if entity @s[tag=aj.calamity.bone.6] run data modify entity @s {} merge value {transformation:[-0.31256126677614876f,-0.9177952854796146f,0.24486173335717795f,1.2655867128713802f,-0.9494766419981625f,0.30953774345888396f,-0.051773464963000365f,4.276995004314951f,-0.028276506346826047f,-0.24867287613604871f,-0.9681746949094691f,0.15313119086529237f,0f,0f,0f,1f],start_interpolation:0}
execute if entity @s[tag=aj.calamity.bone.5] run data modify entity @s {} merge value {transformation:[-0.024822833145986108f,-0.9766544261609174f,0.21337750306650335f,0.9909026555136221f,-0.9989689819397682f,0.016117674727527558f,-0.04244047223583f,4.281528100332069f,0.03801052586888498f,-0.2142109997681415f,-0.9760475641594032f,0.09288434718050254f,0f,0f,0f,1f],start_interpolation:0}
execute if entity @s[tag=aj.calamity.bone.4] run data modify entity @s {} merge value {transformation:[-0.2738843859059927f,-0.944238281386166f,0.18276052944166288f,0.7253356388737631f,-0.9616500174740459f,0.2717702260345396f,-0.037016052373289254f,4.357963476404283f,-0.0147168967198979f,-0.18588978510406343f,-0.9824603812596725f,0.04060284511998471f,0f,0f,0f,1f],start_interpolation:0}
execute if entity @s[tag=aj.calamity.bone.3] run data modify entity @s {} merge value {transformation:[-0.21312348184660923f,-0.9711063476474102f,0.10738176309078348f,0.49773258864390124f,-0.9769827593133568f,0.2128484130899988f,-0.014150655445187545f,4.407849823222252f,-0.009114246542486461f,-0.10792596816325689f,-0.994117154014549f,0.015307696331721363f,0f,0f,0f,1f],start_interpolation:0}
execute if entity @s[tag=aj.calamity.bone.2] run data modify entity @s {} merge value {transformation:[-0.04675776950317578f,-0.9974256110037331f,0.05436783520536463f,0.21720663554910138f,-0.9989062573590615f,0.046688461977581586f,-0.002544902174944838f,4.420980953153447f,-5.726175275733407e-18f,-0.05442736473500922f,-0.9985177324254199f,2.6600141097877273e-17f,0f,0f,0f,1f],start_interpolation:0}
execute if entity @s[tag=aj.calamity.bone.1] run data modify entity @s {} merge value {transformation:[0.6352698282824044f,-0.7722902597301382f,1.2246467991473532e-16f,-8.22513079821208e-17f,-0.7722902597301382f,-0.6352698282824044f,0f,4.2423113139490205f,7.779811618009352e-17f,-9.457827945911919e-17f,-1f,-1.0072880104598736e-32f,0f,0f,0f,1f],start_interpolation:0}