execute if entity @s[tag=aj.calamity.bone.9] run data modify entity @s {} merge value {transformation:[0.6418391057107479f,0.7666510992320819f,0.01698983303826172f,-0.08756324100305832f,0.7645555390769375f,-0.6414791526279765f,0.06292316275002388f,6.253597028631581f,0.059138735590139935f,-0.027396875550571822f,-0.9978737501121401f,0.07710451026997242f,0f,0f,0f,1f],start_interpolation:0}
execute if entity @s[tag=aj.calamity.bone.8] run data modify entity @s {} merge value {transformation:[0.7342877936216264f,0.6786256565379883f,0.01698983303826172f,0.10330022489825091f,0.6765930370625937f,-0.7336637770722698f,0.06292316275002388f,6.047254091330005f,0.055166097711359996f,-0.034708507608865666f,-0.9978737501121401f,0.06734274250497894f,0f,0f,0f,1f],start_interpolation:0}
execute if entity @s[tag=aj.calamity.bone.7] run data modify entity @s {} merge value {transformation:[0.8734849521242819f,0.4865546053484364f,0.01698983303826172f,0.24014370765249865f,0.4847261844245768f,-0.8723996800335981f,0.06292316275002388f,5.801891681320555f,0.045437479525517105f,-0.04672701885956581f,-0.9978737501121401f,0.054200768450726064f,0f,0f,0f,1f],start_interpolation:0}
execute if entity @s[tag=aj.calamity.bone.6] run data modify entity @s {} merge value {transformation:[0.9872188397357565f,0.1584623237369639f,0.01698983303826172f,0.28471123620351974f,0.15711535500312543f,-0.985573660774158f,0.06292316275002388f,5.524699089227823f,0.026715682529709305f,-0.05944956807333246f,-0.9978737501121401f,0.03748057743010132f,0f,0f,0f,1f],start_interpolation:0}
execute if entity @s[tag=aj.calamity.bone.5] run data modify entity @s {} merge value {transformation:[0.9731293854718852f,0.22951188625062266f,0.018533569564223598f,0.3492614542115074f,0.2282114956156421f,-0.9720569515188688f,0.05499814790258353f,5.251308071613141f,0.030638413796774767f,-0.049290740241184974f,-0.9983144346980531f,0.023617556737268036f,0f,0f,0f,1f],start_interpolation:0}
execute if entity @s[tag=aj.calamity.bone.4] run data modify entity @s {} merge value {transformation:[0.9883680134994193f,-0.15118270538142445f,0.01650634680251178f,0.3067413183229818f,-0.15180239470777718f,-0.9872966624431009f,0.046918368361413644f,4.973630885301019f,0.009203415246287492f,-0.048878317506502775f,-0.9987623377087953f,0.009870529938564136f,0f,0f,0f,1f],start_interpolation:0}
execute if entity @s[tag=aj.calamity.bone.3] run data modify entity @s {} merge value {transformation:[0.9544390945794863f,-0.2982168708992995f,0.010616621370305161f,0.23684673920595847f,-0.2983913631860644f,-0.9541385633495751f,0.024128744376170283f,4.750004659515962f,0.0029341292152987946f,-0.026197325058847504f,-0.9996524851394653f,0.0037305318778967506f,0f,0f,0f,1f],start_interpolation:0}
execute if entity @s[tag=aj.calamity.bone.2] run data modify entity @s {} merge value {transformation:[0.8648010892220974f,-0.502070432391031f,0.006660105025952392f,0.09563943009598105f,-0.5021146045279639f,-0.8647250107495967f,0.011470819667138999f,4.506800750242639f,1.0569074814700155e-16f,-0.013264113343632854f,-0.9999120277790478f,1.1712452193932023e-17f,0f,0f,0f,1f],start_interpolation:0}
execute if entity @s[tag=aj.calamity.bone.1] run data modify entity @s {} merge value {transformation:[0.9404068845995315f,-0.3400513070079328f,1.2246467991473532e-16f,-8.22513079821208e-17f,-0.3400513070079328f,-0.9404068845995315f,0f,4.2423113139490205f,1.1516662811209507e-16f,-4.164427446731388e-17f,-1f,-1.0072880104598736e-32f,0f,0f,0f,1f],start_interpolation:0}