execute if entity @s[tag=aj.calamity.bone.9] run data modify entity @s {} merge value {transformation:[0.19085506833884563f,0.9805777065158741f,0.04518522295444568f,-0.4373453296955691f,0.9465623696604469f,-0.17165237962736032f,-0.27304787292902305f,3.0103218288026308f,-0.2599885059616558f,0.09488320216104085f,-0.9609386841601774f,0.26584012800322165f,0f,0f,0f,1f],start_interpolation:0}
execute if entity @s[tag=aj.calamity.bone.8] run data modify entity @s {} merge value {transformation:[-0.18674326115662454f,0.9813690692288737f,0.04518522295444568f,-0.16133527897494837f,0.9426561394712755f,0.1919485915708874f,-0.27304787292902305f,3.0643073701819428f,-0.2766339768172015f,-0.008395722411258758f,-0.9609386841601774f,0.26347883107505515f,0f,0f,0f,1f],start_interpolation:0}
execute if entity @s[tag=aj.calamity.bone.7] run data modify entity @s {} merge value {transformation:[-0.4601309432604737f,0.8867005191612238f,0.04518522295444568f,0.08804924203914583f,0.84811946846529f,0.4540244776431004f,-0.27304787292902305f,3.192001754519065f,-0.2626268879311118f,-0.08731530805148724f,-0.9609386841601774f,0.23892140068557438f,0f,0f,0f,1f],start_interpolation:0}
execute if entity @s[tag=aj.calamity.bone.6] run data modify entity @s {} merge value {transformation:[-0.6178510793395404f,0.7854741815526216f,0.035921495976701905f,0.30896385560082057f,0.748120333268764f,0.6013023752984665f,-0.2806268348006931f,3.3611180475717584f,-0.24202481424184225f,-0.1465119912316443f,-0.9591445280647438f,0.19771490315167445f,0f,0f,0f,1f],start_interpolation:0}
execute if entity @s[tag=aj.calamity.bone.5] run data modify entity @s {} merge value {transformation:[-0.8580329994733105f,0.5104211855315999f,0.0570051328859977f,0.4525198140315831f,0.47901824043452085f,0.835359826382825f,-0.26965809054555023f,3.596062998741928f,-0.1852590001750241f,-0.20406904181225732f,-0.9612673556446081f,0.14032048514197704f,0f,0f,0f,1f],start_interpolation:0}