execute if entity @s[tag=aj.calamity.bone.9] run data modify entity @s {} merge value {transformation:[-0.00026062974018936647f,0.9979044100056305f,0.06470487279527842f,-0.3715345372518287f,0.9711241935976244f,0.0156894991339967f,-0.23805806062027948f,2.900663388339154f,-0.23857437557605146f,0.0627744224046621f,-0.9690932046043135f,0.26293974519060104f,0f,0f,0f,1f],start_interpolation:0}
execute if entity @s[tag=aj.calamity.bone.8] run data modify entity @s {} merge value {transformation:[-0.35226101266615656f,0.933662389941868f,0.06470487279527842f,-0.10894199008067834f,0.9031611023148676f,0.3572511484083782f,-0.23805806062027948f,3.0011402738290105f,-0.2453817479373874f,-0.025419649268514033f,-0.9690932046043135f,0.25579046883383144f,0f,0f,0f,1f],start_interpolation:0}
execute if entity @s[tag=aj.calamity.bone.7] run data modify entity @s {} merge value {transformation:[-0.563423247993141f,0.823630695796002f,0.06470487279527842f,0.12270414311194722f,0.7928155080760828f,0.561045390256238f,-0.23805806062027948f,3.1589342898385775f,-0.23237429671743476f,-0.08282841912543898f,-0.9690932046043135f,0.23249497595480173f,0f,0f,0f,1f],start_interpolation:0}
execute if entity @s[tag=aj.calamity.bone.6] run data modify entity @s {} merge value {transformation:[-0.6975659923698173f,0.7145722036859921f,0.052803901451097444f,0.3236775753986324f,0.6835074304483771f,0.6857284001255718f,-0.2501882367000516f,3.3517954023738943f,-0.21498669449751778f,-0.13843094661443728f,-0.966756222741008f,0.19356127221949126f,0f,0f,0f,1f],start_interpolation:0}
execute if entity @s[tag=aj.calamity.bone.5] run data modify entity @s {} merge value {transformation:[-0.8864245158105452f,0.45810573736160226f,0.06626244159720847f,0.4525198140315831f,0.43047667862162325f,0.8685070093085643f,-0.2457344175014754f,3.596062998741928f,-0.17012174150571208f,-0.18930057627560606f,-0.9670697414813406f,0.14032048514197704f,0f,0f,0f,1f],start_interpolation:0}