execute if entity @s[tag=aj.calamity.bone.9] run data modify entity @s {} merge value {transformation:[0.49128172562839123f,0.867116167524662f,0.08216944736903628f,0.4884212599969163f,0.8626512782666584f,-0.49743338806365783f,0.09161220739841829f,6.026983525955577f,0.12031225277788907f,0.02587617546804306f,-0.9923988035939267f,0.11556643416095784f,0f,0f,0f,1f],start_interpolation:0}
execute if entity @s[tag=aj.calamity.bone.8] run data modify entity @s {} merge value {transformation:[0.6827021948223236f,0.7260619085889644f,0.08216944736903628f,0.6926261717875626f,0.7202668863986039f,-0.6876211281027146f,0.09161220739841829f,5.833590083676689f,0.12301758224921697f,-0.0033599230498283505f,-0.9923988035939267f,0.11462145580319362f,0f,0f,0f,1f],start_interpolation:0}
execute if entity @s[tag=aj.calamity.bone.7] run data modify entity @s {} merge value {transformation:[0.90615551055909f,0.4148859754227209f,0.08216944736903628f,0.8093128523752028f,0.4076635266111868f,-0.9085249872879224f,0.09161220739841829f,5.57806743100196f,0.11266161615353065f,-0.04951741987440532f,-0.9923988035939267f,0.10069468146351712f,0f,0f,0f,1f],start_interpolation:0}
execute if entity @s[tag=aj.calamity.bone.6] run data modify entity @s {} merge value {transformation:[0.9695626090434106f,-0.23064372756266754f,0.08216944736903628f,0.7444443039982026f,-0.237794706047436f,-0.9669854607135533f,0.09161220739841829f,5.306102770176273f,0.05832687991611022f,-0.1083632304086367f,-0.9923988035939267f,0.07021752291108806f,0f,0f,0f,1f],start_interpolation:0}
execute if entity @s[tag=aj.calamity.bone.5] run data modify entity @s {} merge value {transformation:[0.9935847477190772f,-0.08112546962460758f,0.0787909086012159f,0.7216277656662817f,-0.08702876585005023f,-0.9934067253861214f,0.0746262143769891f,5.026707128661426f,0.0722173318160912f,-0.0810045439207584f,-0.9940940201256394f,0.04743499493337475f,0f,0f,0f,1f],start_interpolation:0}
execute if entity @s[tag=aj.calamity.bone.4] run data modify entity @s {} merge value {transformation:[0.743901655077127f,-0.6645661650336993f,0.0704424578355525f,0.5347185317505538f,-0.6682264072891546f,-0.7411319223840285f,0.06478381144069237f,4.8182637754909186f,0.009154025067711694f,-0.09526429507300457f,-0.995409924558372f,0.020641911944092216f,0f,0f,0f,1f],start_interpolation:0}
execute if entity @s[tag=aj.calamity.bone.3] run data modify entity @s {} merge value {transformation:[0.6837891764499047f,-0.7284831189544382f,0.04176969677140784f,0.3639803007456074f,-0.7296756821365116f,-0.6828525214613724f,0.03585851129735424f,4.658220215773409f,0.002400222610073225f,-0.05499799389304971f,-0.9984835800348258f,0.007751757125408685f,0f,0f,0f,1f],start_interpolation:0}
execute if entity @s[tag=aj.calamity.bone.2] run data modify entity @s {} merge value {transformation:[0.6176751889602267f,-0.7861345513116418f,0.021675520224256343f,0.14287995818920823f,-0.786433316272237f,-0.6174405349855385f,0.01702424194563757f,4.484565065308726f,7.564339430728782e-17f,-0.027561803112564162f,-0.9996201013430974f,1.7497748345872154e-17f,0f,0f,0f,1f],start_interpolation:0}
execute if entity @s[tag=aj.calamity.bone.1] run data modify entity @s {} merge value {transformation:[0.8613466715011758f,-0.508017629117185f,1.2246467991473532e-16f,-8.22513079821208e-17f,-0.508017629117185f,-0.8613466715011758f,0f,4.2423113139490205f,1.0548454442101417e-16f,-6.221421634087878e-17f,-1f,-1.0072880104598736e-32f,0f,0f,0f,1f],start_interpolation:0}