execute if entity @s[tag=aj.calamity.bone.9] run data modify entity @s {} merge value {transformation:[0.6249116063448982f,0.7806648366487153f,0.006920771320720056f,-0.3237718352064462f,0.7795597903279183f,-0.6244559888935974f,0.04838647785085383f,6.231496049737304f,0.042095338926430186f,-0.02484211655946091f,-0.9988047114854408f,0.05786274047291136f,0f,0f,0f,1f],start_interpolation:0}
execute if entity @s[tag=aj.calamity.bone.8] run data modify entity @s {} merge value {transformation:[0.6902258479046913f,0.7235609040077942f,0.006920771320720056f,-0.12027033095425411f,0.722499508446925f,-0.6896761624524517f,0.04838647785085383f,6.037524629047552f,0.03978365466120211f,-0.02839734382443334f,-0.9988047114854408f,0.049875987522289486f,0f,0f,0f,1f],start_interpolation:0}
execute if entity @s[tag=aj.calamity.bone.7] run data modify entity @s {} merge value {transformation:[0.7996704337423495f,0.6003992840790608f,0.006920771320720056f,0.048591967692981755f,0.5994425582200771f,-0.7989539211717771f,0.04838647785085383f,5.81281883871799f,0.03458058404498245f,-0.034544630864908304f,-0.9988047114854408f,0.04016031009153403f,0f,0f,0f,1f],start_interpolation:0}
execute if entity @s[tag=aj.calamity.bone.6] run data modify entity @s {} merge value {transformation:[0.9543083656788927f,0.2987434453165576f,0.006920771320720056f,0.13261356168826355f,0.2980810670082378f,-0.9533133935136017f,0.04838647785085383f,5.54469944679229f,0.021052807093384637f,-0.04411266969900602f,-0.9988047114854408f,0.027753621738688592f,0f,0f,0f,1f],start_interpolation:0}
execute if entity @s[tag=aj.calamity.bone.5] run data modify entity @s {} merge value {transformation:[0.9382787413115188f,0.34577047376522857f,0.008705347496863209f,0.2298615074347341f,0.3451072931200528f,-0.9375673882563726f,0.04322439951548402f,5.281008618845185f,0.023107571015184625f,-0.03755225626102269f,-0.9990274611898735f,0.017192049665275957f,0f,0f,0f,1f],start_interpolation:0}
execute if entity @s[tag=aj.calamity.bone.4] run data modify entity @s {} merge value {transformation:[0.9999359202954455f,0.008535019776023991f,0.00743698462569815f,0.23226198174674084f,0.008254779426858014f,-0.9992837205468734f,0.03693107724683891f,4.999960072441377f,0.007746865141069183f,-0.036867320046634f,-0.9992901414469497f,0.00682311590216015f,0f,0f,0f,1f],start_interpolation:0}
execute if entity @s[tag=aj.calamity.bone.3] run data modify entity @s {} merge value {transformation:[0.9877724735816339f,-0.15581667297474072f,0.005167674283743649f,0.19574244901828597f,-0.15588418779078608f,-0.9876205630918377f,0.017485518435790163f,4.768486502966727f,0.0023791660780827957f,-0.018077272505666424f,-0.9998337620762406f,0.00258625515864458f,0f,0f,0f,1f],start_interpolation:0}
execute if entity @s[tag=aj.calamity.bone.2] run data modify entity @s {} merge value {transformation:[0.9138136855961216f,-0.4061164864181068f,0.003734632062740194f,0.08152218721319349f,-0.4061336578236682f,-0.913775049385848f,0.008403041274357207f,4.511487270326958f,1.1180148029098507e-16f,-0.00919557389740292f,-0.9999577198165417f,9.983588563012869e-18f,0f,0f,0f,1f],start_interpolation:0}
execute if entity @s[tag=aj.calamity.bone.1] run data modify entity @s {} merge value {transformation:[0.9570700671215536f,-0.28985666564691037f,1.2246467991473532e-16f,-8.22513079821208e-17f,-0.28985666564691037f,-0.9570700671215536f,0f,4.2423113139490205f,1.1720727942601532e-16f,-3.5497203779601335e-17f,-1f,-1.0072880104598736e-32f,0f,0f,0f,1f],start_interpolation:0}