execute if entity @s[tag=aj.living_root.bone.6] run data modify entity @s {} merge value {transformation:[-0.6618128371465167f,1.2521698272892183f,-0.03192078725551169f,3.7246689815284038f,-0.9394608383037153f,-0.47233479169671105f,0.9493458918070634f,1.0710789062505177f,0.8284693997524605f,0.4646665606903062f,1.051031819449099f,4.588791488325025f,0f,0f,0f,1f],start_interpolation:0}
execute if entity @s[tag=aj.living_root.bone.5] run data modify entity @s {} merge value {transformation:[-0.5149803568638387f,1.0263309797122417f,-0.20627909064763356f,2.185172511960041f,-0.782634958134359f,-0.22477574253044122f,0.8355055349828808f,1.4082425200461794f,0.6952617244329897f,0.507180142320172f,0.7877122246643545f,3.828021274844767f,0f,0f,0f,1f],start_interpolation:0}
execute if entity @s[tag=aj.living_root.bone.4] run data modify entity @s {} merge value {transformation:[-0.4861974294851744f,0.9479297400281512f,-0.47555481139746847f,0.7632779019178142f,-0.7850071849088238f,0.030081455663604612f,0.8625369190810289f,1.3631203365507725f,0.7130826672375675f,0.6794375799927699f,0.6252909688217445f,2.8088649048556125f,0f,0f,0f,1f],start_interpolation:0}
execute if entity @s[tag=aj.living_root.bone.3] run data modify entity @s {} merge value {transformation:[-0.4167406538444352f,0.6793261501893184f,-0.6040225236713216f,-0.23448238117274722f,-0.6728633013504204f,0.216254945725772f,0.7074523136897332f,1.0454958850160447f,0.6112137147750578f,0.7012487291383158f,0.36697140863120514f,1.7789058339337114f,0f,0f,0f,1f],start_interpolation:0}
execute if entity @s[tag=aj.living_root.bone.2] run data modify entity @s {} merge value {transformation:[-0.4167406538444352f,0.47110683106744944f,-0.777422395583571f,-0.8086438315362012f,-0.6728633013504204f,0.41517257536132046f,0.6122799281077748f,0.5395043087944354f,0.6112137147750578f,0.7782609372115719f,0.14397120712642397f,0.8304003167071082f,0f,0f,0f,1f],start_interpolation:0}
execute if entity @s[tag=aj.living_root.bone.1] run data modify entity @s {} merge value {transformation:[-0.5069332900322546f,0.153084934771039f,-0.8482827607603616f,-1f,-0.518916992960798f,0.7316034470355484f,0.4421329559105797f,-0.375f,0.6882904865488096f,0.6643202533656867f,-0.2914357683856814f,-1.2246467991473532e-16f,0f,0f,0f,1f],start_interpolation:0}