execute if entity @s[tag=aj.living_root.bone.6] run data modify entity @s {} merge value {transformation:[-0.42162958869291517f,0.5442773037748351f,-1.238117583664283f,0.35728246254108514f,-0.13409499808952588f,1.273673728085915f,0.6055726300911731f,-1.4485954539732897f,1.3458051366637211f,0.2974254451518344f,-0.32755317606492523f,1.0887771340229138f,0f,0f,0f,1f],start_interpolation:0}
execute if entity @s[tag=aj.living_root.bone.5] run data modify entity @s {} merge value {transformation:[-0.34722436715887134f,0.3229524679782617f,-1.065949367178846f,-0.12714623942630737f,-0.11043117489725662f,1.1010628153689395f,0.3695629084929207f,-3.100189677026699f,1.108310112546594f,0.21088738973605153f,-0.29713013039471764f,0.7724460494188364f,0f,0f,0f,1f],start_interpolation:0}
execute if entity @s[tag=aj.living_root.bone.4] run data modify entity @s {} merge value {transformation:[-0.34722436715887134f,0.24780890295362268f,-1.0858807934479524f,-0.4988595938567414f,-0.11043117489725662f,1.1241600870130135f,0.2918564124510827f,-4.786429807546219f,1.108310112546594f,0.18964692851435003f,-0.31111709699587425f,0.4879756566473114f,0f,0f,0f,1f],start_interpolation:0}
execute if entity @s[tag=aj.living_root.bone.3] run data modify entity @s {} merge value {transformation:[-0.29762088613617543f,0.17160650470798564f,-0.9391341840639312f,-0.7509066476465953f,-0.0946552927690771f,0.9735606288115016f,0.20789439044609553f,-6.216346981113112f,0.9499800964685091f,0.15076773384932673f,-0.27350851310995894f,0.26653554755611275f,0f,0f,0f,1f],start_interpolation:0}
execute if entity @s[tag=aj.living_root.bone.2] run data modify entity @s {} merge value {transformation:[-0.29762088613617543f,0.12458120914438539f,-0.9465206444994428f,-0.9027399962913151f,-0.0946552927690771f,0.9827130962674099f,0.1591079695531324f,-7.414028567189018f,0.9499800964685091f,0.13694704360680116f,-0.28068367170364383f,0.09963133816032387f,0f,0f,0f,1f],start_interpolation:0}
execute if entity @s[tag=aj.living_root.bone.1] run data modify entity @s {} merge value {transformation:[-0.4087407294992562f,0.07780800296694793f,-0.9093277355952095f,-1f,-0.0411215923179936f,0.9937771462487858f,0.10351810585038773f,-8.65625f,0.9117236591718175f,0.07970507052825919f,-0.4029976067403337f,-1.2246467991473532e-16f,0f,0f,0f,1f],start_interpolation:0}