execute if entity @s[tag=aj.living_root.bone.6] run data modify entity @s {} merge value {transformation:[-1.1337585181959573f,0.6185985974735555f,0.5821269982283089f,0.871870177212542f,-0.42319175137759985f,0.4304453987324004f,-1.2816278495415543f,3.9625710191224215f,-0.7365085256998125f,-1.199582001514819f,-0.1596955154587437f,-5.0698469846654515f,0f,0f,0f,1f],start_interpolation:0}
execute if entity @s[tag=aj.living_root.bone.5] run data modify entity @s {} merge value {transformation:[-0.9336834855731414f,0.4753921459081736f,0.5131749872001973f,0.15878195835028164f,-0.3485108540756705f,0.4259638829827999f,-1.0286914338599178f,3.3236251946482214f,-0.6065364329292574f,-0.9765593628214052f,-0.1988881030288518f,-3.605007940433344f,0f,0f,0f,1f],start_interpolation:0}
execute if entity @s[tag=aj.living_root.bone.4] run data modify entity @s {} merge value {transformation:[-0.9336834855731414f,0.4447493858063238f,0.5399483713319253f,-0.508342120359204f,-0.3485108540756705f,0.4850563069340938f,-1.0021834536680478f,2.596040734247081f,-0.6065364329292574f,-0.9633428642178586f,-0.255333492908973f,-2.159993644106556f,0f,0f,0f,1f],start_interpolation:0}
execute if entity @s[tag=aj.living_root.bone.3] run data modify entity @s {} merge value {transformation:[-0.800300130491264f,0.33510007704460704f,0.4972199106033108f,-1.0005203585184705f,-0.2987235892077176f,0.49618134102544387f,-0.8152105826527591f,1.86727438961596f,-0.5198883710822206f,-0.800944451995824f,-0.2969916942114455f,-0.9836064802376896f,0f,0f,0f,1f],start_interpolation:0}
execute if entity @s[tag=aj.living_root.bone.2] run data modify entity @s {} merge value {transformation:[-0.800300130491264f,0.015464475241258852f,0.5994001594437379f,-1.0193676877187547f,-0.2987235892077176f,0.8564874253723391f,-0.4209435917435026f,0.8234303399434217f,-0.5198883710822206f,-0.5159361784024981f,-0.680827394740327f,-0.3548092628096451f,0f,0f,0f,1f],start_interpolation:0}
execute if entity @s[tag=aj.living_root.bone.1] run data modify entity @s {} merge value {transformation:[-0.9395791206571437f,-0.015494150175003725f,0.34198100434893036f,-1f,-0.1110544630709105f,0.9587442719547373f,-0.2616798181480806f,-0.375f,-0.32381782263671105f,-0.283847410247716f,-0.9025367945067306f,-1.2246467991473532e-16f,0f,0f,0f,1f],start_interpolation:0}