execute if entity @s[tag=aj.living_root.bone.6] run data modify entity @s {} merge value {transformation:[-0.32991747336649563f,-1.372386597028703f,-0.12105343244984047f,-5.8337145417423875f,-1.3763679161988613f,0.3338234778902225f,-0.03343186073380289f,1.701549235464026f,0.06091194029347499f,0.10982421567986135f,-1.411089232339483f,5.036262406108928f,0f,0f,0f,1f],start_interpolation:0}
execute if entity @s[tag=aj.living_root.bone.5] run data modify entity @s {} merge value {transformation:[-0.2716967427724082f,-0.9821784564217674f,-0.5679942524523726f,-4.360446857109737f,-1.1334794603990626f,0.2607917796051174f,0.09123087007673075f,1.31036156605635f,0.050162774359332356f,0.5730830991596785f,-1.0149731861666218f,4.17663775736941f,0f,0f,0f,1f],start_interpolation:0}
execute if entity @s[tag=aj.living_root.bone.4] run data modify entity @s {} merge value {transformation:[-0.29374127543300577f,-0.846066361208895f,-0.7476622811462685f,-3.091347315296394f,-1.1265869719875554f,0.2709607401191111f,0.13598964288917534f,0.9039204558776833f,0.07502645377473793f,0.7562163056004246f,-0.8852225943169004f,3.0423132989687733f,0f,0f,0f,1f],start_interpolation:0}
execute if entity @s[tag=aj.living_root.bone.3] run data modify entity @s {} merge value {transformation:[-0.2763713176553158f,-0.5913545646252241f,-0.757574203411373f,-2.2227952985030965f,-0.9559367832019947f,0.2503656528838885f,0.15330331495909275f,0.5361959032044721f,0.09901394497184234f,0.766561686202054f,-0.6344914656228063f,1.9164258223595065f,0f,0f,0f,1f],start_interpolation:0}
execute if entity @s[tag=aj.living_root.bone.2] run data modify entity @s {} merge value {transformation:[-0.3006698351047527f,-0.446310367132277f,-0.8428550922005117f,-1.6788545385606337f,-0.9418653457745146f,0.2779069308455805f,0.18883169283000073f,0.19749683123642092f,0.14995772966784604f,0.850631996798993f,-0.5039224993336011f,0.8797180762607337f,0f,0f,0f,1f],start_interpolation:0}
execute if entity @s[tag=aj.living_root.bone.1] run data modify entity @s {} merge value {transformation:[-0.33488464251972744f,-0.5430836308485069f,-0.7700080818464422f,-1f,-0.8867444464555512f,0.45799746498913674f,0.06263073322070156f,-0.375f,0.31864802350661553f,0.7037744610085871f,-0.6349527109536585f,-1.2246467991473532e-16f,0f,0f,0f,1f],start_interpolation:0}