execute if entity @s[tag=aj.living_root.bone.6] run data modify entity @s {} merge value {transformation:[-0.5120228951630821f,0.8975415089534889f,-0.9691213747404159f,1.3221830121510911f,-0.2778249847626884f,0.9429559803995933f,1.0200939865104088f,-0.4071855497670118f,1.2913521119798703f,0.558746546457855f,-0.16479218473881801f,2.2523529726338265f,0f,0f,0f,1f],start_interpolation:0}
execute if entity @s[tag=aj.living_root.bone.5] run data modify entity @s {} merge value {transformation:[-0.42166591366371475f,0.5692476583801952f,-0.9269660575198645f,0.46831152458079844f,-0.2287970462751552f,0.9255217258487118f,0.6724377723692339f,-1.7954681385400795f,1.0634664451598934f,0.4248267288222314f,-0.2228732411221525f,1.6151128794004794f,0f,0f,0f,1f],start_interpolation:0}
execute if entity @s[tag=aj.living_root.bone.4] run data modify entity @s {} merge value {transformation:[-0.42166591366371475f,0.43469903859005105f,-0.9971688494002113f,-0.1837370333042781f,-0.2287970462751552f,1.010099862017874f,0.537085925600688f,-3.3106179315668904f,1.0634664451598934f,0.38967438421259953f,-0.27982870728111914f,1.0306013030815802f,0f,0f,0f,1f],start_interpolation:0}
execute if entity @s[tag=aj.living_root.bone.3] run data modify entity @s {} merge value {transformation:[-0.36142792599746976f,0.29668790210972973f,-0.8839378615326391f,-0.6194973895279436f,-0.19611175395013303f,0.9026282141575296f,0.3831481266682527f,-4.636353121110762f,0.9115426672799085f,0.3118310371796181f,-0.26805105853123146f,0.5725994672240161f,0f,0f,0f,1f],start_interpolation:0}
execute if entity @s[tag=aj.living_root.bone.2] run data modify entity @s {} merge value {transformation:[-0.36142792599746976f,0.20720180388046255f,-0.909085951259753f,-0.8720245880072574f,-0.19611175395013303f,0.9362920856994333f,0.2913714299982196f,-5.777459100556946f,0.9115426672799085f,0.28359221203214874f,-0.29776739748156245f,0.22697145880983483f,0f,0f,0f,1f],start_interpolation:0}
execute if entity @s[tag=aj.living_root.bone.1] run data modify entity @s {} merge value {transformation:[-0.4665802290286045f,0.10238032959419412f,-0.8785335269594435f,-1f,-0.11399722677814982f,0.9780327195544405f,0.17451828490973734f,-6.999999999999997f,0.8771017741211713f,0.18157716704786794f,-0.4446596566368086f,-1.2246467991473532e-16f,0f,0f,0f,1f],start_interpolation:0}