execute if entity @s[tag=aj.living_root.bone.6] run data modify entity @s {} merge value {transformation:[-0.6946198387881577f,1.1674795311584856f,-0.401795057625551f,4.252411935878433f,-1.1630668486674696f,-0.46398218170341954f,0.6625258372598762f,-0.5474476983307102f,0.41439501630338077f,0.6547186600610527f,1.1859868005484817f,4.478749960149466f,0f,0f,0f,1f],start_interpolation:0}
execute if entity @s[tag=aj.living_root.bone.5] run data modify entity @s {} merge value {transformation:[-0.5394517664609726f,0.9795780480507182f,-0.3324601488154515f,2.783044863802356f,-0.9713173739217308f,-0.3506632394807932f,0.5428526160070883f,-0.021452839109520505f,0.35587281701619167f,0.5278003896977449f,0.9776974981327199f,3.6870493756028484f,0f,0f,0f,1f],start_interpolation:0}
execute if entity @s[tag=aj.living_root.bone.4] run data modify entity @s {} merge value {transformation:[-0.4520231372674886f,0.9773542504859354f,-0.44895975715318165f,1.3170134880734534f,-0.9981835331564719f,-0.19986200672824397f,0.5699086975235004f,0.2783401709828454f,0.400519448493117f,0.6049338463292872f,0.9136467173120773f,2.7796486061089176f,0f,0f,0f,1f],start_interpolation:0}
execute if entity @s[tag=aj.living_root.bone.3] run data modify entity @s {} merge value {transformation:[-0.3398373824323972f,0.8085520376838164f,-0.48036877069481193f,0.12945268272534793f,-0.862009303660249f,-0.06353049991313327f,0.5028954523397082f,0.3716505927302599f,0.37609907458629704f,0.5849850236870474f,0.7185694177720031f,1.9204518525685668f,0f,0f,0f,1f],start_interpolation:0}
execute if entity @s[tag=aj.living_root.bone.2] run data modify entity @s {} merge value {transformation:[-0.3194883873093672f,0.6760007694110322f,-0.6640407593891751f,-0.6944232549943475f,-0.860496287634902f,0.08649421986895145f,0.5020606426476916f,0.26623576226497536f,0.3968290681653896f,0.7318071533436619f,0.5540622536990177f,1.0285618844309787f,0f,0f,0f,1f],start_interpolation:0}
execute if entity @s[tag=aj.living_root.bone.1] run data modify entity @s {} merge value {transformation:[-0.3910336748617302f,0.24446139600452196f,-0.8873169056135755f,-1f,-0.724380306858397f,0.5129886098119802f,0.46056037306623143f,-0.375f,0.5677726976175106f,0.8228495075447831f,-0.023512800204200986f,-1.2246467991473532e-16f,0f,0f,0f,1f],start_interpolation:0}