execute if entity @s[tag=aj.living_root.bone.6] run data modify entity @s {} merge value {transformation:[-1.3873224892591545f,-0.013061818877943747f,-0.28654867671623796f,-1.960511521904107f,-0.11053327199086227f,-1.281565093407926f,0.5935636036565698f,1.1130443742569271f,-0.2646944484178339f,0.603626328692163f,1.2540002187921837f,4.687331186931624f,0f,0f,0f,1f],start_interpolation:0}
execute if entity @s[tag=aj.living_root.bone.5] run data modify entity @s {} merge value {transformation:[-1.142500873507539f,-0.1172293331667932f,-0.20508571035274561f,-1.7846675221539172f,-0.09102740046306305f,-0.716172969626861f,0.9164722587464893f,2.1873038286972184f,-0.21798366340292205f,0.9134903787847052f,0.6921918530785589f,3.3170956187545673f,0f,0f,0f,1f],start_interpolation:0}
execute if entity @s[tag=aj.living_root.bone.4] run data modify entity @s {} merge value {transformation:[-1.142500873507539f,-0.1846656955335429f,-0.14731410672007658f,-1.5076689788536028f,-0.09102740046306305f,-0.3272063844701496f,1.116136687614031f,2.678113405402443f,-0.21798366340292205f,1.1045115092049504f,0.3060205215902296f,1.6603283549471417f,0f,0f,0f,1f],start_interpolation:0}
execute if entity @s[tag=aj.living_root.bone.3] run data modify entity @s {} merge value {transformation:[-0.979286463006462f,-0.20100492821372354f,0.024393486960437263f,-1.2124429905396965f,-0.0780234861111969f,0.48577972075284087f,0.8705919816540626f,1.9646244405467077f,-0.18684314005964747f,0.8506556775447325f,-0.491400609761082f,0.4109278285533157f,0f,0f,0f,1f],start_interpolation:0}
execute if entity @s[tag=aj.living_root.bone.2] run data modify entity @s {} merge value {transformation:[-0.979286463006462f,-0.15066206853749042f,0.13527366512480438f,-1.02882359450963f,-0.0780234861111969f,0.8972784976817575f,0.43451540043250947f,0.8710662714970658f,-0.18684314005964747f,0.41496052667931294f,-0.8904478661385394f,-0.0948053133370969f,0f,0f,0f,1f],start_interpolation:0}
execute if entity @s[tag=aj.living_root.bone.1] run data modify entity @s {} merge value {transformation:[-0.9961726586702708f,-0.02305887560770403f,0.0843108674698136f,-1f,-0.02930841146264509f,0.9968530171976526f,-0.0736551364228777f,-0.375f,-0.08234713799119149f,-0.07584425066967741f,-0.9937135394594434f,-1.2246467991473532e-16f,0f,0f,0f,1f],start_interpolation:0}