execute if entity @s[tag=aj.living_root.bone.6] run data modify entity @s {} merge value {transformation:[-0.6149294272846302f,1.2535765361337572f,-0.23948300974961065f,2.7209125064445505f,-0.614386106184956f,-0.05776684734955204f,1.2752008266616774f,0.5795934187819141f,1.1186312870784227f,0.6573836808490372f,0.5687312055506418f,4.220054669320398f,0f,0f,0f,1f],start_interpolation:0}
execute if entity @s[tag=aj.living_root.bone.5] run data modify entity @s {} merge value {transformation:[-0.506412469528519f,0.9026447354042811f,-0.538414341807565f,1.366945403338129f,-0.505965028622905f,0.3144740029722101f,1.0031034853774403f,0.10788241432359891f,0.9212257658292896f,0.6689168066454011f,0.2549598110892564f,3.2166794593522967f,0f,0f,0f,1f],start_interpolation:0}
execute if entity @s[tag=aj.living_root.bone.4] run data modify entity @s {} merge value {transformation:[-0.506412469528519f,0.7192707036747272f,-0.7663596914324244f,0.28803934782603813f,-0.505965028622905f,0.578784605745832f,0.8775641749031098f,-0.7602944942951492f,0.9212257658292896f,0.7132805521658471f,0.06070464055848283f,2.146758631103526f,0f,0f,0f,1f],start_interpolation:0}
execute if entity @s[tag=aj.living_root.bone.3] run data modify entity @s {} merge value {transformation:[-0.4340678310244449f,0.4930854871189597f,-0.7539574394237332f,-0.436179961379934f,-0.4336843102482043f,0.6191819887031297f,0.6546232381379207f,-1.6697180402028708f,0.7896220849965339f,0.6111304011897097f,-0.05492354347118392f,1.2491608543561399f,0f,0f,0f,1f],start_interpolation:0}
execute if entity @s[tag=aj.living_root.bone.2] run data modify entity @s {} merge value {transformation:[-0.4340678310244449f,0.3339150698730958f,-0.8367113266720965f,-0.8431389527877695f,-0.4336843102482043f,0.7366162201838853f,0.5189551649290576f,-2.567469058551981f,0.7896220849965339f,0.588130317424337f,-0.17492767823324945f,0.5323770299952293f,0f,0f,0f,1f],start_interpolation:0}
execute if entity @s[tag=aj.living_root.bone.1] run data modify entity @s {} merge value {transformation:[-0.5300559094208696f,0.12548883776978442f,-0.8386258310374203f,-1f,-0.302333004648699f,0.8960247531584171f,0.32516825802572974f,-3.6875000000000027f,0.792234490026851f,0.42590162399618353f,-0.43700379802618283f,-1.2246467991473532e-16f,0f,0f,0f,1f],start_interpolation:0}