execute if entity @s[tag=aj.living_root.bone.6] run data modify entity @s {} merge value {transformation:[-1.3011599280292907f,-0.5599007342972344f,-0.020939290070892878f,-2.8161607471442274f,-0.23617760341448524f,0.500079044354857f,1.304256697696802f,5.88501053146938f,-0.5080821053536972f,1.2014060768844954f,-0.552648583720979f,2.021767581113687f,0f,0f,0f,1f],start_interpolation:0}
execute if entity @s[tag=aj.living_root.bone.5] run data modify entity @s {} merge value {transformation:[-1.071543470141769f,-0.44642816621367803f,0.11665159715468948f,-2.1465184978237106f,-0.19449920281192906f,0.704473225365036f,0.9093946590784544f,4.828300693421826f,-0.41842055735010364f,0.8158005137691364f,-0.721460234546543f,0.7980668104599824f,0f,0f,0f,1f],start_interpolation:0}
execute if entity @s[tag=aj.living_root.bone.4] run data modify entity @s {} merge value {transformation:[-1.071543470141769f,-0.40749292756525135f,0.2164606585316328f,-1.5352791064758333f,-0.19449920281192906f,0.895204899554175f,0.7224191020666846f,3.485493344090564f,-0.41842055735010364f,0.6274303251434469f,-0.8901497263878297f,-0.14307867725518783f,0f,0f,0f,1f],start_interpolation:0}
execute if entity @s[tag=aj.living_root.bone.3] run data modify entity @s {} merge value {transformation:[-0.9184658315500877f,-0.21842199305411414f,0.3297155580576608f,-1.2144718041776033f,-0.1667136024102249f,0.969797132740323f,0.17804520802328208f,2.061103805378215f,-0.35864619201437453f,0.10856037158612183f,-0.9271394472649038f,-0.30252672302230427f,0f,0f,0f,1f],start_interpolation:0}
execute if entity @s[tag=aj.living_root.bone.2] run data modify entity @s {} merge value {transformation:[-0.9184658315500877f,-0.14188101159052324f,0.3691751546692382f,-1.041554321301653f,-0.1667136024102249f,0.9853451044988257f,-0.03607769132862641f,0.860214459270271f,-0.35864619201437453f,-0.09468264672181488f,-0.9286593053231849f,-0.18713224733009237f,0f,0f,0f,1f],start_interpolation:0}
execute if entity @s[tag=aj.living_root.bone.1] run data modify entity @s {} merge value {transformation:[-0.9847316609154219f,-0.033243457041322415f,0.1708754767504584f,-1f,-0.0579938105955614f,0.9881715674162168f,-0.14196362661887493f,-0.375f,-0.1641349259705589f,-0.14970579786407381f,-0.9750117436023631f,-1.2246467991473532e-16f,0f,0f,0f,1f],start_interpolation:0}