execute if entity @s[tag=aj.living_root.bone.6] run data modify entity @s {} merge value {transformation:[-1.1634012953209574f,-0.09797251667343541f,0.8023984399702159f,-0.6669020161622891f,-0.36851397280171655f,1.3158774665956148f,-0.37364206026656893f,6.046257240964331f,-0.7194715577004126f,-0.5155699014944766f,-1.1061160873875588f,-3.5396833488917903f,0f,0f,0f,1f],start_interpolation:0}
execute if entity @s[tag=aj.living_root.bone.5] run data modify entity @s {} merge value {transformation:[-0.9580951843819651f,-0.006189947725282063f,0.6656774093525768f,-0.657617094574366f,-0.3034820952484725f,1.0423978910895062f,-0.42710228941889133f,4.482660404330072f,-0.5925059886944576f,-0.5239078471548406f,-0.8576528039725021f,-2.7538215781595294f,0f,0f,0f,1f],start_interpolation:0}
execute if entity @s[tag=aj.living_root.bone.4] run data modify entity @s {} merge value {transformation:[-0.9580951843819651f,0.051851215937069685f,0.6636837953280518f,-0.7353939184799705f,-0.3034820952484725f,1.0012068351418542f,-0.5163279986984443f,2.9808501516172905f,-0.5925059886944576f,-0.5966635867741479f,-0.808727598570819f,-1.8588261979983076f,0f,0f,0f,1f],start_interpolation:0}
execute if entity @s[tag=aj.living_root.bone.3] run data modify entity @s {} merge value {transformation:[-0.82122444375597f,0.15696647557892857f,0.5485908662400674f,-0.9659384294865219f,-0.2601275102129764f,0.7527154848072539f,-0.6047752287931265f,1.8752992833066364f,-0.5078622760238207f,-0.6393597770236336f,-0.5773170568380898f,-0.9197665254948459f,0f,0f,0f,1f],start_interpolation:0}
execute if entity @s[tag=aj.living_root.bone.2] run data modify entity @s {} merge value {transformation:[-0.82122444375597f,0.059319997905819585f,0.5675134807439831f,-1.0382346769342394f,-0.2601275102129764f,0.846298161628554f,-0.46487966190674296f,0.8438733988218363f,-0.5078622760238207f,-0.5293964105210607f,-0.6795699736740295f,-0.2745646501723033f,0f,0f,0f,1f],start_interpolation:0}
execute if entity @s[tag=aj.living_root.bone.1] run data modify entity @s {} merge value {transformation:[-0.9657995918298055f,-0.030587741547391606f,0.2574792001083025f,-1f,-0.08544169321599883f,0.975098719057469f,-0.20465142353002644f,-0.375f,-0.24480781335930527f,-0.21965172013784254f,-0.9443634132889321f,-1.2246467991473532e-16f,0f,0f,0f,1f],start_interpolation:0}