execute if entity @s[tag=aj.living_root.bone.6] run data modify entity @s {} merge value {transformation:[-0.9152738981793559f,0.2197330267758728f,1.0587424298194175f,-4.480160023802766f,-1.028873614630618f,0.24971520399114364f,-0.941278835657656f,4.296963219012714f,-0.33262173842510184f,-1.3770635999415637f,-0.0017507962440060085f,-3.565270172156494f,0f,0f,0f,1f],start_interpolation:0}
execute if entity @s[tag=aj.living_root.bone.5] run data modify entity @s {} merge value {transformation:[-0.7537549749712343f,-0.19907452002749423f,0.8679480884782501f,-4.181548243761524f,-0.8473076826369796f,0.510134158801665f,-0.6188246456623884f,3.5317619808102165f,-0.273923784585378f,-1.030166776114747f,-0.47416588314521635f,-2.0200200079843733f,0f,0f,0f,1f],start_interpolation:0}
execute if entity @s[tag=aj.living_root.bone.4] run data modify entity @s {} merge value {transformation:[-0.7537549749712343f,-0.4839245870769041f,0.7475169180959541f,-3.4556613631461683f,-0.8473076826369796f,0.6910197986396577f,-0.40702879498073596f,2.49523228285073f,-0.273923784585378f,-0.8058658343803677f,-0.7979079698361009f,-0.8112212564138219f,0f,0f,0f,1f],start_interpolation:0}
execute if entity @s[tag=aj.living_root.bone.3] run data modify entity @s {} merge value {transformation:[-0.6549596528518521f,-0.5858350147708064f,0.4773103692616272f,-2.5952161852015463f,-0.716331161146044f,0.6824623462246349f,-0.145309371881951f,1.4928657118332977f,-0.24061903646083754f,-0.4370840668041516f,-0.8666371777385286f,-0.1692540332952243f,0f,0f,0f,1f],start_interpolation:0}
execute if entity @s[tag=aj.living_root.bone.2] run data modify entity @s {} merge value {transformation:[-0.6758264381115887f,-0.6979585281399299f,0.23688081084407364f,-1.7445792290310065f,-0.6961282008360976f,0.7100430434177516f,0.10603963643258477f,0.6275007526679128f,-0.24220684042797092f,-0.09323502287659932f,-0.9657344753911913f,-0.055623849164368876f,0f,0f,0f,1f],start_interpolation:0}
execute if entity @s[tag=aj.living_root.bone.1] run data modify entity @s {} merge value {transformation:[-0.7985453080493821f,-0.5956633832248053f,0.08666328448366302f,-1f,-0.5972540141233036f,0.8020006021343302f,0.0090926778108795f,-0.375f,-0.0749201815662381f,-0.044499079331495f,-0.9961961645844313f,-1.2246467991473532e-16f,0f,0f,0f,1f],start_interpolation:0}