execute if entity @s[tag=aj.living_root.bone.6] run data modify entity @s {} merge value {transformation:[-0.5828754051147133f,0.6859463960954522f,-1.0939278990136707f,3.6663652963724473f,-1.281345115180374f,-0.1592726445831885f,0.5828647912983894f,-0.6007055715619878f,0.15923379779493116f,1.229249450199422f,0.6859554149277224f,5.590183180789801f,0f,0f,0f,1f],start_interpolation:0}
execute if entity @s[tag=aj.living_root.bone.5] run data modify entity @s {} merge value {transformation:[-0.47149117061346557f,0.7179336746241142f,-0.7895431755042732f,2.589464784436276f,-1.0578997444216955f,-0.20105057828979803f,0.4489297348505224f,-0.2991297041272908f,0.14019742471660007f,0.8973633683860541f,0.7322532200630996f,4.24413812821072f,0f,0f,0f,1f],start_interpolation:0}
execute if entity @s[tag=aj.living_root.bone.4] run data modify entity @s {} merge value {transformation:[-0.4223560214849976f,0.7739157792529838f,-0.7640555404221097f,1.4285911155568003f,-1.0716934690569702f,-0.1568027892844583f,0.43358632907918304f,-0.06392552020060333f,0.1849313672882789f,0.8588238253605749f,0.7676803615418507f,2.9559023901698573f,0f,0f,0f,1f],start_interpolation:0}
execute if entity @s[tag=aj.living_root.bone.3] run data modify entity @s {} merge value {transformation:[-0.30953419386247844f,0.7065440480062185f,-0.6363836036989731f,0.3908545450476668f,-0.9278682235128811f,-0.07805815942210792f,0.3646470670973273f,0.05072240145061769f,0.2079642820893907f,0.7033508597951799f,0.6797414401082407f,1.9228558148456867f,0f,0f,0f,1f],start_interpolation:0}
execute if entity @s[tag=aj.living_root.bone.2] run data modify entity @s {} merge value {transformation:[-0.24677695151598597f,0.7023788630530832f,-0.6676564003563019f,-0.46516969429827826f,-0.9311406216532885f,0.01901064325362639f,0.3641644383382465f,0.027553179985260523f,0.2684739818075561f,0.7115493856222076f,0.6493221025908898f,1.0556550011186212f,0f,0f,0f,1f],start_interpolation:0}
execute if entity @s[tag=aj.living_root.bone.1] run data modify entity @s {} merge value {transformation:[-0.1933664375541499f,0.4278642445613774f,-0.8829165357232462f,-1f,-0.8801221930368174f,0.3220425439882084f,0.3488173235171465f,-0.375f,0.4335831479101555f,0.8445240008948971f,0.31430059777352504f,-1.2246467991473532e-16f,0f,0f,0f,1f],start_interpolation:0}