execute if entity @s[tag=aj.living_root.bone.6] run data modify entity @s {} merge value {transformation:[-0.636917228782403f,1.2645067859997157f,-0.04799454432806334f,3.268477586876317f,-0.786466654926022f,-0.3534707980652768f,1.1240431664527006f,0.7371535022264495f,0.9913380295409137f,0.5320013416526415f,0.8609111034887234f,4.592636280341506f,0f,0f,0f,1f],start_interpolation:0}
execute if entity @s[tag=aj.living_root.bone.5] run data modify entity @s {} merge value {transformation:[-0.5096490837159959f,1.0031431833022475f,-0.30833857425367817f,1.763762811922946f,-0.6494413192354682f,-0.03221110901784059f,0.9686586232706786f,0.7854701657532104f,0.82437545781534f,0.5947918201868497f,0.572484852464826f,3.700448550061232f,0f,0f,0f,1f],start_interpolation:0}
execute if entity @s[tag=aj.living_root.bone.4] run data modify entity @s {} merge value {transformation:[-0.5096490837159959f,0.8371882435817324f,-0.6328386582590315f,0.5079804465503475f,-0.6494413192354682f,0.30103221971328714f,0.9212582084710544f,0.33392183618327964f,0.82437545781534f,0.7547228356251957f,0.33452900778366484f,2.5683642966234386f,0f,0f,0f,1f],start_interpolation:0}
execute if entity @s[tag=aj.living_root.bone.3] run data modify entity @s {} merge value {transformation:[-0.4368420717565679f,0.5831761581753461f,-0.6848901903803802f,-0.34855953576969206f,-0.5566639879161156f,0.422822850085128f,0.7150846397477825f,-0.2870992248792521f,0.7066075352702914f,0.6936327601704904f,0.13992635605028353f,1.5495911801230309f,0f,0f,0f,1f],start_interpolation:0}
execute if entity @s[tag=aj.living_root.bone.2] run data modify entity @s {} merge value {transformation:[-0.4368420717565679f,0.3961410476761916f,-0.8076145582451069f,-0.8313564376250506f,-0.5566639879161156f,0.586200444948604f,0.5886376159398796f,-1.0015310171603633f,0.7066075352702914f,0.7067116163528571f,-0.03555956145927319f,0.6882863976929863f,0f,0f,0f,1f],start_interpolation:0}
execute if entity @s[tag=aj.living_root.bone.1] run data modify entity @s {} merge value {transformation:[-0.5301087077303338f,0.13491484989995944f,-0.8371276732165454f,-1f,-0.4094842927350484f,0.8237751862717104f,0.39206766824909955f,-2.0312500000000013f,0.7425007555496174f,0.5506291181543891f,-0.38144488756407124f,-1.2246467991473532e-16f,0f,0f,0f,1f],start_interpolation:0}