execute if entity @s[tag=aj.living_root.bone.6] run data modify entity @s {} merge value {transformation:[-0.4211924222014251f,-0.5554361761796063f,-1.233301277918546f,-1.0958079110904864f,-1.3514700551883947f,0.22572783513818973f,0.35988898123914187f,0.8438303242332507f,0.05540828325816929f,1.2835427702570912f,-0.5969860329283918f,7.238275879325405f,0f,0f,0f,1f],start_interpolation:0}
execute if entity @s[tag=aj.living_root.bone.5] run data modify entity @s {} merge value {transformation:[-0.34686434769529134f,-0.17895976687855422f,-1.0994406019643832f,-0.827368260772655f,-1.1129753395669135f,0.10285077205122985f,0.33439306708646155f,0.6895541661564059f,0.04563035091849236f,1.1482622660517723f,-0.20130263422969852f,5.515882480247747f,0f,0f,0f,1f],start_interpolation:0}
execute if entity @s[tag=aj.living_root.bone.4] run data modify entity @s {} merge value {transformation:[-0.3430703014156749f,-0.035037291576723424f,-1.1145341033798102f,-0.7748123234075699f,-1.1109143804893082f,0.11149547289936818f,0.3384510449919073f,0.5223109568073536f,0.09634894197512311f,1.160798112865896f,-0.06614932848004157f,3.7746853109489034f,0f,0f,0f,1f],start_interpolation:0}
execute if entity @s[tag=aj.living_root.bone.3] run data modify entity @s {} merge value {transformation:[-0.28723969980774205f,0.08415026513927343f,-0.9541551696298399f,-0.8984080253308777f,-0.9475480345896841f,0.12080216447904966f,0.295904645455937f,0.3448827777287494f,0.14016446411121924f,0.989103417208821f,0.04503724088183155f,2.3219396669234476f,0f,0f,0f,1f],start_interpolation:0}
execute if entity @s[tag=aj.living_root.bone.2] run data modify entity @s {} merge value {transformation:[-0.27335149293189986f,0.15988221211834597f,-0.9485339422287671f,-1.0932644713501118f,-0.9384970616573676f,0.17192906395097787f,0.2994389123501286f,0.13534423103849513f,0.21095550851397293f,0.972048391396789f,0.10305191997496368f,1.1372556899086113f,0f,0f,0f,1f],start_interpolation:0}
execute if entity @s[tag=aj.living_root.bone.1] run data modify entity @s {} merge value {transformation:[-0.2637017561258697f,-0.07461157708008948f,-0.9617143528001204f,-1f,-0.8879481044211139f,0.40827538483079606f,0.21180031632699725f,-0.375f,0.37684154185955004f,0.9098045519268891f,-0.17391414439898145f,-1.2246467991473532e-16f,0f,0f,0f,1f],start_interpolation:0}