execute if entity @s[tag=aj.living_root.bone.6] run data modify entity @s {} merge value {transformation:[-0.5783378601406421f,1.1331705719102263f,-0.6232128199331567f,2.093628281093293f,-0.44079708815294966f,0.46908584664947156f,1.2619829000400413f,0.2463149880134783f,1.215799198489729f,0.709103213837198f,0.16108812967420508f,3.3744410682455865f,0f,0f,0f,1f],start_interpolation:0}
execute if entity @s[tag=aj.living_root.bone.5] run data modify entity @s {} merge value {transformation:[-0.47627823776288186f,0.7604785454768841f,-0.7456155398152304f,0.9529104628779671f,-0.36300936671419387f,0.6519498470462767f,0.8968259071443061f,-0.7316097825559367f,1.0012463987562474f,0.59811778933318f,-0.029527447772302273f,2.4772643842458164f,0f,0f,0f,1f],start_interpolation:0}
execute if entity @s[tag=aj.living_root.bone.4] run data modify entity @s {} merge value {transformation:[-0.47627823776288186f,0.5888380770847677f,-0.8874344315608381f,0.06965334725081562f,-0.36300936671419387f,0.8241637694106304f,0.7416801143213508f,-1.9678554366718823f,1.0012463987562474f,0.5789083790005853f,-0.15323788308271197f,1.6089018157449384f,0f,0f,0f,1f],start_interpolation:0}
execute if entity @s[tag=aj.living_root.bone.3] run data modify entity @s {} merge value {transformation:[-0.4082384895110416f,0.4011146130088512f,-0.8200295134399143f,-0.5194837406059346f,-0.3111508857550233f,0.7833613845260039f,0.5380799824629852f,-3.1184174701944505f,0.8582111989339264f,0.474817868728907f,-0.19499110123318658f,0.9115130710493562f,0f,0f,0f,1f],start_interpolation:0}
execute if entity @s[tag=aj.living_root.bone.2] run data modify entity @s {} merge value {transformation:[-0.4082384895110416f,0.2744154371780847f,-0.870653492222999f,-0.8539275546667253f,-0.3111508857550233f,0.8548085450640286f,0.4153161176494153f,-4.160215384491235f,0.8582111989339264f,0.4404526298296778f,-0.2635811429152571f,0.3747114284444364f,0f,0f,0f,1f],start_interpolation:0}
execute if entity @s[tag=aj.living_root.bone.1] run data modify entity @s {} merge value {transformation:[-0.5080994445301507f,0.1168579562666197f,-0.8533341505678423f,-1f,-0.20234813652513892f,0.9468276924070145f,0.2501450629854841f,-5.3437500000000036f,0.8371918454649184f,0.2997691427555492f,-0.4574366348890817f,-1.2246467991473532e-16f,0f,0f,0f,1f],start_interpolation:0}