execute if entity @s[tag=aj.living_root.bone.6] run data modify entity @s {} merge value {transformation:[-0.3344706703233546f,-0.7713339204104459f,1.1402270819280433f,-7.771328766408804f,-1.3730228477602962f,0.1021845669546431f,-0.3336330592866112f,1.7924946163581497f,0.09940862470679945f,-1.1838693939556795f,-0.771696590528531f,0.15967235662796453f,0f,0f,0f,1f],start_interpolation:0}
execute if entity @s[tag=aj.living_root.bone.5] run data modify entity @s {} merge value {transformation:[-0.2754464343839391f,-1.0589329421315639f,0.4048473749017959f,-6.182929353211459f,-1.1307246981555383f,0.22652721256133543f,-0.17679985877078738f,1.4527037975161465f,0.08186592622912897f,-0.43411698555676503f,-1.079792352299675f,0.8108478349631121f,0f,0f,0f,1f],start_interpolation:0}
execute if entity @s[tag=aj.living_root.bone.4] run data modify entity @s {} merge value {transformation:[-0.2919015502224718f,-1.1246224168758117f,0.10549414936022342f,-4.495995727897742f,-1.1265827609395132f,0.2819547139051173f,-0.11146269856637814f,1.0297717266584707f,0.08195046578716697f,-0.12975773533089585f,-1.1565284961427345f,1.0054844379594559f,0f,0f,0f,1f],start_interpolation:0}
execute if entity @s[tag=aj.living_root.bone.3] run data modify entity @s {} merge value {transformation:[-0.2777086203516202f,-0.9490996539714854f,-0.14861954452092166f,-3.1020056111271224f,-0.957703121973247f,0.28565888241958987f,-0.03469485635490135f,0.6102102431046981f,0.07538336915458227f,0.13269834108231124f,-0.9882856358001499f,0.8105837494948113f,0f,0f,0f,1f],start_interpolation:0}
execute if entity @s[tag=aj.living_root.bone.2] run data modify entity @s {} merge value {transformation:[-0.31497805471094625f,-0.8653579481972143f,-0.3898005214752994f,-2.0473506117617677f,-0.944452930076481f,0.3263691438367473f,0.03862440706623865f,0.2124478490536622f,0.09379492481183689f,0.3803140852547743f,-0.9200889677832064f,0.34707595809055514f,0f,0f,0f,1f],start_interpolation:0}
execute if entity @s[tag=aj.living_root.bone.1] run data modify entity @s {} merge value {transformation:[-0.40570151827427875f,-0.8378804894094141f,-0.36518839458146235f,-1f,-0.8764746102534524f,0.46995827924292977f,-0.10455368645859994f,-0.375f,0.25922680349648225f,0.2776607664724442f,-0.9250437628085122f,-1.2246467991473532e-16f,0f,0f,0f,1f],start_interpolation:0}