execute if entity @s[tag=aj.living_root.bone.6] run data modify entity @s {} merge value {transformation:[-0.6919211753968615f,1.2284394234379048f,-0.13829719601429916f,4.091873130852007f,-1.0602929183419376f,-0.5082528785750798f,0.7901913585825437f,0.05883189858543214f,0.6355851310373826f,0.4894487090678008f,1.167654035594662f,4.416355008743824f,0f,0f,0f,1f],start_interpolation:0}
execute if entity @s[tag=aj.living_root.bone.5] run data modify entity @s {} merge value {transformation:[-0.5251472838617588f,1.0216813122645987f,-0.2037123892477238f,2.5593511624551093f,-0.8906087100362651f,-0.3219125987876034f,0.6813952710875404f,0.5417007967668372f,0.5405067686636944f,0.46222363204644784f,0.9248312592671338f,3.7230195606741523f,0f,0f,0f,1f],start_interpolation:0}
execute if entity @s[tag=aj.living_root.bone.4] run data modify entity @s {} merge value {transformation:[-0.46594904155037964f,0.9919545621691289f,-0.40003593386250413f,1.071419319201416f,-0.9046937287377598f,-0.13275078475635907f,0.724580980595165f,0.7408269739013758f,0.5705539930383122f,0.5995952692020958f,0.8222315764367205f,2.8236266568710087f,0f,0f,0f,1f],start_interpolation:0}
execute if entity @s[tag=aj.living_root.bone.3] run data modify entity @s {} merge value {transformation:[-0.3761933376209763f,0.7819357350607663f,-0.49704635494546134f,-0.07704879166908463f,-0.7757799927945571f,0.027491902835682397f,0.6304043131658842f,0.7004482416114672f,0.5066004100958336f,0.6227525202786839f,0.596267828225941f,1.9089588927116916f,0f,0f,0f,1f],start_interpolation:0}
execute if entity @s[tag=aj.living_root.bone.2] run data modify entity @s {} merge value {transformation:[-0.3761933376209763f,0.5647793746074593f,-0.7345085641077288f,-0.7653736544719256f,-0.7757799927945571f,0.24144491176816935f,0.5829834966454348f,0.4061872553940108f,0.5066004100958336f,0.7891315559520276f,0.34731457195381954f,0.947204808895158f,0f,0f,0f,1f],start_interpolation:0}
execute if entity @s[tag=aj.living_root.bone.1] run data modify entity @s {} merge value {transformation:[-0.46028864771649597f,0.18770107642245948f,-0.8676996408280746f,-1f,-0.6255572756355804f,0.6249498043152086f,0.46702873250558463f,-0.375f,0.629930516551397f,0.7577638471161265f,-0.17023952631823647f,-1.2246467991473532e-16f,0f,0f,0f,1f],start_interpolation:0}