execute if entity @s[tag=aj.living_root.bone.6] run data modify entity @s {} merge value {transformation:[-0.6682431653952459f,0.9586802816388165f,-0.8008293413355343f,3.925123006255209f,-1.2250057416534912f,-0.32520298751173426f,0.632888927280188f,-0.6482790776298994f,0.2444513228906041f,0.9910194644681843f,0.9823789575447305f,5.1597653969838575f,0f,0f,0f,1f],start_interpolation:0}
execute if entity @s[tag=aj.living_root.bone.5] run data modify entity @s {} merge value {transformation:[-0.5307273918262683f,0.8557370600959244f,-0.5891974462391892f,2.6415174161113226f,-1.0163161493117072f,-0.2902233719812023f,0.49394634335643745f,-0.21294401965809603f,0.2157337046560451f,0.7379672007923904f,0.8774819031416737f,4.052814595795272f,0f,0f,0f,1f],start_interpolation:0}
execute if entity @s[tag=aj.living_root.bone.4] run data modify entity @s {} merge value {transformation:[-0.4640170985837041f,0.8682266733728657f,-0.6260844088275634f,1.3391774060520243f,-1.0374353384680561f,-0.19667789715252013f,0.49614194982932436f,0.08207282607068414f,0.26368003684530666f,0.7540632331089093f,0.8502779485284259f,2.9217197461319087f,0f,0f,0f,1f],start_interpolation:0}
execute if entity @s[tag=aj.living_root.bone.3] run data modify entity @s {} merge value {transformation:[-0.3313546567215963f,0.7518800904225409f,-0.5699828252632748f,0.2348535232439174f,-0.9005393074313734f,-0.07180217132438112f,0.42880462213475096f,0.1875322652033689f,0.28148365359277167f,0.6553783470784614f,0.700889559731609f,1.9591327988604184f,0f,0f,0f,1f],start_interpolation:0}
execute if entity @s[tag=aj.living_root.bone.2] run data modify entity @s {} merge value {transformation:[-0.2906705618758912f,0.6794395207697695f,-0.6737006472276094f,-0.5932133926942392f,-0.9006351511577304f,0.04344644630629779f,0.43239880989943325f,0.13458190876756848f,0.3230587391757821f,0.7324440892788338f,0.599298512531655f,1.0664665650518397f,0f,0f,0f,1f],start_interpolation:0}
execute if entity @s[tag=aj.living_root.bone.1] run data modify entity @s {} merge value {transformation:[-0.30109193082974f,0.3254292858446086f,-0.8963478281916497f,-1f,-0.8106460795367817f,0.4076655270140548f,0.4203114937947793f,-0.375f,0.5021917790255681f,0.853173252041472f,0.14106317407500135f,-1.2246467991473532e-16f,0f,0f,0f,1f],start_interpolation:0}