execute if entity @s[tag=aj.living_root.bone.6] run data modify entity @s {} merge value {transformation:[-1.1049764087236105f,0.8433102181002032f,0.2734948932914551f,1.0694996250218711f,-0.4824290796245252f,-0.20530104810929412f,-1.316076786218153f,3.3738142711530394f,-0.7437968565013909f,-1.119653428582906f,0.4473107203786162f,-5.114757333349996f,0f,0f,0f,1f],start_interpolation:0}
execute if entity @s[tag=aj.living_root.bone.5] run data modify entity @s {} merge value {transformation:[-0.9099805718900322f,0.6174377913163872f,0.3896370667020051f,0.14334293804729037f,-0.3972945361613737f,0.10359925912498742f,-1.0920326717439288f,3.218415382465558f,-0.612538587707028f,-0.98445359386525f,0.1294554410088062f,-3.6380769425521207f,0f,0f,0f,1f],start_interpolation:0}
execute if entity @s[tag=aj.living_root.bone.4] run data modify entity @s {} merge value {transformation:[-0.9099805718900322f,0.5258904487302836f,0.5064441783929026f,-0.645492735048135f,-0.3972945361613737f,0.3222871586332422f,-1.048522365058343f,2.734984644515695f,-0.612538587707028f,-0.9902935597212998f,-0.07229284373648288f,-2.152636602970171f,0f,0f,0f,1f],start_interpolation:0}
execute if entity @s[tag=aj.living_root.bone.3] run data modify entity @s {} merge value {transformation:[-0.7799833473343133f,0.25032996465974694f,0.5735511194955598f,-1.0131648706421383f,-0.34053817385260604f,0.5991485545924792f,-0.7246066254726595f,1.854985204957991f,-0.5250330751774525f,-0.7604971520809218f,-0.38207898613573993f,-1.0356564108513169f,0f,0f,0f,1f],start_interpolation:0}
execute if entity @s[tag=aj.living_root.bone.2] run data modify entity @s {} merge value {transformation:[-0.7807867549286455f,-0.02238094840980625f,0.6243966179250757f,-0.9858880897676869f,-0.32775719549472393f,0.865485749517771f,-0.378826659810388f,0.8001744477332076f,-0.53192787493177f,-0.5004333227613242f,-0.6830953266862771f,-0.42575329873595286f,0f,0f,0f,1f],start_interpolation:0}
execute if entity @s[tag=aj.living_root.bone.1] run data modify entity @s {} merge value {transformation:[-0.9063505632476524f,0.011289528185850432f,0.4223756657929102f,-1f,-0.1342596162512182f,0.9401395581865661f,-0.3132282978545262f,-0.375f,-0.40062827152453795f,-0.3406026389887622f,-0.8505802903719037f,-1.2246467991473532e-16f,0f,0f,0f,1f],start_interpolation:0}