execute if entity @s[tag=aj.living_root.bone.6] run data modify entity @s {} merge value {transformation:[-1.4153183139076317f,0.02053045296327993f,-0.058283919422299504f,-1.1531218790758875f,-4.915049848600953e-18f,1.3361929853379249f,0.470672657351336f,5.439925115151219f,0.061794132100892483f,0.4702246812740594f,-1.3349212256920073f,-3.5070676186893732f,0f,0f,0f,1f],start_interpolation:0}
execute if entity @s[tag=aj.living_root.bone.5] run data modify entity @s {} merge value {transformation:[-1.1655562585121675f,-0.0014801005488121871f,-0.050867756551612596f,-1.1509017282526692f,-4.04768811061255e-18f,1.1661731084292342f,-0.03393217186696244f,3.6906654525073677f,0.05088928525955853f,-0.033899875958098735f,-1.1650631700328133f,-3.456217804752225f,0f,0f,0f,1f],start_interpolation:0}
execute if entity @s[tag=aj.living_root.bone.4] run data modify entity @s {} merge value {transformation:[-1.1655562585121675f,-0.011014457255164806f,-0.049683006004094275f,-1.134380042369922f,-4.04768811061255e-18f,1.1390120083065893f,-0.252512882927786f,1.982147440047484f,0.05088928525955853f,-0.2522725466155124f,-1.1379279212590783f,-3.0778089848289563f,0f,0f,0f,1f],start_interpolation:0}
execute if entity @s[tag=aj.living_root.bone.3] run data modify entity @s {} merge value {transformation:[-0.9990482215818578f,-0.028038001740555468f,-0.033414389303469724f,-1.0931992273134812f,-3.469446951953614e-18f,0.7660444431189783f,-0.642787609686539f,0.8570196642164847f,0.043619387365335875f,-0.6421758183121901f,-0.76531533855068f,-2.1346132516829273f,0f,0f,0f,1f],start_interpolation:0}
execute if entity @s[tag=aj.living_root.bone.2] run data modify entity @s {} merge value {transformation:[-0.9990482215818578f,-0.036788218175522934f,-0.023436679747723385f,-1.0483635864120626f,-3.469446951953614e-18f,0.5372996083468243f,-0.8433914458128855f,0.2021857665437925f,0.043619387365335875f,-0.842588724036715f,-0.5367882181755236f,-1.1077082442631807f,0f,0f,0f,1f],start_interpolation:0}
execute if entity @s[tag=aj.living_root.bone.1] run data modify entity @s {} merge value {transformation:[-0.9990482215818578f,-0.03869086912965017f,-0.020141191626105608f,-1f,-3.469446951953614e-18f,0.461748613235034f,-0.8870108331782217f,-0.375f,0.043619387365335875f,-0.8861665954105443f,-0.46130913087034986f,-1.2246467991473532e-16f,0f,0f,0f,1f],start_interpolation:0}