execute if entity @s[tag=aj.living_root.bone.6] run data modify entity @s {} merge value {transformation:[-1.4138447402536634f,-0.08330480240635232f,-0.03236981305991981f,-1.1393285159909596f,0.016623928298484567f,0.2590172041047823f,-1.3926873940084732f,5.4820699434972f,0.08781309645731897f,-1.3902930778502152f,-0.2575237119505648f,-3.3520785868670897f,0f,0f,0f,1f],start_interpolation:0}
execute if entity @s[tag=aj.living_root.bone.5] run data modify entity @s {} merge value {transformation:[-1.164342727267723f,-0.06171282427825263f,-0.04010800281083485f,-1.0467592795735807f,0.013690293892869645f,0.44307187913966645f,-1.0791714399852708f,4.8174621247877f,0.07231666767073328f,-1.0774924354009907f,-0.4414651315129593f,-1.7358399337656039f,0f,0f,0f,1f],start_interpolation:0}
execute if entity @s[tag=aj.living_root.bone.4] run data modify entity @s {} merge value {transformation:[-1.164342727267723f,-0.03622012900330422f,-0.06407204401965355f,-0.9924290860686243f,0.013690293892869645f,0.8913154725295692f,-0.7526489323672948f,3.4804889159933463f,0.07231666767073328f,-0.7519015506005331f,-0.8891149919400901f,-0.6079876078648042f,0f,0f,0f,1f],start_interpolation:0}
execute if entity @s[tag=aj.living_root.bone.3] run data modify entity @s {} merge value {transformation:[-0.9980080519437624f,-0.008835618056822984f,-0.06246487099938986f,-0.9794517720476655f,0.011734537622459695f,0.9468648917807326f,-0.3214174502727698f,2.0897811061903955f,0.0619857151463428f,-0.3215101997862826f,-0.9448751042075251f,-0.13576950192870166f,0f,0f,0f,1f],start_interpolation:0}
execute if entity @s[tag=aj.living_root.bone.2] run data modify entity @s {} merge value {transformation:[-0.9980080519437624f,0.007632546592202867f,-0.06262325836248323f,-0.9887539382069128f,0.011734537622459695f,0.9977902105362987f,-0.06539874910665988f,0.8737242870992814f,0.0619857151463428f,-0.06600333317679208f,-0.9958922286710294f,-0.05532793961948632f,0f,0f,0f,1f],start_interpolation:0}
execute if entity @s[tag=aj.living_root.bone.1] run data modify entity @s {} merge value {transformation:[-0.9980080519437624f,0.008996849434469776f,-0.062441852596395266f,-1f,0.011734537622459695f,0.9989794296794251f,-0.043616507243904847f,-0.375f,0.0619857151463428f,-0.04426235169558896f,-0.9970950884144262f,-1.2246467991473532e-16f,0f,0f,0f,1f],start_interpolation:0}