execute if entity @s[tag=aj.living_root.bone.6] run data modify entity @s {} merge value {transformation:[-1.4116916083297366f,0.11054806777160808f,0.04301595201561585f,-0.4104692461815628f,0.033268356600318516f,-0.12413894676296117f,1.4108250007673315f,-0.01077897875023015f,0.11386159960653926f,1.4068806243079015f,0.1211069342626322f,7.202767096506004f,0f,0f,0f,1f],start_interpolation:0}
execute if entity @s[tag=aj.living_root.bone.5] run data modify entity @s {} merge value {transformation:[-1.1625695598009598f,0.09249814821914767f,0.03142009406960312f,-0.5492164685102843f,0.02739747014143878f,-0.051455329700691076f,1.1652093540588977f,0.06640401580080646f,0.09376837614656176f,1.1618552202114225f,0.049102444067634234f,5.4599842661888704f,0f,0f,0f,1f],start_interpolation:0}
execute if entity @s[tag=aj.living_root.bone.4] run data modify entity @s {} merge value {transformation:[-1.1625695598009598f,0.09103958522367726f,0.03542490165991894f,-0.6857758463458001f,0.02739747014143878f,-0.10223207380479157f,1.1618558829848615f,0.2197521265079938f,0.09376837614656176f,1.1586075729594483f,0.09973512233393242f,3.7220729067496983f,0f,0f,0f,1f],start_interpolation:0}
execute if entity @s[tag=aj.living_root.bone.3] run data modify entity @s {} merge value {transformation:[-0.9964881941151083f,0.07803393019172336f,0.03036420142278766f,-0.8003881813148939f,0.023483545835518954f,-0.08762749183267848f,0.9958764711298812f,0.3484550051372403f,0.08037289383991007f,0.9930922053938128f,0.08548724771479921f,2.2634687300775354f,0f,0f,0f,1f],start_interpolation:0}
execute if entity @s[tag=aj.living_root.bone.2] run data modify entity @s {} merge value {transformation:[-0.9964881941151083f,0.08132966269290592f,0.019918959698451196f,-0.899508707721873f,0.023483545835518954f,0.04311013720554091f,0.9987942927075177f,0.29591452541798735f,0.08037289383991007f,0.9957544888356655f,-0.044868651633640066f,1.049892946809068f,0f,0f,0f,1f],start_interpolation:0}
execute if entity @s[tag=aj.living_root.bone.1] run data modify entity @s {} merge value {transformation:[-0.9964881941151083f,0.08039303382250165f,-0.0234145062306358f,-1f,0.023483545835518954f,0.5367316203343899f,0.8434261620368505f,-0.375f,0.08037289383991007f,0.8399143574472546f,-0.5367346365661192f,-1.2246467991473532e-16f,0f,0f,0f,1f],start_interpolation:0}