execute if entity @s[tag=aj.living_root.bone.6] run data modify entity @s {} merge value {transformation:[-1.4146657648600474f,-0.07220854991100954f,-0.021240138820890906f,-1.3183609503712295f,0.008316503507637022f,0.24737119630786503f,-1.3948773320443155f,2.635102591346564f,0.07480677741213648f,-1.3930318951845322f,-0.24659791056747837f,-6.355144313978146f,0f,0f,0f,1f],start_interpolation:0}
execute if entity @s[tag=aj.living_root.bone.5] run data modify entity @s {} merge value {transformation:[-1.1650188651788627f,-0.060686605235024525f,-0.012621047243181673f,-1.2273310425186927f,0.006848885241583431f,0.11006622115151923f,-1.1614429089901424f,2.4700032596192854f,0.06160558139823006f,-1.1598765770622255f,-0.10955450439901081f,-4.6153294483848075f,0f,0f,0f,1f],start_interpolation:0}
execute if entity @s[tag=aj.living_root.bone.4] run data modify entity @s {} merge value {transformation:[-1.1650188651788627f,-0.058216662280298676f,-0.02128321219665817f,-1.1400060490982447f,0.006848885241583431f,0.27723418248773024f,-1.133227872911013f,2.05415198588769f,0.06160558139823006f,-1.131752242942073f,-0.27650085722703366f,-2.917701083971698f,0f,0f,0f,1f],start_interpolation:0}
execute if entity @s[tag=aj.living_root.bone.3] run data modify entity @s {} merge value {transformation:[-0.9985875987247393f,-0.04709193772962472f,-0.024599940528954194f,-1.0708397655578583f,0.005870473064214369f,0.3623814212514275f,-0.932011396431287f,1.521904273424656f,0.05280478405562576f,-0.9308394356346666f,-0.36159314131793774f,-1.5505306628832813f,0f,0f,0f,1f],start_interpolation:0}
execute if entity @s[tag=aj.living_root.bone.2] run data modify entity @s {} merge value {transformation:[-0.9985875987247393f,-0.03409328773709904f,-0.04074868592279152f,-1.0292885711282689f,0.005870473064214369f,0.6914620982462498f,-0.7223888871202933f,0.6791848411870389f,0.05280478405562576f,-0.7216077981980025f,-0.6902853325695613f,-0.6710711588294657f,0f,0f,0f,1f],start_interpolation:0}
execute if entity @s[tag=aj.living_root.bone.1] run data modify entity @s {} merge value {transformation:[-0.9985875987247393f,-0.023430856902615187f,-0.04768440644454019f,-1f,0.005870473064214369f,0.8433478729496311f,-0.5373359309941362f,-0.375f,0.05280478405562576f,-0.5368569270635725f,-0.8420191771240705f,-1.2246467991473532e-16f,0f,0f,0f,1f],start_interpolation:0}