execute if entity @s[tag=aj.living_root.bone.6] run data modify entity @s {} merge value {transformation:[-1.4153183139076317f,0.04667030105018004f,0.04050182418099359f,-0.8413601565984568f,2.4575249243004765e-18f,-0.928528038272729f,1.069943982919593f,3.0089004956139815f,0.061794132100892483f,1.0689256333280286f,0.9276442853252612f,3.633449779908794f,0f,0f,0f,1f],start_interpolation:0}
execute if entity @s[tag=aj.living_root.bone.5] run data modify entity @s {} merge value {transformation:[-1.1655562585121675f,0.04983794426730058f,0.010290707722900406f,-0.9161170729994076f,2.023844055306275e-18f,-0.2359205010540423f,1.1425640587264774f,3.362781247195045f,0.05088928525955853f,1.1414765909140363f,0.23569595701274193f,1.92123489353774f,0f,0f,0f,1f],start_interpolation:0}
execute if entity @s[tag=aj.living_root.bone.4] run data modify entity @s {} merge value {transformation:[-1.1655562585121675f,0.05029701084576201f,-0.00774145039446873f,-0.9915625892680506f,2.023844055306275e-18f,0.17747728388823786f,1.153088428879054f,3.096565321362688f,0.05088928525955853f,1.1519909441982372f,-0.1773083648397224f,0.1932484772403842f,0f,0f,0f,1f],start_interpolation:0}
execute if entity @s[tag=aj.living_root.bone.3] run data modify entity @s {} merge value {transformation:[-0.9990482215818578f,0.025792564604831605f,-0.035176619582228355f,-1.029445418531397f,1.734723475976807e-18f,0.8064446042674833f,0.5913096483635814f,1.912099808844822f,0.043619387365335875f,0.5907468526018296f,-0.8056770476977142f,-0.674410962518553f,0f,0f,0f,1f],start_interpolation:0}
execute if entity @s[tag=aj.living_root.bone.2] run data modify entity @s {} merge value {transformation:[-0.9990482215818578f,-0.0009515519206528267f,-0.043609007132351975f,-1.0282857146281015f,1.734723475976807e-18f,0.9997620270799091f,-0.021814885034562026f,0.6936398383411828f,0.043619387365335875f,-0.0217941220977918f,-0.9988104751592563f,-0.6478493762118693f,0f,0f,0f,1f],start_interpolation:0}
execute if entity @s[tag=aj.living_root.bone.1] run data modify entity @s {} merge value {transformation:[-0.9990482215818578f,-0.0226285717024812f,-0.037290732050107175f,-1f,1.734723475976807e-18f,0.8549118706729463f,-0.518773258160522f,-0.375f,0.043619387365335875f,-0.5182795009694954f,-0.8540981840050261f,-1.2246467991473532e-16f,0f,0f,0f,1f],start_interpolation:0}