execute if entity @s[tag=aj.living_root.bone.6] run data modify entity @s {} merge value {transformation:[-1.4116916083297366f,0.09628500586155413f,-0.06928524418724599f,-0.5179660913260565f,0.033268356600318516f,1.1156064884923795f,0.8725020479788342f,5.704214684413264f,0.11386159960653924f,0.8678109269445657f,-1.1139498084092918f,4.200167075528853f,0f,0f,0f,1f],start_interpolation:0}
execute if entity @s[tag=aj.living_root.bone.5] run data modify entity @s {} merge value {transformation:[-1.1625695598009598f,0.07828565042705012f,-0.058433609100652255f,-0.6353945669666317f,0.02739747014143878f,0.9311349242417846f,0.7023875302126356f,4.307512298050588f,0.09376837614656174f,0.6985486532129103f,-0.9297033837952712f,3.1523440957094877f,0f,0f,0f,1f],start_interpolation:0}
execute if entity @s[tag=aj.living_root.bone.4] run data modify entity @s {} merge value {transformation:[-1.1625695598009598f,0.07929353423892695f,-0.05705843638949671f,-0.7543348683250221f,0.02739747014143878f,0.9187347552290187f,0.7185310983355107f,2.9294101652070594f,0.09376837614656174f,0.7146678221896424f,-0.9173704304547109f,2.080342362425024f,0f,0f,0f,1f],start_interpolation:0}
execute if entity @s[tag=aj.living_root.bone.3] run data modify entity @s {} merge value {transformation:[-0.9964881941151083f,0.0679658864905088f,-0.04890723119099718f,-0.8541597641079569f,0.023483545835518954f,0.7874869330534445f,0.6158837985732948f,1.772788732284813f,0.08037289383991006f,0.6125724190196935f,-0.7863175118183235f,1.1806266219898494f,0f,0f,0f,1f],start_interpolation:0}
execute if entity @s[tag=aj.living_root.bone.2] run data modify entity @s {} merge value {transformation:[-0.9964881941151083f,0.06531313489362342f,-0.052397265191780056f,-0.9337601472595605f,0.023483545835518954f,0.8186405771133376f,0.5738258695619539f,0.7750705289279327f,0.08037289383991006f,0.5705802309175361f,-0.8172994543139556f,0.48523196555910236f,0f,0f,0f,1f],start_interpolation:0}
execute if entity @s[tag=aj.living_root.bone.1] run data modify entity @s {} merge value {transformation:[-0.9964881941151083f,0.05299188219235162f,-0.06483162354069426f,-1f,0.023483545835518954f,0.9200564231423461f,0.39108145099135444f,-0.375f,0.08037289383991006f,0.38818557244728197f,-0.9180698008754968f,-1.2246467991473532e-16f,0f,0f,0f,1f],start_interpolation:0}