execute if entity @s[tag=aj.living_root.bone.6] run data modify entity @s {} merge value {transformation:[-1.4116916083297366f,0.1135963306749436f,-0.03416315373373308f,-0.42654456066693924f,0.03326835660031852f,0.7707677764081131f,1.1881728391713264f,4.137212613629441f,0.11386159960653924f,1.1831979348158637f,-0.7707286342331898f,5.791490155149486f,0f,0f,0f,1f],start_interpolation:0}
execute if entity @s[tag=aj.living_root.bone.5] run data modify entity @s {} merge value {transformation:[-1.1625695598009598f,0.09278139042136681f,-0.03057357235901657f,-0.5657166462989894f,0.027397470141438784f,0.6601464409097761f,0.9615441572258218f,3.1469929522647773f,0.09376837614656174f,0.957449424908044f,-0.6600069707883421f,4.35531601778742f,0f,0f,0f,1f],start_interpolation:0}
execute if entity @s[tag=aj.living_root.bone.4] run data modify entity @s {} merge value {transformation:[-1.1625695598009598f,0.09354991937936533f,-0.028134361898368432f,-0.7060415253680374f,0.027397470141438784f,0.6347499335125638f,0.9784952793175633f,2.1948680519959316f,0.09376837614656174f,0.9743982992601234f,-0.6347176987802741f,2.8937185688972344f,0f,0f,0f,1f],start_interpolation:0}
execute if entity @s[tag=aj.living_root.bone.3] run data modify entity @s {} merge value {transformation:[-0.9964881941151083f,0.08018564518231314f,-0.024115167341458653f,-0.8238141917295598f,0.023483545835518958f,0.5440713715821975f,0.8387102394150542f,1.3957632249845788f,0.08037289383991006f,0.8351985422229629f,-0.5440437418116635f,1.6670207100072578f,0f,0f,0f,1f],start_interpolation:0}
execute if entity @s[tag=aj.living_root.bone.2] run data modify entity @s {} merge value {transformation:[-0.9964881941151083f,0.07804640537588575f,-0.030332121539933275f,-0.9189332482814206f,0.023483545835518958f,0.6081986280804398f,0.7934374278265818f,0.6545211470115428f,0.08037289383991006f,0.7899387238317753f,-0.6078955588971058f,0.7042828903372815f,0f,0f,0f,1f],start_interpolation:0}
execute if entity @s[tag=aj.living_root.bone.1] run data modify entity @s {} merge value {transformation:[-0.9964881941151083f,0.06485340137486348f,-0.052965227454635076f,-1f,0.023483545835518958f,0.8236169176092343f,0.5666601239745523f,-0.375f,0.08037289383991006f,0.5634263122698253f,-0.8222475226948536f,-1.2246467991473532e-16f,0f,0f,0f,1f],start_interpolation:0}