execute if entity @s[tag=aj.living_root.bone.6] run data modify entity @s {} merge value {transformation:[-1.411692876805969f,0.11053796585198716f,0.04300028052275553f,-0.4105313751102179f,0.03325507792201597f,-0.12412023620385827f,1.4108269600491556f,-0.010682941622624023f,0.11384975104114803f,1.4068830688847054f,0.12108967386967943f,7.202767324422836f,0f,0f,0f,1f],start_interpolation:0}
execute if entity @s[tag=aj.living_root.bone.5] run data modify entity @s {} merge value {transformation:[-1.1625706044284454f,0.09248927396029513f,0.03140756329752243f,-0.5492652860506606f,0.027386534759307274f,-0.051439865289598624f,1.1652102939315185f,0.06647685631177391f,0.09375861850447485f,1.1618566114509985f,0.04908815534166001f,5.459982407246338f,0f,0f,0f,1f],start_interpolation:0}
execute if entity @s[tag=aj.living_root.bone.4] run data modify entity @s {} merge value {transformation:[-1.1625706044284454f,0.09103126599575413f,0.035411995724622204f,-0.6858121850442919f,0.027386534759307274f,-0.10221666510905976f,1.1618574965110695f,0.21980185397536356f,0.09375861850447485f,1.1586095861403458f,0.09972090789267718f,3.722068028035819f,0f,0f,0f,1f],start_interpolation:0}
execute if entity @s[tag=aj.living_root.bone.3] run data modify entity @s {} merge value {transformation:[-0.996489089510096f,0.07802679942493211f,0.030353139192533317f,-0.8004140466996609f,0.023474172650834804f,-0.08761428437919408f,0.9958778541523453f,0.34848533415730487f,0.08036453014669273f,0.9930939309774391f,0.085475063908009f,2.2634613169127054f,0f,0f,0f,1f],start_interpolation:0}
execute if entity @s[tag=aj.living_root.bone.2] run data modify entity @s {} merge value {transformation:[-0.996489089510096f,0.08132114902002051f,0.01990892285894707f,-0.8995241970678108f,0.023474172650834804f,0.04312341218808585f,0.9987939399794208f,0.2959286755530752f,0.08036453014669273f,0.9957546093507776f,-0.04488095644013429f,1.0498853867664448f,0f,0f,0f,1f],start_interpolation:0}
execute if entity @s[tag=aj.living_root.bone.1] run data modify entity @s {} merge value {transformation:[-0.996489089510096f,0.0803806423457513f,-0.023418941552177372f,-1f,0.023474172650834804f,0.5367429404424602f,0.8434192190740855f,-0.375f,0.08036453014669273f,0.8399083094131561f,-0.5367453530986879f,-1.2246467991473532e-16f,0f,0f,0f,1f],start_interpolation:0}