execute if entity @s[tag=aj.living_root.bone.6] run data modify entity @s {} merge value {transformation:[-1.4116916083297366f,0.11852987568460924f,0.004681451274646494f,-0.38968956112286957f,0.03326835660031852f,0.34194401164212274f,1.3743769329393045f,2.167099928115617f,0.11386159960653924f,1.369660325013734f,-0.34352667241825247f,6.8240622018458374f,0f,0f,0f,1f],start_interpolation:0}
execute if entity @s[tag=aj.living_root.bone.5] run data modify entity @s {} merge value {transformation:[-1.1625695598009598f,0.09768792417195798f,0.0004463253162246855f,-0.5362214473808066f,0.02739747014143879f,0.32093004738805875f,1.1213226094324766f,1.685704857033529f,0.09376837614656174f,1.1173952233948308f,-0.32209706220387174f,5.147969366753591f,0f,0f,0f,1f],start_interpolation:0}
execute if entity @s[tag=aj.living_root.bone.4] run data modify entity @s {} merge value {transformation:[-1.1625695598009598f,0.09761283879908998f,0.0038553128144147597f,-0.6826407055794416f,0.02739747014143879f,0.28160095076410113f,1.1318398271264862f,1.2633034308873772f,0.09376837614656174f,1.1279555617760164f,-0.28290431846209024f,3.456036024089566f,0f,0f,0f,1f],start_interpolation:0}
execute if entity @s[tag=aj.living_root.bone.3] run data modify entity @s {} merge value {transformation:[-0.9964881941151083f,0.08366814754207712f,0.0033045538409269366f,-0.8055282972818674f,0.02348354583551896f,0.2413722435120867f,0.9701484232512739f,0.9087879482289999f,0.08037289383991006f,0.9668190529508711f,-0.24248941582464878f,2.036020540067974f,0f,0f,0f,1f],start_interpolation:0}
execute if entity @s[tag=aj.living_root.bone.2] run data modify entity @s {} merge value {transformation:[-0.9964881941151083f,0.0835552246102762f,-0.005459251737799452f,-0.9073612272756415f,0.02348354583551896f,0.34145810493092554f,0.9396035789906145f,0.4926358828444344f,0.08037289383991006f,0.9361756710240379f,-0.34222114329551767f,0.8950564410074279f,0f,0f,0f,1f],start_interpolation:0}
execute if entity @s[tag=aj.living_root.bone.1] run data modify entity @s {} merge value {transformation:[-0.9964881941151083f,0.07411101817948682f,-0.03897224619662239f,-1f,0.02348354583551896f,0.6941087062755475f,0.7194870582209778f,-0.375f,0.08037289383991006f,0.7160451528059424f,-0.6934115207284295f,-1.2246467991473532e-16f,0f,0f,0f,1f],start_interpolation:0}