execute if entity @s[tag=aj.living_root.bone.6] run data modify entity @s {} merge value {transformation:[-1.4153183139076317f,-0.05481206460033773f,0.028533354803649616f,-0.9228708815575092f,0f,-0.6541438687496316f,-1.2565986803358138f,-2.31739935845808f,0.061794132100892483f,-1.2554026768316042f,0.6535212687329958f,1.7665472457639968f,0f,0f,0f,1f],start_interpolation:0}
execute if entity @s[tag=aj.living_root.bone.5] run data modify entity @s {} merge value {transformation:[-1.1655562585121675f,-0.021506741277621207f,0.04612135550746731f,-0.8906107696410773f,0f,-1.0573590848760919f,-0.49305463869748245f,-0.7313607311439423f,0.05088928525955853f,-0.4925853599334052f,1.0563527133188801f,2.5054252856641046f,0f,0f,0f,1f],start_interpolation:0}
execute if entity @s[tag=aj.living_root.bone.4] run data modify entity @s {} merge value {transformation:[-1.1655562585121675f,0.00443529345469429f,0.05069563616525062f,-0.8972637098231188f,0f,-1.1622271477737032f,0.10168169987226802f,1.0119799905166122f,0.05088928525955853f,0.10158492142480968f,1.161120965057473f,2.35304790352689f,0f,0f,0f,1f],start_interpolation:0}
execute if entity @s[tag=aj.living_root.bone.3] run data modify entity @s {} merge value {transformation:[-0.9990482215818578f,0.04029905920751524f,0.01669241687462915f,-0.9564529530341568f,0f,-0.3826834323650896f,0.9238795325112867f,1.5740462818028376f,0.043619387365335875f,0.9230002039112792f,0.38231920253318386f,0.9973913540321985f,0f,0f,0f,1f],start_interpolation:0}
execute if entity @s[tag=aj.living_root.bone.2] run data modify entity @s {} merge value {transformation:[-0.9990482215818578f,0.035730910330948294f,-0.025019052760825205f,-1f,0f,0.5735764363510463f,0.8191520442889917f,0.875f,0.043619387365335875f,0.8183723930520603f,-0.5730305186777724f,-1.2246467991473532e-16f,0f,0f,0f,1f],start_interpolation:0}
execute if entity @s[tag=aj.living_root.bone.1] run data modify entity @s {} merge value {transformation:[-0.9990482215818578f,0f,-0.043619387365335875f,-1f,0f,1f,0f,-0.375f,0.043619387365335875f,0f,-0.9990482215818578f,-1.2246467991473532e-16f,0f,0f,0f,1f],start_interpolation:0}