execute if entity @s[tag=aj.living_root.bone.6] run data modify entity @s {} merge value {transformation:[-1.4116966808889033f,0.11806405095209546f,0.01085382349585261f,-0.39580868872027447f,0.03321524174738118f,0.2693312652862442f,1.390432257141432f,0.6585369613986445f,0.11381420529688346f,1.385808786902629f,-0.2711545265352344f,7.192473791759705f,0f,0f,0f,1f],start_interpolation:0}
execute if entity @s[tag=aj.living_root.bone.5] run data modify entity @s {} merge value {transformation:[-1.1625737372026264f,0.09685804186053577f,0.012326248609068466f,-0.5410957515110781f,0.027353728497843326f,0.18170501998629704f,1.1521051038686343f,0.385979431419199f,0.09372934553860993f,1.1483522615251096f,-0.18333849662899987f,5.46994539947204f,0f,0f,0f,1f],start_interpolation:0}
execute if entity @s[tag=aj.living_root.bone.4] run data modify entity @s {} merge value {transformation:[-1.1625737372026264f,0.0947721323104001f,0.023487435261643208f,-0.6832539499766783f,0.027353728497843326f,0.046725156757995774f,1.1654096465939854f,0.31589169628220537f,0.09372934553860993f,1.1618718146914453f,-0.04878326681991612f,3.727137677434873f,0f,0f,0f,1f],start_interpolation:0}
execute if entity @s[tag=aj.living_root.bone.3] run data modify entity @s {} merge value {transformation:[-0.9964917747451083f,0.0798214097420818f,0.025153238601243348f,-0.800491645535361f,0.02344605299815142f,-0.02225335946697165f,0.999477398739582f,0.34857631799932f,0.08033943903309422f,0.9965607510529504f,0.02030379266608339f,2.263439074325852f,0f,0f,0f,1f],start_interpolation:0}
execute if entity @s[tag=aj.living_root.bone.2] run data modify entity @s {} merge value {transformation:[-0.9964917747451083f,0.08129560649141486f,0.019878813609906794f,-0.8995706659467728f,0.02344605299815142f,0.04316323615621814f,0.9987928802526229f,0.2959711239339291f,0.08033943903309422f,0.9957549695631529f,-0.04491787089936666f,1.0498627051707594f,0f,0f,0f,1f],start_interpolation:0}
execute if entity @s[tag=aj.living_root.bone.1] run data modify entity @s {} merge value {transformation:[-0.9964917747451083f,0.08034346724258179f,-0.023432245662432297f,-1f,0.02344605299815142f,0.5367768991471433f,0.8433983893396912f,-0.375f,0.08033943903309422f,0.8398901641366077f,-0.5367775020643377f,-1.2246467991473532e-16f,0f,0f,0f,1f],start_interpolation:0}