execute if entity @s[tag=aj.living_root.bone.6] run data modify entity @s {} merge value {transformation:[-1.4122976757933174f,0.06322776692101002f,-0.09144380177693903f,-0.4975463472501942f,0.029062803758595185f,1.3346986391570659f,0.4740035237362793f,4.702517635122632f,0.10730830737145688f,0.47066573761736974f,-1.3318795497516336f,5.237686076031965f,0f,0f,0f,1f],start_interpolation:0}
execute if entity @s[tag=aj.living_root.bone.5] run data modify entity @s {} merge value {transformation:[-1.163068674182732f,0.0654824427013862f,-0.06398765462018827f,-0.5957700113022735f,0.023934073683548978f,1.0044854480196275f,0.5929142062261873f,3.195789463093191f,0.08837154724708216f,0.5897729609992131f,-1.0027309884622537f,4.353026634533145f,0f,0f,0f,1f],start_interpolation:0}
execute if entity @s[tag=aj.living_root.bone.4] run data modify entity @s {} merge value {transformation:[-1.163068674182732f,0.07981240624091006f,-0.044859224870351544f,-0.7154886206636386f,0.023934073683548978f,0.8168009476905225f,0.8326911090433748f,1.9705880415574075f,0.08837154724708216f,0.8292028116046227f,-0.815919283982954f,3.109222417126211f,0f,0f,0f,1f],start_interpolation:0}
execute if entity @s[tag=aj.living_root.bone.3] run data modify entity @s {} merge value {transformation:[-0.9969160064423418f,0.0743664386675341f,-0.025062100848902827f,-0.8247143274565794f,0.020514920300184838f,0.5552179578457376f,0.8314518370481153f,1.1551116659714804f,0.07574704049749899f,0.8283734979376854f,-0.5550312908029182f,1.8925488420302354f,0f,0f,0f,1f],start_interpolation:0}
execute if entity @s[tag=aj.living_root.bone.2] run data modify entity @s {} merge value {transformation:[-0.9969160064423418f,0.0758463542344749f,-0.020144643168625215f,-0.9171520716798456f,0.020514920300184838f,0.4996496416315862f,0.8659846266894722f,0.5461636652329848f,0.07574704049749899f,0.8629006699306508f,-0.4996647072678881f,0.8408886505522547f,0f,0f,0f,1f],start_interpolation:0}
execute if entity @s[tag=aj.living_root.bone.1] run data modify entity @s {} merge value {transformation:[-0.9969160064423418f,0.06627834265612353f,-0.042019726246254406f,-1f,0.020514920300184838f,0.7369309321863878f,0.6756566726022755f,-0.375f,0.07574704049749899f,0.6727109204418038f,-0.7360179368563047f,-1.2246467991473532e-16f,0f,0f,0f,1f],start_interpolation:0}