execute if entity @s[tag=aj.living_root.bone.6] run data modify entity @s {} merge value {transformation:[-1.411695413085553f,0.11051776083496909f,0.0429689382889384f,-0.4106556383972243f,0.033228520495543354f,-0.12408281563090878f,1.410830877438975f,-0.010490870951506998f,0.11382605388631935f,1.4068879571058865f,0.1210551529326126f,7.202767775432916f,0f,0f,0f,1f],start_interpolation:0}
execute if entity @s[tag=aj.living_root.bone.5] run data modify entity @s {} merge value {transformation:[-1.162572693129279f,0.09247152450058961f,0.031382502414294244f,-0.5493629251481087f,0.027364663937506292f,-0.05140893695818705f,1.1652121727305842f,0.06662253448577357f,0.0937391032004983f,1.1618593931575703f,0.04905957779883882f,5.45997868569656f,0f,0f,0f,1f],start_interpolation:0}
execute if entity @s[tag=aj.living_root.bone.4] run data modify entity @s {} merge value {transformation:[-1.162572693129279f,0.09101462656997454f,0.0353861844732434f,-0.6858848650030704f,0.027364663937506292f,-0.10218584816663076f,1.1618607225968032f,0.2199013067357197f,0.0937391032004983f,1.1586136117342596f,0.09969247888568097f,3.7220582680951706f,0f,0f,0f,1f],start_interpolation:0}
execute if entity @s[tag=aj.living_root.bone.3] run data modify entity @s {} merge value {transformation:[-0.9964908798250963f,0.07801253705997817f,0.03033101526278005f,-0.8004657788099134f,0.02345542623214825f,-0.08758786985711207f,0.9958806193686883f,0.34854599058835306f,0.08034780274328425f,0.9930973814865082f,0.08545069618772655f,2.2634464890368617f,0f,0f,0f,1f],start_interpolation:0}
execute if entity @s[tag=aj.living_root.bone.2] run data modify entity @s {} merge value {transformation:[-0.9964908798250963f,0.08130412091926825f,0.019888849814669287f,-0.8995551761802716f,0.02345542623214825f,0.043149961663429603f,0.9987932337519679f,0.2959569748110482f,0.08034780274328425f,0.9957548497145217f,-0.044905566073001724f,1.0498702659472883f,0f,0f,0f,1f],start_interpolation:0}
execute if entity @s[tag=aj.living_root.bone.1] run data modify entity @s {} merge value {transformation:[-0.9964908798250963f,0.08035585905578277f,-0.0234278112680771f,-1f,0.02345542623214825f,0.5367655798488385f,0.8434053327254984f,-0.375f,0.08034780274328425f,0.8398962127578309f,-0.5367667858478009f,-1.2246467991473532e-16f,0f,0f,0f,1f],start_interpolation:0}