execute if entity @s[tag=aj.living_root.bone.6] run data modify entity @s {} merge value {transformation:[-1.4150131075170969f,-0.04615373181380484f,-0.05051913537376049f,-1.2999232031228969f,0.00415923679319479f,0.9859578120300911f,-1.017258245525971f,3.2208020371673984f,0.0683011767728133f,-1.0162192039028481f,-0.984671479893144f,-6.432554701990479f,0f,0f,0f,1f],start_interpolation:0}
execute if entity @s[tag=aj.living_root.bone.5] run data modify entity @s {} merge value {transformation:[-1.1653049120729035f,-0.046313751303373014f,-0.03210310654879516f,-1.2304525761678373f,0.003425253829689828f,0.6051924416692452f,-0.9974174087581037f,2.3130133746635306f,0.05624802793055215f,-0.9963474575155685f,-0.6043500760050399f,-4.938033515717126f,0f,0f,0f,1f],start_interpolation:0}
execute if entity @s[tag=aj.living_root.bone.4] run data modify entity @s {} merge value {transformation:[-1.1653049120729035f,-0.047003055463349215f,-0.031085137718583414f,-1.1599479929728136f,0.003425253829689828f,0.5832898761531564f,-1.010382253963592f,1.4380785604337962f,0.05624802793055215f,-1.0092941812303566f,-0.5824710518125163f,-3.4240922438715913f,0f,0f,0f,1f],start_interpolation:0}
execute if entity @s[tag=aj.living_root.bone.3] run data modify entity @s {} merge value {transformation:[-0.9988327817767744f,-0.04430301510250859f,-0.019243619745192793f,-1.0948779395410042f,0.0029359318540198524f,0.3419805901211793f,-0.939702429647023f,0.9357945686933142f,0.048212595369044695f,-0.9386620898029262f,-0.34145135351113187f,-2.045432299473543f,0f,0f,0f,1f],start_interpolation:0}
execute if entity @s[tag=aj.living_root.bone.2] run data modify entity @s {} merge value {transformation:[-0.9988327817767744f,-0.0434214535448986f,-0.021157774460441058f,-1.041958043033159f,0.0029359318540198524f,0.3826443446629998f,-0.9238910573230871f,0.4694467736352832f,0.048212595369044695f,-0.922874792628703f,-0.3820702327822847f,-0.9206786459573114f,0f,0f,0f,1f],start_interpolation:0}
execute if entity @s[tag=aj.living_root.bone.1] run data modify entity @s {} merge value {transformation:[-0.9988327817767744f,-0.03356643442652711f,-0.0347328162975641f,-1f,0.0029359318540198524f,0.6755574189082265f,-0.7373015353721999f,-0.375f,0.048212595369044695f,-0.736542916765849f,-0.6746703472139829f,-1.2246467991473532e-16f,0f,0f,0f,1f],start_interpolation:0}