execute if entity @s[tag=aj.living_root.bone.6] run data modify entity @s {} merge value {transformation:[-1.4116916083297366f,0.06848219251263339f,-0.09685781705421832f,-0.6553893160029167f,0.03326835660031852f,1.3388855394492292f,0.4617609480535404f,6.712142213722366f,0.11386159960653924f,0.45786476825243194f,-1.3357918380393823f,2.2018523994262265f,0f,0f,0f,1f],start_interpolation:0}
execute if entity @s[tag=aj.living_root.bone.5] run data modify entity @s {} merge value {transformation:[-1.1625695598009598f,0.05569887790498297f,-0.08025437517942505f,-0.7389376328603912f,0.02739747014143879f,1.1058881087844583f,0.37063726281917997f,5.0533100505456785f,0.09376837614656174f,0.3674509994004245f,-1.103312451568266f,1.6506759003255898f,0f,0f,0f,1f],start_interpolation:0}
execute if entity @s[tag=aj.living_root.bone.4] run data modify entity @s {} merge value {transformation:[-1.1625695598009598f,0.05639709971628632f,-0.07976526110347393f,-0.8235332824348206f,0.02739747014143879f,1.1026116207228946f,0.3802737219264451f,3.399392619461336f,0.09376837614656174f,0.3770651032667086f,-1.100063866620668f,1.0850782454255268f,0f,0f,0f,1f],start_interpolation:0}
execute if entity @s[tag=aj.living_root.bone.3] run data modify entity @s {} merge value {transformation:[-0.9964881941151083f,0.048340371185388274f,-0.06837022380297765f,-0.8945332026133597f,0.02348354583551896f,0.9450956749053383f,0.3259489045083815f,2.0112833469441207f,0.08037289383991006f,0.3231986599428931f,-0.9429118856748581f,0.6103802136344025f,0f,0f,0f,1f],start_interpolation:0}
execute if entity @s[tag=aj.living_root.bone.2] run data modify entity @s {} merge value {transformation:[-0.9964881941151083f,0.04653408233322248f,-0.06961219843256813f,-0.9512466154569745f,0.02348354583551896f,0.9533041618461633f,0.3010974893315705f,0.8494438996941092f,0.08037289383991006f,0.2984053521440073f,-0.951049127935886f,0.24669869070889355f,0f,0f,0f,1f],start_interpolation:0}
execute if entity @s[tag=aj.living_root.bone.1] run data modify entity @s {} merge value {transformation:[-0.9964881941151083f,0.0390027076344204f,-0.07409499164177222f,-1f,0.02348354583551896f,0.9795551197552873f,0.199800626716224f,-0.375f,0.08037289383991006f,0.19735895256711494f,-0.977031034193597f,-1.2246467991473532e-16f,0f,0f,0f,1f],start_interpolation:0}