execute if entity @s[tag=aj.living_root.bone.6] run data modify entity @s {} merge value {transformation:[-1.4128554019730697f,-0.006962466116670538f,-0.1036126518603479f,-0.7005573637423752f,0.024919879011039585f,1.3494466857125142f,-0.4304847111036924f,6.361004698665774f,0.10081198931691902f,-0.4311491747986175f,-1.345693789955531f,2.531531475951797f,0f,0f,0f,1f],start_interpolation:0}
execute if entity @s[tag=aj.living_root.bone.5] run data modify entity @s {} merge value {transformation:[-1.1635279780954695f,0.017277673778123486f,-0.08375701337199681f,-0.7264738744095605f,0.020522253303209073f,1.1656317288460294f,-0.04463878288984156f,4.612557105396729f,0.08302163826099215f,-0.0459920189526862f,-1.1627997475422103f,2.6005195043808262f,0f,0f,0f,1f],start_interpolation:0}
execute if entity @s[tag=aj.living_root.bone.4] run data modify entity @s {} merge value {transformation:[-1.1635279780954695f,0.043818795804933634f,-0.07344159880058194f,-0.7922020681169609f,0.020522253303209073f,1.1156735705804386f,0.3405325713331471f,2.9390467495260717f,0.08302163826099215f,0.3383245603759968f,-1.1134428636162526f,2.0930326638168313f,0f,0f,0f,1f],start_interpolation:0}
execute if entity @s[tag=aj.living_root.bone.3] run data modify entity @s {} merge value {transformation:[-0.9973096955104023f,0.051930906451472046f,-0.051735405633638466f,-0.8684755869675604f,0.01759050283132206f,0.8546957013982674f,0.5188312174700599f,1.6837124380973667f,0.07116140422370755f,0.5165253517170786f,-0.8533098004725237f,1.3343860534823722f,0f,0f,0f,1f],start_interpolation:0}
execute if entity @s[tag=aj.living_root.bone.2] run data modify entity @s {} merge value {transformation:[-0.9973096955104023f,0.05823945584811466f,-0.04451445858891419f,-0.9394549237824502f,0.01759050283132206f,0.7796625979683366f,0.6259527198913709f,0.7334986468234563f,0.07116140422370755f,0.6234856847689282f,-0.778589529493642f,0.5745128751702411f,0f,0f,0f,1f],start_interpolation:0}
execute if entity @s[tag=aj.living_root.bone.1] run data modify entity @s {} merge value {transformation:[-0.9973096955104023f,0.048436060974039824f,-0.055021079944578964f,-1f,0.01759050283132206f,0.886798917458765f,0.461820586596249f,-0.375f,0.07116140422370755f,0.459610300136193f,-0.8852651730174573f,-1.2246467991473532e-16f,0f,0f,0f,1f],start_interpolation:0}