execute if entity @s[tag=aj.living_root.bone.6] run data modify entity @s {} merge value {transformation:[-1.4133710987760468f,-0.06529802393778482f,-0.07115300175575433f,-0.9347896190989752f,0.020773487525921317f,0.813762322051227f,-1.159441154121351f,6.615789486363131f,0.09431353988184459f,-1.1577873275019293f,-0.8109117738171889f,-0.562555604975588f,0f,0f,0f,1f],start_interpolation:0}
execute if entity @s[tag=aj.living_root.bone.5] run data modify entity @s {} merge value {transformation:[-1.163952669580274f,-0.03049060937809218f,-0.07345486251989798f,-0.8890537050318369f,0.017107577962523438f,0.9563142060832764f,-0.6680430982583986f,5.181318177238216f,0.0776699740203426f,-0.6675661563427078f,-0.9536424451295222f,0.43879362953847384f,0f,0f,0f,1f],start_interpolation:0}
execute if entity @s[tag=aj.living_root.bone.4] run data modify entity @s {} merge value {transformation:[-1.163952669580274f,0.0010970161217606536f,-0.07952415132331254f,-0.8906992292144779f,0.017107577962523438f,1.142701461326346f,-0.2346312259056768f,3.467265985248697f,0.0776699740203426f,-0.23525152061011873f,-1.1400593003424941f,0.7916709104536519f,0f,0f,0f,1f],start_interpolation:0}
execute if entity @s[tag=aj.living_root.bone.3] run data modify entity @s {} merge value {transformation:[-0.997673716783092f,0.021796996369103726f,-0.06459137550397841f,-0.922713567631599f,0.014663638253591519f,0.9939421309352539f,0.10892207336006077f,2.0074134804375428f,0.06657426344600795f,0.10772154520416025f,-0.9919495633072528f,0.6334548909350415f,0f,0f,0f,1f],start_interpolation:0}
execute if entity @s[tag=aj.living_root.bone.2] run data modify entity @s {} merge value {transformation:[-0.997673716783092f,0.0339793254423554f,-0.059097887294666994f,-0.9641258705144696f,0.014663638253591519f,0.9535941692274388f,0.3007376566521039f,0.8452205866916018f,0.06657426344600795f,0.29917146564790137f,-0.9518740996522114f,0.26883966717666163f,0f,0f,0f,1f],start_interpolation:0}
execute if entity @s[tag=aj.living_root.bone.1] run data modify entity @s {} merge value {transformation:[-0.997673716783092f,0.028699303588424322f,-0.06183449533836367f,-1f,0.014663638253591519f,0.9761764693532815f,0.21648205097450834f,-0.375f,0.06657426344600795f,0.21507173374132937f,-0.9743264426218352f,-1.2246467991473532e-16f,0f,0f,0f,1f],start_interpolation:0}