execute if entity @s[tag=aj.living_root.bone.6] run data modify entity @s {} merge value {transformation:[-1.4116941450579081f,0.11052786353977131f,0.04298460928052668f,-0.4105935058487881f,0.033241799220422905f,-0.12410152582650498f,1.4108289189397014f,-0.010586905689705384f,0.11383790246774113f,1.406885513150701f,0.12107241342633773f,7.2027675507318065f,0f,0f,0f,1f],start_interpolation:0}
execute if entity @s[tag=aj.living_root.bone.5] run data modify entity @s {} merge value {transformation:[-1.1625716488712186f,0.09248039938744002f,0.031395032745750395f,-0.5493141049299481f,0.02737559935799534f,-0.05142440104209532f,1.1652112334887454f,0.06654969587343759f,0.09374886085578683f,1.161858002433048f,0.049073866585393366f,5.4599805470822345f,0f,0f,0f,1f],start_interpolation:0}
execute if entity @s[tag=aj.living_root.bone.4] run data modify entity @s {} merge value {transformation:[-1.1625716488712186f,0.09102294644451757f,0.03539908999572785f,-0.6858485245967245f,0.02737559935799534f,-0.10220125656300412f,1.1618591097150484f,0.21985158071794375f,0.09374886085578683f,1.1586115990652832f,0.0997066934099252f,3.7220631484843096f,0f,0f,0f,1f],start_interpolation:0}
execute if entity @s[tag=aj.living_root.bone.3] run data modify entity @s {} merge value {transformation:[-0.9964899847467588f,0.07801966838101505f,0.0303420771391953f,-0.8004399125313404f,0.023464799449710288f,-0.08760107705400352f,0.9958792368986128f,0.3485156626410114f,0.08035616644781728f,0.9930956563416713f,0.08546288006565017f,2.26345390323248f,0f,0f,0f,1f],start_interpolation:0}
execute if entity @s[tag=aj.living_root.bone.2] run data modify entity @s {} merge value {transformation:[-0.9964899847467588f,0.08131263509547237f,0.019898886231017893f,-0.8995396865539473f,0.023464799449710288f,0.0431366870073836f,0.9987935869942357f,0.29594282535076266f,0.08035616644781728f,0.9957547296437299f,-0.044893261253256156f,1.0498778264791844f,0f,0f,0f,1f],start_interpolation:0}
execute if entity @s[tag=aj.living_root.bone.1] run data modify entity @s {} merge value {transformation:[-0.9964899847467588f,0.08036825075684213f,-0.023423376564658305f,-1f,0.023464799449710288f,0.5367542602806101f,0.8434122759702991f,-0.375f,0.08035616644781728f,0.8399022611833478f,-0.5367560695259164f,-1.2246467991473532e-16f,0f,0f,0f,1f],start_interpolation:0}