execute if entity @s[tag=aj.living_root.bone.6] run data modify entity @s {} merge value {transformation:[-1.4142763027413814f,-0.08136547712399742f,-0.012109627615952414f,-1.2673617010792764f,0.01247150050940877f,-0.0059442611784158135f,-1.4165992982768734f,3.718327819827574f,0.08131079647658485f,-1.4143156540659056f,0.006650525160945366f,-5.278182931227235f,0f,0f,0f,1f],start_interpolation:0}
execute if entity @s[tag=aj.living_root.bone.5] run data modify entity @s {} merge value {transformation:[-1.164698131669373f,-0.06625550691480765f,-0.014127313985501324f,-1.1679784407070648f,0.010270647478336637f,0.06778574574454971f,-1.1646504701348563f,3.6166492012107496f,0.06696183239248164f,-1.1628097056648727f,-0.0670880952578329f,-3.5339683727299263f,0f,0f,0f,1f],start_interpolation:0}
execute if entity @s[tag=aj.living_root.bone.4] run data modify entity @s {} merge value {transformation:[-1.164698131669373f,-0.05869640946237237f,-0.033824616970611655f,-1.0799338265135063f,0.010270647478336637f,0.422783871465725f,-1.0873175354697173f,2.982473394012162f,0.06696183239248164f,-1.0857806595513617f,-0.4215537729139219f,-1.9052973834028837f,0f,0f,0f,1f],start_interpolation:0}
execute if entity @s[tag=aj.living_root.bone.3] run data modify entity @s {} merge value {transformation:[-0.998312684288034f,-0.03334466754743565f,-0.04753858996406187f,-1.0309588460532102f,0.008803412124288545f,0.7223079100656703f,-0.6915155695944477f,1.9215836511032087f,0.05739585633641284f,-0.6907672663080631f,-0.7207956017295717f,-0.890732961012916f,0f,0f,0f,1f],start_interpolation:0}
execute if entity @s[tag=aj.living_root.bone.2] run data modify entity @s {} merge value {transformation:[-0.998312684288034f,-0.016294291419350192f,-0.05573401525784323f,-1.011100178385877f,0.008803412124288545f,0.9062555177530748f,-0.4226386594681989f,0.8170847388416489f,0.05739585633641284f,-0.4224161841232501f,-0.9045829332162764f,-0.375913236612705f,0f,0f,0f,1f],start_interpolation:0}
execute if entity @s[tag=aj.living_root.bone.1] run data modify entity @s {} merge value {transformation:[-0.998312684288034f,-0.008880142708701582f,-0.05738403484500986f,-1f,0.008803412124288545f,0.9536677910733191f,-0.30073284523694127f,-0.375f,0.05739585633641284f,-0.3007305892901639f,-0.951980476869458f,-1.2246467991473532e-16f,0f,0f,0f,1f],start_interpolation:0}