execute if entity @s[tag=aj.living_root.bone.6] run data modify entity @s {} merge value {transformation:[-1.4116979484679586f,0.1133724119869785f,-0.03464163587441911f,-0.38618249391456694f,0.033201962975940476f,0.7755319399408929f,1.1850705819614726f,1.9680525303700258f,0.11380235669943439f,1.1801022628468323f,-0.7754689660314492f,6.930708586234535f,0f,0f,0f,1f],start_interpolation:0}
execute if entity @s[tag=aj.living_root.bone.5] run data modify entity @s {} merge value {transformation:[-1.1625747810912601f,0.0959948559883721f,-0.01777574486460222f,-0.5301747778971251f,0.027342793039009806f,0.5240882790571604f,1.041966870171428f,1.1819201117842855f,0.09371958787012245f,1.0378957435550968f,-0.5244999289521197f,5.37386497090189f,0f,0f,0f,1f],start_interpolation:0}
execute if entity @s[tag=aj.living_root.bone.4] run data modify entity @s {} merge value {transformation:[-1.1625747810912601f,0.097625042638581f,0.0005835507989633849f,-0.6766123418549965f,0.027342793039009806f,0.31890747143825143f,1.121900845636903f,0.7035589046269084f,0.09371958787012245f,1.1179796450838395f,-0.32007696439884314f,3.696895503276131f,0f,0f,0f,1f],start_interpolation:0}
execute if entity @s[tag=aj.living_root.bone.3] run data modify entity @s {} merge value {transformation:[-0.9964926695067944f,0.0829670005575604f,0.010901212671277883f,-0.7984701239239134f,0.02343667974772269f,0.1516553048958159f,0.9881555497690431f,0.4808151755611788f,0.08033107531724781f,0.9849452499075464f,-0.15306787064219507f,2.2502571674744223f,0f,0f,0f,1f],start_interpolation:0}
execute if entity @s[tag=aj.living_root.bone.2] run data modify entity @s {} merge value {transformation:[-0.9964926695067944f,0.0829670005575604f,0.010901212671277888f,-0.8995861558534402f,0.02343667974772269f,0.15165530489581586f,0.9881555497690431f,0.2959852727194032f,0.08033107531724781f,0.9849452499075464f,-0.15306787064219501f,1.0498551441496002f,0f,0f,0f,1f],start_interpolation:0}
execute if entity @s[tag=aj.living_root.bone.1] run data modify entity @s {} merge value {transformation:[-0.9964926695067944f,0.0803310753172479f,-0.02343667974772242f,-1f,0.02343667974772269f,0.5367882181755226f,0.843391445812886f,-0.375f,0.08033107531724781f,0.8398841153196804f,-0.5367882181755226f,-1.2246467991473532e-16f,0f,0f,0f,1f],start_interpolation:0}