execute if entity @s[tag=aj.active_beacon_core.bone.exterior] run data modify entity @s {} merge value {transformation:[-3.9317165951462307f,2.4665788114007823f,2.161479489285159f,0f,2.1614794892851585f,4.486690201824581f,-1.1882834048537685f,1.5f,-2.4665788114007827f,3.0206878462266507e-16f,-4.486690201824581f,0f,0f,0f,0f,1f],start_interpolation:0}
execute if entity @s[tag=aj.active_beacon_core.bone.1] run data modify entity @s {} merge value {transformation:[-0.9050142424257277f,-0.05221886211851079f,-0.42216396275100737f,0f,0.0522188621185109f,0.9712924376181358f,-0.23208660251050167f,1.5f,0.42216396275100737f,-0.2320866025105017f,-0.8763066800438636f,0f,0f,0f,0f,1f],start_interpolation:0}
execute if entity @s[tag=aj.active_beacon_core.bone.2] run data modify entity @s {} merge value {transformation:[-0.9050142424257277f,-0.05221886211851079f,-0.42216396275100737f,0f,0.0522188621185109f,0.9712924376181358f,-0.23208660251050167f,1.5f,0.42216396275100737f,-0.2320866025105017f,-0.8763066800438636f,0f,0f,0f,0f,1f],start_interpolation:0}
execute if entity @s[tag=aj.active_beacon_core.bone.3] run data modify entity @s {} merge value {transformation:[-0.6239807191597955f,-0.6575907927208153f,-0.42216396275100737f,0f,-0.6268295149378774f,0.7437879860134053f,-0.23208660251050167f,1.5f,0.4666184965467716f,0.11980726685360973f,-0.8763066800438636f,0f,0f,0f,0f,1f],start_interpolation:0}
execute if entity @s[tag=aj.active_beacon_core.bone.4] run data modify entity @s {} merge value {transformation:[-0.8913331759671879f,-0.16523546221865382f,-0.42216396275100737f,0f,-0.06992812114954788f,0.9701782654788894f,-0.23208660251050167f,1.5f,0.4479232381700466f,-0.1773453557828941f,-0.8763066800438636f,0f,0f,0f,0f,1f],start_interpolation:0}
execute if entity @s[tag=aj.active_beacon_core.bone.5] run data modify entity @s {} merge value {transformation:[-0.8913331759671879f,-0.16523546221865382f,-0.42216396275100737f,0f,-0.06992812114954788f,0.9701782654788894f,-0.23208660251050167f,1.5f,0.4479232381700466f,-0.1773453557828941f,-0.8763066800438636f,0f,0f,0f,0f,1f],start_interpolation:0}
execute if entity @s[tag=aj.active_beacon_core.bone.6] run data modify entity @s {} merge value {transformation:[-0.8913331759671879f,-0.16523546221865382f,-0.42216396275100737f,0f,-0.06992812114954788f,0.9701782654788894f,-0.23208660251050167f,1.5f,0.4479232381700466f,-0.1773453557828941f,-0.8763066800438636f,0f,0f,0f,0f,1f],start_interpolation:0}
execute if entity @s[tag=aj.active_beacon_core.bone.7] run data modify entity @s {} merge value {transformation:[-0.6239807191597955f,-0.6575907927208153f,-0.42216396275100737f,0f,-0.6268295149378774f,0.7437879860134053f,-0.23208660251050167f,1.5f,0.4666184965467716f,0.11980726685360973f,-0.8763066800438636f,0f,0f,0f,0f,1f],start_interpolation:0}
execute if entity @s[tag=aj.active_beacon_core.bone.8] run data modify entity @s {} merge value {transformation:[-0.6239807191597955f,-0.6575907927208153f,-0.42216396275100737f,0f,-0.6268295149378774f,0.7437879860134053f,-0.23208660251050167f,1.5f,0.4666184965467716f,0.11980726685360973f,-0.8763066800438636f,0f,0f,0f,0f,1f],start_interpolation:0}
execute if entity @s[tag=aj.active_beacon_core.bone.9] run data modify entity @s {} merge value {transformation:[-0.7679133974894984f,-0.48175367410171527f,-0.42216396275100737f,0f,-0.4221639627510075f,0.8763066800438636f,-0.23208660251050167f,1.5f,0.48175367410171516f,-5.899780949661427e-17f,-0.8763066800438636f,0f,0f,0f,0f,1f],start_interpolation:0}
execute if entity @s[tag=aj.active_beacon_core.bone.10] run data modify entity @s {} merge value {transformation:[-0.6239807191597955f,-0.6575907927208153f,-0.42216396275100737f,0f,-0.6268295149378774f,0.7437879860134053f,-0.23208660251050167f,1.5f,0.4666184965467716f,0.11980726685360973f,-0.8763066800438636f,0f,0f,0f,0f,1f],start_interpolation:0}
execute if entity @s[tag=aj.active_beacon_core.bone.11] run data modify entity @s {} merge value {transformation:[-0.6239807191597955f,-0.6575907927208153f,-0.42216396275100737f,0f,-0.6268295149378774f,0.7437879860134053f,-0.23208660251050167f,1.5f,0.4666184965467716f,0.11980726685360973f,-0.8763066800438636f,0f,0f,0f,0f,1f],start_interpolation:0}
execute if entity @s[tag=aj.active_beacon_core.bone.12] run data modify entity @s {} merge value {transformation:[-0.6239807191597955f,-0.6575907927208153f,-0.42216396275100737f,0f,-0.6268295149378774f,0.7437879860134053f,-0.23208660251050167f,1.5f,0.4666184965467716f,0.11980726685360973f,-0.8763066800438636f,0f,0f,0f,0f,1f],start_interpolation:0}
execute if entity @s[tag=aj.active_beacon_core.bone.13] run data modify entity @s {} merge value {transformation:[-0.6239807191597955f,-0.6575907927208153f,-0.42216396275100737f,0f,-0.6268295149378774f,0.7437879860134053f,-0.23208660251050167f,1.5f,0.4666184965467716f,0.11980726685360973f,-0.8763066800438636f,0f,0f,0f,0f,1f],start_interpolation:0}
execute if entity @s[tag=aj.active_beacon_core.bone.14] run data modify entity @s {} merge value {transformation:[-0.6239807191597955f,-0.6575907927208153f,-0.42216396275100737f,0f,-0.6268295149378774f,0.7437879860134053f,-0.23208660251050167f,1.5f,0.4666184965467716f,0.11980726685360973f,-0.8763066800438636f,0f,0f,0f,0f,1f],start_interpolation:0}
execute if entity @s[tag=aj.active_beacon_core.bone.15] run data modify entity @s {} merge value {transformation:[-0.9050142424257277f,-0.05221886211851079f,-0.42216396275100737f,0f,0.0522188621185109f,0.9712924376181358f,-0.23208660251050167f,1.5f,0.42216396275100737f,-0.2320866025105017f,-0.8763066800438636f,0f,0f,0f,0f,1f],start_interpolation:0}
execute if entity @s[tag=aj.active_beacon_core.bone.16] run data modify entity @s {} merge value {transformation:[-0.9050142424257277f,-0.05221886211851079f,-0.42216396275100737f,0f,0.0522188621185109f,0.9712924376181358f,-0.23208660251050167f,1.5f,0.42216396275100737f,-0.2320866025105017f,-0.8763066800438636f,0f,0f,0f,0f,1f],start_interpolation:0}
execute if entity @s[tag=aj.active_beacon_core.bone.17] run data modify entity @s {} merge value {transformation:[-0.9050142424257277f,-0.05221886211851079f,-0.42216396275100737f,0f,0.0522188621185109f,0.9712924376181358f,-0.23208660251050167f,1.5f,0.42216396275100737f,-0.2320866025105017f,-0.8763066800438636f,0f,0f,0f,0f,1f],start_interpolation:0}
execute if entity @s[tag=aj.active_beacon_core.bone.18] run data modify entity @s {} merge value {transformation:[-0.9050142424257277f,-0.05221886211851079f,-0.42216396275100737f,0f,0.0522188621185109f,0.9712924376181358f,-0.23208660251050167f,1.5f,0.42216396275100737f,-0.2320866025105017f,-0.8763066800438636f,0f,0f,0f,0f,1f],start_interpolation:0}
execute if entity @s[tag=aj.active_beacon_core.bone.19] run data modify entity @s {} merge value {transformation:[-0.9050142424257277f,-0.05221886211851079f,-0.42216396275100737f,0f,0.0522188621185109f,0.9712924376181358f,-0.23208660251050167f,1.5f,0.42216396275100737f,-0.2320866025105017f,-0.8763066800438636f,0f,0f,0f,0f,1f],start_interpolation:0}
execute if entity @s[tag=aj.active_beacon_core.bone.20] run data modify entity @s {} merge value {transformation:[-0.9050142424257277f,-0.05221886211851079f,-0.42216396275100737f,0f,0.0522188621185109f,0.9712924376181358f,-0.23208660251050167f,1.5f,0.42216396275100737f,-0.2320866025105017f,-0.8763066800438636f,0f,0f,0f,0f,1f],start_interpolation:0}
execute if entity @s[tag=aj.active_beacon_core.bone.21] run data modify entity @s {} merge value {transformation:[-0.8913331759671879f,-0.16523546221865382f,-0.42216396275100737f,0f,-0.06992812114954788f,0.9701782654788894f,-0.23208660251050167f,1.5f,0.4479232381700466f,-0.1773453557828941f,-0.8763066800438636f,0f,0f,0f,0f,1f],start_interpolation:0}
execute if entity @s[tag=aj.active_beacon_core.bone.22] run data modify entity @s {} merge value {transformation:[-0.8913331759671879f,-0.16523546221865382f,-0.42216396275100737f,0f,-0.06992812114954788f,0.9701782654788894f,-0.23208660251050167f,1.5f,0.4479232381700466f,-0.1773453557828941f,-0.8763066800438636f,0f,0f,0f,0f,1f],start_interpolation:0}
execute if entity @s[tag=aj.active_beacon_core.bone.23] run data modify entity @s {} merge value {transformation:[-0.8913331759671879f,-0.16523546221865382f,-0.42216396275100737f,0f,-0.06992812114954788f,0.9701782654788894f,-0.23208660251050167f,1.5f,0.4479232381700466f,-0.1773453557828941f,-0.8763066800438636f,0f,0f,0f,0f,1f],start_interpolation:0}
execute if entity @s[tag=aj.active_beacon_core.bone.24] run data modify entity @s {} merge value {transformation:[-0.8913331759671879f,-0.16523546221865382f,-0.42216396275100737f,0f,-0.06992812114954788f,0.9701782654788894f,-0.23208660251050167f,1.5f,0.4479232381700466f,-0.1773453557828941f,-0.8763066800438636f,0f,0f,0f,0f,1f],start_interpolation:0}
execute if entity @s[tag=aj.active_beacon_core.bone.25] run data modify entity @s {} merge value {transformation:[-0.8913331759671879f,-0.16523546221865382f,-0.42216396275100737f,0f,-0.06992812114954788f,0.9701782654788894f,-0.23208660251050167f,1.5f,0.4479232381700466f,-0.1773453557828941f,-0.8763066800438636f,0f,0f,0f,0f,1f],start_interpolation:0}
execute if entity @s[tag=aj.active_beacon_core.bone.26] run data modify entity @s {} merge value {transformation:[-0.8913331759671879f,-0.16523546221865382f,-0.42216396275100737f,0f,-0.06992812114954788f,0.9701782654788894f,-0.23208660251050167f,1.5f,0.4479232381700466f,-0.1773453557828941f,-0.8763066800438636f,0f,0f,0f,0f,1f],start_interpolation:0}
execute if entity @s[tag=aj.active_beacon_core.bone.27] run data modify entity @s {} merge value {transformation:[-0.9050142424257277f,-0.05221886211851079f,-0.42216396275100737f,0f,0.0522188621185109f,0.9712924376181358f,-0.23208660251050167f,1.5f,0.42216396275100737f,-0.2320866025105017f,-0.8763066800438636f,0f,0f,0f,0f,1f],start_interpolation:0}