execute if entity @s[tag=aj.active_beacon_core.bone.exterior] run data modify entity @s {} merge value {transformation:[-3.9317165951462316f,-2.4665788114007827f,-2.161479489285158f,0f,-2.1614794892851585f,4.486690201824581f,-1.188283404853769f,1.5f,2.466578811400782f,-3.020687846226651e-16f,-4.486690201824581f,0f,0f,0f,0f,1f],start_interpolation:0}
execute if entity @s[tag=aj.active_beacon_core.bone.1] run data modify entity @s {} merge value {transformation:[-0.9050142424257276f,0.0522188621185109f,0.42216396275100765f,0f,-0.0522188621185109f,0.9712924376181359f,-0.23208660251050173f,1.5f,-0.42216396275100776f,-0.23208660251050173f,-0.8763066800438636f,0f,0f,0f,0f,1f],start_interpolation:0}
execute if entity @s[tag=aj.active_beacon_core.bone.2] run data modify entity @s {} merge value {transformation:[-0.9050142424257276f,0.0522188621185109f,0.42216396275100765f,0f,-0.0522188621185109f,0.9712924376181359f,-0.23208660251050173f,1.5f,-0.42216396275100776f,-0.23208660251050173f,-0.8763066800438636f,0f,0f,0f,0f,1f],start_interpolation:0}
execute if entity @s[tag=aj.active_beacon_core.bone.3] run data modify entity @s {} merge value {transformation:[0.6239807191597955f,-0.6575907927208154f,0.42216396275100765f,0f,-0.6268295149378776f,-0.7437879860134053f,-0.23208660251050173f,1.5f,0.46661849654677195f,-0.11980726685360991f,-0.8763066800438636f,0f,0f,0f,0f,1f],start_interpolation:0}
execute if entity @s[tag=aj.active_beacon_core.bone.4] run data modify entity @s {} merge value {transformation:[-0.16523546221865326f,-0.8913331759671879f,0.42216396275100765f,0f,-0.9701782654788897f,0.06992812114954716f,-0.23208660251050173f,1.5f,0.17734535578289448f,-0.4479232381700468f,-0.8763066800438636f,0f,0f,0f,0f,1f],start_interpolation:0}
execute if entity @s[tag=aj.active_beacon_core.bone.5] run data modify entity @s {} merge value {transformation:[-0.16523546221865326f,-0.8913331759671879f,0.42216396275100765f,0f,-0.9701782654788897f,0.06992812114954716f,-0.23208660251050173f,1.5f,0.17734535578289448f,-0.4479232381700468f,-0.8763066800438636f,0f,0f,0f,0f,1f],start_interpolation:0}
execute if entity @s[tag=aj.active_beacon_core.bone.6] run data modify entity @s {} merge value {transformation:[-0.16523546221865326f,-0.8913331759671879f,0.42216396275100765f,0f,-0.9701782654788897f,0.06992812114954716f,-0.23208660251050173f,1.5f,0.17734535578289448f,-0.4479232381700468f,-0.8763066800438636f,0f,0f,0f,0f,1f],start_interpolation:0}
execute if entity @s[tag=aj.active_beacon_core.bone.7] run data modify entity @s {} merge value {transformation:[0.6239807191597955f,-0.6575907927208154f,0.42216396275100765f,0f,-0.6268295149378776f,-0.7437879860134053f,-0.23208660251050173f,1.5f,0.46661849654677195f,-0.11980726685360991f,-0.8763066800438636f,0f,0f,0f,0f,1f],start_interpolation:0}
execute if entity @s[tag=aj.active_beacon_core.bone.8] run data modify entity @s {} merge value {transformation:[0.6239807191597955f,-0.6575907927208154f,0.42216396275100765f,0f,-0.6268295149378776f,-0.7437879860134053f,-0.23208660251050173f,1.5f,0.46661849654677195f,-0.11980726685360991f,-0.8763066800438636f,0f,0f,0f,0f,1f],start_interpolation:0}
execute if entity @s[tag=aj.active_beacon_core.bone.9] run data modify entity @s {} merge value {transformation:[-0.7679133974894982f,0.4817536741017153f,0.42216396275100765f,0f,0.42216396275100754f,0.8763066800438636f,-0.23208660251050173f,1.5f,-0.48175367410171543f,5.899780949661428e-17f,-0.8763066800438636f,0f,0f,0f,0f,1f],start_interpolation:0}
execute if entity @s[tag=aj.active_beacon_core.bone.10] run data modify entity @s {} merge value {transformation:[0.6239807191597955f,-0.6575907927208154f,0.42216396275100765f,0f,-0.6268295149378776f,-0.7437879860134053f,-0.23208660251050173f,1.5f,0.46661849654677195f,-0.11980726685360991f,-0.8763066800438636f,0f,0f,0f,0f,1f],start_interpolation:0}
execute if entity @s[tag=aj.active_beacon_core.bone.11] run data modify entity @s {} merge value {transformation:[0.6239807191597955f,-0.6575907927208154f,0.42216396275100765f,0f,-0.6268295149378776f,-0.7437879860134053f,-0.23208660251050173f,1.5f,0.46661849654677195f,-0.11980726685360991f,-0.8763066800438636f,0f,0f,0f,0f,1f],start_interpolation:0}
execute if entity @s[tag=aj.active_beacon_core.bone.12] run data modify entity @s {} merge value {transformation:[0.6239807191597955f,-0.6575907927208154f,0.42216396275100765f,0f,-0.6268295149378776f,-0.7437879860134053f,-0.23208660251050173f,1.5f,0.46661849654677195f,-0.11980726685360991f,-0.8763066800438636f,0f,0f,0f,0f,1f],start_interpolation:0}
execute if entity @s[tag=aj.active_beacon_core.bone.13] run data modify entity @s {} merge value {transformation:[0.6239807191597955f,-0.6575907927208154f,0.42216396275100765f,0f,-0.6268295149378776f,-0.7437879860134053f,-0.23208660251050173f,1.5f,0.46661849654677195f,-0.11980726685360991f,-0.8763066800438636f,0f,0f,0f,0f,1f],start_interpolation:0}
execute if entity @s[tag=aj.active_beacon_core.bone.14] run data modify entity @s {} merge value {transformation:[0.6239807191597955f,-0.6575907927208154f,0.42216396275100765f,0f,-0.6268295149378776f,-0.7437879860134053f,-0.23208660251050173f,1.5f,0.46661849654677195f,-0.11980726685360991f,-0.8763066800438636f,0f,0f,0f,0f,1f],start_interpolation:0}
execute if entity @s[tag=aj.active_beacon_core.bone.15] run data modify entity @s {} merge value {transformation:[-0.9050142424257276f,0.0522188621185109f,0.42216396275100765f,0f,-0.0522188621185109f,0.9712924376181359f,-0.23208660251050173f,1.5f,-0.42216396275100776f,-0.23208660251050173f,-0.8763066800438636f,0f,0f,0f,0f,1f],start_interpolation:0}
execute if entity @s[tag=aj.active_beacon_core.bone.16] run data modify entity @s {} merge value {transformation:[-0.9050142424257276f,0.0522188621185109f,0.42216396275100765f,0f,-0.0522188621185109f,0.9712924376181359f,-0.23208660251050173f,1.5f,-0.42216396275100776f,-0.23208660251050173f,-0.8763066800438636f,0f,0f,0f,0f,1f],start_interpolation:0}
execute if entity @s[tag=aj.active_beacon_core.bone.17] run data modify entity @s {} merge value {transformation:[-0.9050142424257276f,0.0522188621185109f,0.42216396275100765f,0f,-0.0522188621185109f,0.9712924376181359f,-0.23208660251050173f,1.5f,-0.42216396275100776f,-0.23208660251050173f,-0.8763066800438636f,0f,0f,0f,0f,1f],start_interpolation:0}
execute if entity @s[tag=aj.active_beacon_core.bone.18] run data modify entity @s {} merge value {transformation:[-0.9050142424257276f,0.0522188621185109f,0.42216396275100765f,0f,-0.0522188621185109f,0.9712924376181359f,-0.23208660251050173f,1.5f,-0.42216396275100776f,-0.23208660251050173f,-0.8763066800438636f,0f,0f,0f,0f,1f],start_interpolation:0}
execute if entity @s[tag=aj.active_beacon_core.bone.19] run data modify entity @s {} merge value {transformation:[-0.9050142424257276f,0.0522188621185109f,0.42216396275100765f,0f,-0.0522188621185109f,0.9712924376181359f,-0.23208660251050173f,1.5f,-0.42216396275100776f,-0.23208660251050173f,-0.8763066800438636f,0f,0f,0f,0f,1f],start_interpolation:0}
execute if entity @s[tag=aj.active_beacon_core.bone.20] run data modify entity @s {} merge value {transformation:[-0.9050142424257276f,0.0522188621185109f,0.42216396275100765f,0f,-0.0522188621185109f,0.9712924376181359f,-0.23208660251050173f,1.5f,-0.42216396275100776f,-0.23208660251050173f,-0.8763066800438636f,0f,0f,0f,0f,1f],start_interpolation:0}
execute if entity @s[tag=aj.active_beacon_core.bone.21] run data modify entity @s {} merge value {transformation:[-0.16523546221865326f,-0.8913331759671879f,0.42216396275100765f,0f,-0.9701782654788897f,0.06992812114954716f,-0.23208660251050173f,1.5f,0.17734535578289448f,-0.4479232381700468f,-0.8763066800438636f,0f,0f,0f,0f,1f],start_interpolation:0}
execute if entity @s[tag=aj.active_beacon_core.bone.22] run data modify entity @s {} merge value {transformation:[-0.16523546221865326f,-0.8913331759671879f,0.42216396275100765f,0f,-0.9701782654788897f,0.06992812114954716f,-0.23208660251050173f,1.5f,0.17734535578289448f,-0.4479232381700468f,-0.8763066800438636f,0f,0f,0f,0f,1f],start_interpolation:0}
execute if entity @s[tag=aj.active_beacon_core.bone.23] run data modify entity @s {} merge value {transformation:[-0.16523546221865326f,-0.8913331759671879f,0.42216396275100765f,0f,-0.9701782654788897f,0.06992812114954716f,-0.23208660251050173f,1.5f,0.17734535578289448f,-0.4479232381700468f,-0.8763066800438636f,0f,0f,0f,0f,1f],start_interpolation:0}
execute if entity @s[tag=aj.active_beacon_core.bone.24] run data modify entity @s {} merge value {transformation:[-0.16523546221865326f,-0.8913331759671879f,0.42216396275100765f,0f,-0.9701782654788897f,0.06992812114954716f,-0.23208660251050173f,1.5f,0.17734535578289448f,-0.4479232381700468f,-0.8763066800438636f,0f,0f,0f,0f,1f],start_interpolation:0}
execute if entity @s[tag=aj.active_beacon_core.bone.25] run data modify entity @s {} merge value {transformation:[-0.16523546221865326f,-0.8913331759671879f,0.42216396275100765f,0f,-0.9701782654788897f,0.06992812114954716f,-0.23208660251050173f,1.5f,0.17734535578289448f,-0.4479232381700468f,-0.8763066800438636f,0f,0f,0f,0f,1f],start_interpolation:0}
execute if entity @s[tag=aj.active_beacon_core.bone.26] run data modify entity @s {} merge value {transformation:[-0.16523546221865326f,-0.8913331759671879f,0.42216396275100765f,0f,-0.9701782654788897f,0.06992812114954716f,-0.23208660251050173f,1.5f,0.17734535578289448f,-0.4479232381700468f,-0.8763066800438636f,0f,0f,0f,0f,1f],start_interpolation:0}
execute if entity @s[tag=aj.active_beacon_core.bone.27] run data modify entity @s {} merge value {transformation:[-0.9050142424257276f,0.0522188621185109f,0.42216396275100765f,0f,-0.0522188621185109f,0.9712924376181359f,-0.23208660251050173f,1.5f,-0.42216396275100776f,-0.23208660251050173f,-0.8763066800438636f,0f,0f,0f,0f,1f],start_interpolation:0}