execute if entity @s[tag=aj.active_beacon_core.bone.exterior] run data modify entity @s {} merge value {transformation:[-2.720743729995043f,3.504881182354886f,-2.5549484247763763f,0f,-2.5549484247763754f,-3.7323193723976296f,-2.399256270004957f,1.5f,-3.5048811823548864f,2.871156049842501e-16f,3.732319372397629f,0f,0f,0f,0f,1f],start_interpolation:0}
execute if entity @s[tag=aj.active_beacon_core.bone.1] run data modify entity @s {} merge value {transformation:[-0.08123426710645654f,0.8627784513902556f,0.4990133642141357f,0f,-0.8627784513902557f,0.1897971054721319f,-0.46860474023534315f,1.5f,-0.4990133642141359f,-0.46860474023534304f,0.7289686274214121f,0f,0f,0f,0f,1f],start_interpolation:0}
execute if entity @s[tag=aj.active_beacon_core.bone.2] run data modify entity @s {} merge value {transformation:[-0.08123426710645654f,0.8627784513902556f,0.4990133642141357f,0f,-0.8627784513902557f,0.1897971054721319f,-0.46860474023534315f,1.5f,-0.4990133642141359f,-0.46860474023534304f,0.7289686274214121f,0f,0f,0f,0f,1f],start_interpolation:0}
execute if entity @s[tag=aj.active_beacon_core.bone.3] run data modify entity @s {} merge value {transformation:[0.44085616027572594f,-0.7460774144032467f,0.4990133642141357f,0f,0.8614769602116675f,0.1956196422996223f,-0.46860474023534315f,1.5f,0.25199859716158945f,0.6364758025753485f,0.7289686274214121f,0f,0f,0f,0f,1f],start_interpolation:0}
execute if entity @s[tag=aj.active_beacon_core.bone.4] run data modify entity @s {} merge value {transformation:[-0.5521407105846466f,0.6679268657950301f,0.4990133642141357f,0f,-0.8202690951979027f,-0.32797592730592495f,-0.46860474023534315f,1.5f,-0.14932932457590656f,-0.6680609950124665f,0.7289686274214121f,0f,0f,0f,0f,1f],start_interpolation:0}
execute if entity @s[tag=aj.active_beacon_core.bone.5] run data modify entity @s {} merge value {transformation:[-0.5521407105846466f,0.6679268657950301f,0.4990133642141357f,0f,-0.8202690951979027f,-0.32797592730592495f,-0.46860474023534315f,1.5f,-0.14932932457590656f,-0.6680609950124665f,0.7289686274214121f,0f,0f,0f,0f,1f],start_interpolation:0}
execute if entity @s[tag=aj.active_beacon_core.bone.6] run data modify entity @s {} merge value {transformation:[-0.5521407105846466f,0.6679268657950301f,0.4990133642141357f,0f,-0.8202690951979027f,-0.32797592730592495f,-0.46860474023534315f,1.5f,-0.14932932457590656f,-0.6680609950124665f,0.7289686274214121f,0f,0f,0f,0f,1f],start_interpolation:0}
execute if entity @s[tag=aj.active_beacon_core.bone.7] run data modify entity @s {} merge value {transformation:[0.44085616027572594f,-0.7460774144032467f,0.4990133642141357f,0f,0.8614769602116675f,0.1956196422996223f,-0.46860474023534315f,1.5f,0.25199859716158945f,0.6364758025753485f,0.7289686274214121f,0f,0f,0f,0f,1f],start_interpolation:0}
execute if entity @s[tag=aj.active_beacon_core.bone.8] run data modify entity @s {} merge value {transformation:[0.44085616027572594f,-0.7460774144032467f,0.4990133642141357f,0f,0.8614769602116675f,0.1956196422996223f,-0.46860474023534315f,1.5f,0.25199859716158945f,0.6364758025753485f,0.7289686274214121f,0f,0f,0f,0f,1f],start_interpolation:0}
execute if entity @s[tag=aj.active_beacon_core.bone.9] run data modify entity @s {} merge value {transformation:[-0.5313952597646571f,-0.6845471059286886f,0.4990133642141357f,0f,0.49901336421413583f,-0.728968627421412f,-0.46860474023534315f,1.5f,0.6845471059286885f,-1.1158841782974417e-16f,0.7289686274214121f,0f,0f,0f,0f,1f],start_interpolation:0}
execute if entity @s[tag=aj.active_beacon_core.bone.10] run data modify entity @s {} merge value {transformation:[0.44085616027572594f,-0.7460774144032467f,0.4990133642141357f,0f,0.8614769602116675f,0.1956196422996223f,-0.46860474023534315f,1.5f,0.25199859716158945f,0.6364758025753485f,0.7289686274214121f,0f,0f,0f,0f,1f],start_interpolation:0}
execute if entity @s[tag=aj.active_beacon_core.bone.11] run data modify entity @s {} merge value {transformation:[0.44085616027572594f,-0.7460774144032467f,0.4990133642141357f,0f,0.8614769602116675f,0.1956196422996223f,-0.46860474023534315f,1.5f,0.25199859716158945f,0.6364758025753485f,0.7289686274214121f,0f,0f,0f,0f,1f],start_interpolation:0}
execute if entity @s[tag=aj.active_beacon_core.bone.12] run data modify entity @s {} merge value {transformation:[0.44085616027572594f,-0.7460774144032467f,0.4990133642141357f,0f,0.8614769602116675f,0.1956196422996223f,-0.46860474023534315f,1.5f,0.25199859716158945f,0.6364758025753485f,0.7289686274214121f,0f,0f,0f,0f,1f],start_interpolation:0}
execute if entity @s[tag=aj.active_beacon_core.bone.13] run data modify entity @s {} merge value {transformation:[0.44085616027572594f,-0.7460774144032467f,0.4990133642141357f,0f,0.8614769602116675f,0.1956196422996223f,-0.46860474023534315f,1.5f,0.25199859716158945f,0.6364758025753485f,0.7289686274214121f,0f,0f,0f,0f,1f],start_interpolation:0}
execute if entity @s[tag=aj.active_beacon_core.bone.14] run data modify entity @s {} merge value {transformation:[0.44085616027572594f,-0.7460774144032467f,0.4990133642141357f,0f,0.8614769602116675f,0.1956196422996223f,-0.46860474023534315f,1.5f,0.25199859716158945f,0.6364758025753485f,0.7289686274214121f,0f,0f,0f,0f,1f],start_interpolation:0}
execute if entity @s[tag=aj.active_beacon_core.bone.15] run data modify entity @s {} merge value {transformation:[-0.08123426710645654f,0.8627784513902556f,0.4990133642141357f,0f,-0.8627784513902557f,0.1897971054721319f,-0.46860474023534315f,1.5f,-0.4990133642141359f,-0.46860474023534304f,0.7289686274214121f,0f,0f,0f,0f,1f],start_interpolation:0}
execute if entity @s[tag=aj.active_beacon_core.bone.16] run data modify entity @s {} merge value {transformation:[-0.08123426710645654f,0.8627784513902556f,0.4990133642141357f,0f,-0.8627784513902557f,0.1897971054721319f,-0.46860474023534315f,1.5f,-0.4990133642141359f,-0.46860474023534304f,0.7289686274214121f,0f,0f,0f,0f,1f],start_interpolation:0}
execute if entity @s[tag=aj.active_beacon_core.bone.17] run data modify entity @s {} merge value {transformation:[-0.08123426710645654f,0.8627784513902556f,0.4990133642141357f,0f,-0.8627784513902557f,0.1897971054721319f,-0.46860474023534315f,1.5f,-0.4990133642141359f,-0.46860474023534304f,0.7289686274214121f,0f,0f,0f,0f,1f],start_interpolation:0}
execute if entity @s[tag=aj.active_beacon_core.bone.18] run data modify entity @s {} merge value {transformation:[-0.08123426710645654f,0.8627784513902556f,0.4990133642141357f,0f,-0.8627784513902557f,0.1897971054721319f,-0.46860474023534315f,1.5f,-0.4990133642141359f,-0.46860474023534304f,0.7289686274214121f,0f,0f,0f,0f,1f],start_interpolation:0}
execute if entity @s[tag=aj.active_beacon_core.bone.19] run data modify entity @s {} merge value {transformation:[-0.08123426710645654f,0.8627784513902556f,0.4990133642141357f,0f,-0.8627784513902557f,0.1897971054721319f,-0.46860474023534315f,1.5f,-0.4990133642141359f,-0.46860474023534304f,0.7289686274214121f,0f,0f,0f,0f,1f],start_interpolation:0}
execute if entity @s[tag=aj.active_beacon_core.bone.20] run data modify entity @s {} merge value {transformation:[-0.08123426710645654f,0.8627784513902556f,0.4990133642141357f,0f,-0.8627784513902557f,0.1897971054721319f,-0.46860474023534315f,1.5f,-0.4990133642141359f,-0.46860474023534304f,0.7289686274214121f,0f,0f,0f,0f,1f],start_interpolation:0}
execute if entity @s[tag=aj.active_beacon_core.bone.21] run data modify entity @s {} merge value {transformation:[-0.5521407105846466f,0.6679268657950301f,0.4990133642141357f,0f,-0.8202690951979027f,-0.32797592730592495f,-0.46860474023534315f,1.5f,-0.14932932457590656f,-0.6680609950124665f,0.7289686274214121f,0f,0f,0f,0f,1f],start_interpolation:0}
execute if entity @s[tag=aj.active_beacon_core.bone.22] run data modify entity @s {} merge value {transformation:[-0.5521407105846466f,0.6679268657950301f,0.4990133642141357f,0f,-0.8202690951979027f,-0.32797592730592495f,-0.46860474023534315f,1.5f,-0.14932932457590656f,-0.6680609950124665f,0.7289686274214121f,0f,0f,0f,0f,1f],start_interpolation:0}
execute if entity @s[tag=aj.active_beacon_core.bone.23] run data modify entity @s {} merge value {transformation:[-0.5521407105846466f,0.6679268657950301f,0.4990133642141357f,0f,-0.8202690951979027f,-0.32797592730592495f,-0.46860474023534315f,1.5f,-0.14932932457590656f,-0.6680609950124665f,0.7289686274214121f,0f,0f,0f,0f,1f],start_interpolation:0}
execute if entity @s[tag=aj.active_beacon_core.bone.24] run data modify entity @s {} merge value {transformation:[-0.5521407105846466f,0.6679268657950301f,0.4990133642141357f,0f,-0.8202690951979027f,-0.32797592730592495f,-0.46860474023534315f,1.5f,-0.14932932457590656f,-0.6680609950124665f,0.7289686274214121f,0f,0f,0f,0f,1f],start_interpolation:0}
execute if entity @s[tag=aj.active_beacon_core.bone.25] run data modify entity @s {} merge value {transformation:[-0.5521407105846466f,0.6679268657950301f,0.4990133642141357f,0f,-0.8202690951979027f,-0.32797592730592495f,-0.46860474023534315f,1.5f,-0.14932932457590656f,-0.6680609950124665f,0.7289686274214121f,0f,0f,0f,0f,1f],start_interpolation:0}
execute if entity @s[tag=aj.active_beacon_core.bone.26] run data modify entity @s {} merge value {transformation:[-0.5521407105846466f,0.6679268657950301f,0.4990133642141357f,0f,-0.8202690951979027f,-0.32797592730592495f,-0.46860474023534315f,1.5f,-0.14932932457590656f,-0.6680609950124665f,0.7289686274214121f,0f,0f,0f,0f,1f],start_interpolation:0}
execute if entity @s[tag=aj.active_beacon_core.bone.27] run data modify entity @s {} merge value {transformation:[-0.08123426710645654f,0.8627784513902556f,0.4990133642141357f,0f,-0.8627784513902557f,0.1897971054721319f,-0.46860474023534315f,1.5f,-0.4990133642141359f,-0.46860474023534304f,0.7289686274214121f,0f,0f,0f,0f,1f],start_interpolation:0}