execute if entity @s[tag=aj.active_beacon_core.bone.exterior] run data modify entity @s {} merge value {transformation:[-0.6938403138011842f,-4.76045560774785f,-1.7524405911774417f,0f,-1.752440591177442f,1.8847977097455482f,-4.426159686198816f,1.5f,4.76045560774785f,-2.987705779471071e-16f,-1.8847977097455484f,0f,0f,0f,0f,1f],start_interpolation:0}
execute if entity @s[tag=aj.active_beacon_core.bone.1] run data modify entity @s {} merge value {transformation:[-0.9143709651077097f,0.21627425438354994f,0.3422735529643442f,0f,-0.2162742543835494f,0.4537535875769681f,-0.8644843137107063f,1.5f,-0.3422735529643442f,-0.8644843137107062f,-0.3681245526846773f,0f,0f,0f,0f,1f],start_interpolation:0}
execute if entity @s[tag=aj.active_beacon_core.bone.2] run data modify entity @s {} merge value {transformation:[-0.9143709651077097f,0.21627425438354994f,0.3422735529643442f,0f,-0.2162742543835494f,0.4537535875769681f,-0.8644843137107063f,1.5f,-0.3422735529643442f,-0.8644843137107062f,-0.3681245526846773f,0f,0f,0f,0f,1f],start_interpolation:0}
execute if entity @s[tag=aj.active_beacon_core.bone.3] run data modify entity @s {} merge value {transformation:[-0.4105295161961924f,-0.845171184596875f,0.3422735529643442f,0f,-0.4900044987880525f,-0.11208239163936032f,-0.8644843137107063f,1.5f,0.7690000698954391f,-0.5226119078355528f,-0.3681245526846773f,0f,0f,0f,0f,1f],start_interpolation:0}
execute if entity @s[tag=aj.active_beacon_core.bone.4] run data modify entity @s {} merge value {transformation:[-0.4755753575837608f,-0.8103560292860432f,0.3422735529643442f,0f,-0.4972878615440613f,-0.07329156915405718f,-0.8644843137107063f,1.5f,0.7256258416153691f,-0.5813359198352476f,-0.3681245526846773f,0f,0f,0f,0f,1f],start_interpolation:0}
execute if entity @s[tag=aj.active_beacon_core.bone.5] run data modify entity @s {} merge value {transformation:[-0.4755753575837608f,-0.8103560292860432f,0.3422735529643442f,0f,-0.4972878615440613f,-0.07329156915405718f,-0.8644843137107063f,1.5f,0.7256258416153691f,-0.5813359198352476f,-0.3681245526846773f,0f,0f,0f,0f,1f],start_interpolation:0}
execute if entity @s[tag=aj.active_beacon_core.bone.6] run data modify entity @s {} merge value {transformation:[-0.4755753575837608f,-0.8103560292860432f,0.3422735529643442f,0f,-0.4972878615440613f,-0.07329156915405718f,-0.8644843137107063f,1.5f,0.7256258416153691f,-0.5813359198352476f,-0.3681245526846773f,0f,0f,0f,0f,1f],start_interpolation:0}
execute if entity @s[tag=aj.active_beacon_core.bone.7] run data modify entity @s {} merge value {transformation:[-0.4105295161961924f,-0.845171184596875f,0.3422735529643442f,0f,-0.4900044987880525f,-0.11208239163936032f,-0.8644843137107063f,1.5f,0.7690000698954391f,-0.5226119078355528f,-0.3681245526846773f,0f,0f,0f,0f,1f],start_interpolation:0}
execute if entity @s[tag=aj.active_beacon_core.bone.8] run data modify entity @s {} merge value {transformation:[-0.4105295161961924f,-0.845171184596875f,0.3422735529643442f,0f,-0.4900044987880525f,-0.11208239163936032f,-0.8644843137107063f,1.5f,0.7690000698954391f,-0.5226119078355528f,-0.3681245526846773f,0f,0f,0f,0f,1f],start_interpolation:0}
execute if entity @s[tag=aj.active_beacon_core.bone.9] run data modify entity @s {} merge value {transformation:[-0.13551568628929356f,0.9297764858882518f,0.3422735529643442f,0f,0.34227355296434414f,0.36812455268467736f,-0.8644843137107063f,1.5f,-0.9297764858882518f,1.6937593096781e-16f,-0.3681245526846773f,0f,0f,0f,0f,1f],start_interpolation:0}
execute if entity @s[tag=aj.active_beacon_core.bone.10] run data modify entity @s {} merge value {transformation:[-0.4105295161961924f,-0.845171184596875f,0.3422735529643442f,0f,-0.4900044987880525f,-0.11208239163936032f,-0.8644843137107063f,1.5f,0.7690000698954391f,-0.5226119078355528f,-0.3681245526846773f,0f,0f,0f,0f,1f],start_interpolation:0}
execute if entity @s[tag=aj.active_beacon_core.bone.11] run data modify entity @s {} merge value {transformation:[-0.4105295161961924f,-0.845171184596875f,0.3422735529643442f,0f,-0.4900044987880525f,-0.11208239163936032f,-0.8644843137107063f,1.5f,0.7690000698954391f,-0.5226119078355528f,-0.3681245526846773f,0f,0f,0f,0f,1f],start_interpolation:0}
execute if entity @s[tag=aj.active_beacon_core.bone.12] run data modify entity @s {} merge value {transformation:[-0.4105295161961924f,-0.845171184596875f,0.3422735529643442f,0f,-0.4900044987880525f,-0.11208239163936032f,-0.8644843137107063f,1.5f,0.7690000698954391f,-0.5226119078355528f,-0.3681245526846773f,0f,0f,0f,0f,1f],start_interpolation:0}
execute if entity @s[tag=aj.active_beacon_core.bone.13] run data modify entity @s {} merge value {transformation:[-0.4105295161961924f,-0.845171184596875f,0.3422735529643442f,0f,-0.4900044987880525f,-0.11208239163936032f,-0.8644843137107063f,1.5f,0.7690000698954391f,-0.5226119078355528f,-0.3681245526846773f,0f,0f,0f,0f,1f],start_interpolation:0}
execute if entity @s[tag=aj.active_beacon_core.bone.14] run data modify entity @s {} merge value {transformation:[-0.4105295161961924f,-0.845171184596875f,0.3422735529643442f,0f,-0.4900044987880525f,-0.11208239163936032f,-0.8644843137107063f,1.5f,0.7690000698954391f,-0.5226119078355528f,-0.3681245526846773f,0f,0f,0f,0f,1f],start_interpolation:0}
execute if entity @s[tag=aj.active_beacon_core.bone.15] run data modify entity @s {} merge value {transformation:[-0.9143709651077097f,0.21627425438354994f,0.3422735529643442f,0f,-0.2162742543835494f,0.4537535875769681f,-0.8644843137107063f,1.5f,-0.3422735529643442f,-0.8644843137107062f,-0.3681245526846773f,0f,0f,0f,0f,1f],start_interpolation:0}
execute if entity @s[tag=aj.active_beacon_core.bone.16] run data modify entity @s {} merge value {transformation:[-0.9143709651077097f,0.21627425438354994f,0.3422735529643442f,0f,-0.2162742543835494f,0.4537535875769681f,-0.8644843137107063f,1.5f,-0.3422735529643442f,-0.8644843137107062f,-0.3681245526846773f,0f,0f,0f,0f,1f],start_interpolation:0}
execute if entity @s[tag=aj.active_beacon_core.bone.17] run data modify entity @s {} merge value {transformation:[-0.9143709651077097f,0.21627425438354994f,0.3422735529643442f,0f,-0.2162742543835494f,0.4537535875769681f,-0.8644843137107063f,1.5f,-0.3422735529643442f,-0.8644843137107062f,-0.3681245526846773f,0f,0f,0f,0f,1f],start_interpolation:0}
execute if entity @s[tag=aj.active_beacon_core.bone.18] run data modify entity @s {} merge value {transformation:[-0.9143709651077097f,0.21627425438354994f,0.3422735529643442f,0f,-0.2162742543835494f,0.4537535875769681f,-0.8644843137107063f,1.5f,-0.3422735529643442f,-0.8644843137107062f,-0.3681245526846773f,0f,0f,0f,0f,1f],start_interpolation:0}
execute if entity @s[tag=aj.active_beacon_core.bone.19] run data modify entity @s {} merge value {transformation:[-0.9143709651077097f,0.21627425438354994f,0.3422735529643442f,0f,-0.2162742543835494f,0.4537535875769681f,-0.8644843137107063f,1.5f,-0.3422735529643442f,-0.8644843137107062f,-0.3681245526846773f,0f,0f,0f,0f,1f],start_interpolation:0}
execute if entity @s[tag=aj.active_beacon_core.bone.20] run data modify entity @s {} merge value {transformation:[-0.9143709651077097f,0.21627425438354994f,0.3422735529643442f,0f,-0.2162742543835494f,0.4537535875769681f,-0.8644843137107063f,1.5f,-0.3422735529643442f,-0.8644843137107062f,-0.3681245526846773f,0f,0f,0f,0f,1f],start_interpolation:0}
execute if entity @s[tag=aj.active_beacon_core.bone.21] run data modify entity @s {} merge value {transformation:[-0.4755753575837608f,-0.8103560292860432f,0.3422735529643442f,0f,-0.4972878615440613f,-0.07329156915405718f,-0.8644843137107063f,1.5f,0.7256258416153691f,-0.5813359198352476f,-0.3681245526846773f,0f,0f,0f,0f,1f],start_interpolation:0}
execute if entity @s[tag=aj.active_beacon_core.bone.22] run data modify entity @s {} merge value {transformation:[-0.4755753575837608f,-0.8103560292860432f,0.3422735529643442f,0f,-0.4972878615440613f,-0.07329156915405718f,-0.8644843137107063f,1.5f,0.7256258416153691f,-0.5813359198352476f,-0.3681245526846773f,0f,0f,0f,0f,1f],start_interpolation:0}
execute if entity @s[tag=aj.active_beacon_core.bone.23] run data modify entity @s {} merge value {transformation:[-0.4755753575837608f,-0.8103560292860432f,0.3422735529643442f,0f,-0.4972878615440613f,-0.07329156915405718f,-0.8644843137107063f,1.5f,0.7256258416153691f,-0.5813359198352476f,-0.3681245526846773f,0f,0f,0f,0f,1f],start_interpolation:0}
execute if entity @s[tag=aj.active_beacon_core.bone.24] run data modify entity @s {} merge value {transformation:[-0.4755753575837608f,-0.8103560292860432f,0.3422735529643442f,0f,-0.4972878615440613f,-0.07329156915405718f,-0.8644843137107063f,1.5f,0.7256258416153691f,-0.5813359198352476f,-0.3681245526846773f,0f,0f,0f,0f,1f],start_interpolation:0}
execute if entity @s[tag=aj.active_beacon_core.bone.25] run data modify entity @s {} merge value {transformation:[-0.4755753575837608f,-0.8103560292860432f,0.3422735529643442f,0f,-0.4972878615440613f,-0.07329156915405718f,-0.8644843137107063f,1.5f,0.7256258416153691f,-0.5813359198352476f,-0.3681245526846773f,0f,0f,0f,0f,1f],start_interpolation:0}
execute if entity @s[tag=aj.active_beacon_core.bone.26] run data modify entity @s {} merge value {transformation:[-0.4755753575837608f,-0.8103560292860432f,0.3422735529643442f,0f,-0.4972878615440613f,-0.07329156915405718f,-0.8644843137107063f,1.5f,0.7256258416153691f,-0.5813359198352476f,-0.3681245526846773f,0f,0f,0f,0f,1f],start_interpolation:0}
execute if entity @s[tag=aj.active_beacon_core.bone.27] run data modify entity @s {} merge value {transformation:[-0.9143709651077097f,0.21627425438354994f,0.3422735529643442f,0f,-0.2162742543835494f,0.4537535875769681f,-0.8644843137107063f,1.5f,-0.3422735529643442f,-0.8644843137107062f,-0.3681245526846773f,0f,0f,0f,0f,1f],start_interpolation:0}