execute if entity @s[tag=aj.active_beacon_core.bone.exterior] run data modify entity @s {} merge value {transformation:[-0.1797721961260765f,5.029310723730885f,-0.9423988548727731f,0f,-0.942398854872773f,-0.9593923306789054f,-4.940227803873923f,1.5f,-5.029310723730885f,6.159129279734486e-16f,0.9593923306789053f,0f,0f,0f,0f,1f],start_interpolation:0}
execute if entity @s[tag=aj.active_beacon_core.bone.1] run data modify entity @s {} merge value {transformation:[-0.958308955749581f,0.2185521076490069f,0.18406227634233843f,0f,-0.21855210764900623f,-0.1456902703353058f,-0.9648882429441256f,1.5f,-0.18406227634233835f,-0.9648882429441253f,0.18738131458572374f,0f,0f,0f,0f,1f],start_interpolation:0}
execute if entity @s[tag=aj.active_beacon_core.bone.2] run data modify entity @s {} merge value {transformation:[-0.958308955749581f,0.2185521076490069f,0.18406227634233843f,0f,-0.21855210764900623f,-0.1456902703353058f,-0.9648882429441256f,1.5f,-0.18406227634233835f,-0.9648882429441253f,0.18738131458572374f,0f,0f,0f,0f,1f],start_interpolation:0}
execute if entity @s[tag=aj.active_beacon_core.bone.3] run data modify entity @s {} merge value {transformation:[0.7344842586266341f,-0.6531875322274299f,0.18406227634233843f,0f,0.2617054948853955f,0.02238107626964224f,-0.9648882429441256f,1.5f,0.6261334584387523f,0.7568653348962763f,0.18738131458572374f,0f,0f,0f,0f,1f],start_interpolation:0}
execute if entity @s[tag=aj.active_beacon_core.bone.4] run data modify entity @s {} merge value {transformation:[-0.9601588293475305f,-0.21027624890523353f,0.18406227634233843f,0f,-0.13571995928299624f,-0.22487945944531962f,-0.9648882429441256f,1.5f,0.2442849055471929f,-0.9514268904471452f,0.18738131458572374f,0f,0f,0f,0f,1f],start_interpolation:0}
execute if entity @s[tag=aj.active_beacon_core.bone.5] run data modify entity @s {} merge value {transformation:[-0.9601588293475305f,-0.21027624890523353f,0.18406227634233843f,0f,-0.13571995928299624f,-0.22487945944531962f,-0.9648882429441256f,1.5f,0.2442849055471929f,-0.9514268904471452f,0.18738131458572374f,0f,0f,0f,0f,1f],start_interpolation:0}
execute if entity @s[tag=aj.active_beacon_core.bone.6] run data modify entity @s {} merge value {transformation:[-0.9601588293475305f,-0.21027624890523353f,0.18406227634233843f,0f,-0.13571995928299624f,-0.22487945944531962f,-0.9648882429441256f,1.5f,0.2442849055471929f,-0.9514268904471452f,0.18738131458572374f,0f,0f,0f,0f,1f],start_interpolation:0}
execute if entity @s[tag=aj.active_beacon_core.bone.7] run data modify entity @s {} merge value {transformation:[0.7344842586266341f,-0.6531875322274299f,0.18406227634233843f,0f,0.2617054948853955f,0.02238107626964224f,-0.9648882429441256f,1.5f,0.6261334584387523f,0.7568653348962763f,0.18738131458572374f,0f,0f,0f,0f,1f],start_interpolation:0}
execute if entity @s[tag=aj.active_beacon_core.bone.8] run data modify entity @s {} merge value {transformation:[0.7344842586266341f,-0.6531875322274299f,0.18406227634233843f,0f,0.2617054948853955f,0.02238107626964224f,-0.9648882429441256f,1.5f,0.6261334584387523f,0.7568653348962763f,0.18738131458572374f,0f,0f,0f,0f,1f],start_interpolation:0}
execute if entity @s[tag=aj.active_beacon_core.bone.9] run data modify entity @s {} merge value {transformation:[-0.035111757055874555f,-0.9822872507286884f,0.18406227634233843f,0f,0.18406227634233846f,-0.1873813145857237f,-0.9648882429441256f,1.5f,0.9822872507286884f,-1.2029549374481418e-16f,0.18738131458572374f,0f,0f,0f,0f,1f],start_interpolation:0}
execute if entity @s[tag=aj.active_beacon_core.bone.10] run data modify entity @s {} merge value {transformation:[0.7344842586266341f,-0.6531875322274299f,0.18406227634233843f,0f,0.2617054948853955f,0.02238107626964224f,-0.9648882429441256f,1.5f,0.6261334584387523f,0.7568653348962763f,0.18738131458572374f,0f,0f,0f,0f,1f],start_interpolation:0}
execute if entity @s[tag=aj.active_beacon_core.bone.11] run data modify entity @s {} merge value {transformation:[0.7344842586266341f,-0.6531875322274299f,0.18406227634233843f,0f,0.2617054948853955f,0.02238107626964224f,-0.9648882429441256f,1.5f,0.6261334584387523f,0.7568653348962763f,0.18738131458572374f,0f,0f,0f,0f,1f],start_interpolation:0}
execute if entity @s[tag=aj.active_beacon_core.bone.12] run data modify entity @s {} merge value {transformation:[0.7344842586266341f,-0.6531875322274299f,0.18406227634233843f,0f,0.2617054948853955f,0.02238107626964224f,-0.9648882429441256f,1.5f,0.6261334584387523f,0.7568653348962763f,0.18738131458572374f,0f,0f,0f,0f,1f],start_interpolation:0}
execute if entity @s[tag=aj.active_beacon_core.bone.13] run data modify entity @s {} merge value {transformation:[0.7344842586266341f,-0.6531875322274299f,0.18406227634233843f,0f,0.2617054948853955f,0.02238107626964224f,-0.9648882429441256f,1.5f,0.6261334584387523f,0.7568653348962763f,0.18738131458572374f,0f,0f,0f,0f,1f],start_interpolation:0}
execute if entity @s[tag=aj.active_beacon_core.bone.14] run data modify entity @s {} merge value {transformation:[0.7344842586266341f,-0.6531875322274299f,0.18406227634233843f,0f,0.2617054948853955f,0.02238107626964224f,-0.9648882429441256f,1.5f,0.6261334584387523f,0.7568653348962763f,0.18738131458572374f,0f,0f,0f,0f,1f],start_interpolation:0}
execute if entity @s[tag=aj.active_beacon_core.bone.15] run data modify entity @s {} merge value {transformation:[-0.958308955749581f,0.2185521076490069f,0.18406227634233843f,0f,-0.21855210764900623f,-0.1456902703353058f,-0.9648882429441256f,1.5f,-0.18406227634233835f,-0.9648882429441253f,0.18738131458572374f,0f,0f,0f,0f,1f],start_interpolation:0}
execute if entity @s[tag=aj.active_beacon_core.bone.16] run data modify entity @s {} merge value {transformation:[-0.958308955749581f,0.2185521076490069f,0.18406227634233843f,0f,-0.21855210764900623f,-0.1456902703353058f,-0.9648882429441256f,1.5f,-0.18406227634233835f,-0.9648882429441253f,0.18738131458572374f,0f,0f,0f,0f,1f],start_interpolation:0}
execute if entity @s[tag=aj.active_beacon_core.bone.17] run data modify entity @s {} merge value {transformation:[-0.958308955749581f,0.2185521076490069f,0.18406227634233843f,0f,-0.21855210764900623f,-0.1456902703353058f,-0.9648882429441256f,1.5f,-0.18406227634233835f,-0.9648882429441253f,0.18738131458572374f,0f,0f,0f,0f,1f],start_interpolation:0}
execute if entity @s[tag=aj.active_beacon_core.bone.18] run data modify entity @s {} merge value {transformation:[-0.958308955749581f,0.2185521076490069f,0.18406227634233843f,0f,-0.21855210764900623f,-0.1456902703353058f,-0.9648882429441256f,1.5f,-0.18406227634233835f,-0.9648882429441253f,0.18738131458572374f,0f,0f,0f,0f,1f],start_interpolation:0}
execute if entity @s[tag=aj.active_beacon_core.bone.19] run data modify entity @s {} merge value {transformation:[-0.958308955749581f,0.2185521076490069f,0.18406227634233843f,0f,-0.21855210764900623f,-0.1456902703353058f,-0.9648882429441256f,1.5f,-0.18406227634233835f,-0.9648882429441253f,0.18738131458572374f,0f,0f,0f,0f,1f],start_interpolation:0}
execute if entity @s[tag=aj.active_beacon_core.bone.20] run data modify entity @s {} merge value {transformation:[-0.958308955749581f,0.2185521076490069f,0.18406227634233843f,0f,-0.21855210764900623f,-0.1456902703353058f,-0.9648882429441256f,1.5f,-0.18406227634233835f,-0.9648882429441253f,0.18738131458572374f,0f,0f,0f,0f,1f],start_interpolation:0}
execute if entity @s[tag=aj.active_beacon_core.bone.21] run data modify entity @s {} merge value {transformation:[-0.9601588293475305f,-0.21027624890523353f,0.18406227634233843f,0f,-0.13571995928299624f,-0.22487945944531962f,-0.9648882429441256f,1.5f,0.2442849055471929f,-0.9514268904471452f,0.18738131458572374f,0f,0f,0f,0f,1f],start_interpolation:0}
execute if entity @s[tag=aj.active_beacon_core.bone.22] run data modify entity @s {} merge value {transformation:[-0.9601588293475305f,-0.21027624890523353f,0.18406227634233843f,0f,-0.13571995928299624f,-0.22487945944531962f,-0.9648882429441256f,1.5f,0.2442849055471929f,-0.9514268904471452f,0.18738131458572374f,0f,0f,0f,0f,1f],start_interpolation:0}
execute if entity @s[tag=aj.active_beacon_core.bone.23] run data modify entity @s {} merge value {transformation:[-0.9601588293475305f,-0.21027624890523353f,0.18406227634233843f,0f,-0.13571995928299624f,-0.22487945944531962f,-0.9648882429441256f,1.5f,0.2442849055471929f,-0.9514268904471452f,0.18738131458572374f,0f,0f,0f,0f,1f],start_interpolation:0}
execute if entity @s[tag=aj.active_beacon_core.bone.24] run data modify entity @s {} merge value {transformation:[-0.9601588293475305f,-0.21027624890523353f,0.18406227634233843f,0f,-0.13571995928299624f,-0.22487945944531962f,-0.9648882429441256f,1.5f,0.2442849055471929f,-0.9514268904471452f,0.18738131458572374f,0f,0f,0f,0f,1f],start_interpolation:0}
execute if entity @s[tag=aj.active_beacon_core.bone.25] run data modify entity @s {} merge value {transformation:[-0.9601588293475305f,-0.21027624890523353f,0.18406227634233843f,0f,-0.13571995928299624f,-0.22487945944531962f,-0.9648882429441256f,1.5f,0.2442849055471929f,-0.9514268904471452f,0.18738131458572374f,0f,0f,0f,0f,1f],start_interpolation:0}
execute if entity @s[tag=aj.active_beacon_core.bone.26] run data modify entity @s {} merge value {transformation:[-0.9601588293475305f,-0.21027624890523353f,0.18406227634233843f,0f,-0.13571995928299624f,-0.22487945944531962f,-0.9648882429441256f,1.5f,0.2442849055471929f,-0.9514268904471452f,0.18738131458572374f,0f,0f,0f,0f,1f],start_interpolation:0}
execute if entity @s[tag=aj.active_beacon_core.bone.27] run data modify entity @s {} merge value {transformation:[-0.958308955749581f,0.2185521076490069f,0.18406227634233843f,0f,-0.21855210764900623f,-0.1456902703353058f,-0.9648882429441256f,1.5f,-0.18406227634233835f,-0.9648882429441253f,0.18738131458572374f,0f,0f,0f,0f,1f],start_interpolation:0}