execute if entity @s[tag=aj.active_beacon_core.bone.exterior] run data modify entity @s {} merge value {transformation:[-4.191805413756645f,2.1799899728131718f,1.972513901506021f,0f,1.9725139015060202f,4.63271450862602f,-0.9281945862433539f,1.5f,-2.179989972813172f,3.3802604781390764e-16f,-4.63271450862602f,0f,0f,0f,0f,1f],start_interpolation:0}
execute if entity @s[tag=aj.active_beacon_core.bone.1] run data modify entity @s {} merge value {transformation:[-0.9220807662663836f,-0.03666600821446864f,-0.38525662138789446f,0f,0.03666600821446864f,0.9827462861996361f,-0.18128800512565507f,1.5f,0.3852566213878945f,-0.1812880051256551f,-0.9048270524660196f,0f,0f,0f,0f,1f],start_interpolation:0}
execute if entity @s[tag=aj.active_beacon_core.bone.2] run data modify entity @s {} merge value {transformation:[-0.9220807662663836f,-0.03666600821446864f,-0.38525662138789446f,0f,0.03666600821446864f,0.9827462861996361f,-0.18128800512565507f,1.5f,0.3852566213878945f,-0.1812880051256551f,-0.9048270524660196f,0f,0f,0f,0f,1f],start_interpolation:0}
execute if entity @s[tag=aj.active_beacon_core.bone.3] run data modify entity @s {} merge value {transformation:[-0.7061138842166546f,-0.5941216358568786f,-0.38525662138789446f,0f,-0.573360300588553f,0.7989947589981831f,-0.18128800512565507f,1.5f,0.4155251475247594f,0.09288087478152843f,-0.9048270524660196f,0f,0f,0f,0f,1f],start_interpolation:0}
execute if entity @s[tag=aj.active_beacon_core.bone.4] run data modify entity @s {} merge value {transformation:[-0.9124887602931054f,-0.13762847821412544f,-0.38525662138789446f,0f,-0.07139640613581949f,0.9808349567528931f,-0.18128800512565507f,1.5f,0.4028235538416796f,-0.1379173288459954f,-0.9048270524660196f,0f,0f,0f,0f,1f],start_interpolation:0}
execute if entity @s[tag=aj.active_beacon_core.bone.5] run data modify entity @s {} merge value {transformation:[-0.9124887602931054f,-0.13762847821412544f,-0.38525662138789446f,0f,-0.07139640613581949f,0.9808349567528931f,-0.18128800512565507f,1.5f,0.4028235538416796f,-0.1379173288459954f,-0.9048270524660196f,0f,0f,0f,0f,1f],start_interpolation:0}
execute if entity @s[tag=aj.active_beacon_core.bone.6] run data modify entity @s {} merge value {transformation:[-0.9124887602931054f,-0.13762847821412544f,-0.38525662138789446f,0f,-0.07139640613581949f,0.9808349567528931f,-0.18128800512565507f,1.5f,0.4028235538416796f,-0.1379173288459954f,-0.9048270524660196f,0f,0f,0f,0f,1f],start_interpolation:0}
execute if entity @s[tag=aj.active_beacon_core.bone.7] run data modify entity @s {} merge value {transformation:[-0.7061138842166546f,-0.5941216358568786f,-0.38525662138789446f,0f,-0.573360300588553f,0.7989947589981831f,-0.18128800512565507f,1.5f,0.4155251475247594f,0.09288087478152843f,-0.9048270524660196f,0f,0f,0f,0f,1f],start_interpolation:0}
execute if entity @s[tag=aj.active_beacon_core.bone.8] run data modify entity @s {} merge value {transformation:[-0.7061138842166546f,-0.5941216358568786f,-0.38525662138789446f,0f,-0.573360300588553f,0.7989947589981831f,-0.18128800512565507f,1.5f,0.4155251475247594f,0.09288087478152843f,-0.9048270524660196f,0f,0f,0f,0f,1f],start_interpolation:0}
execute if entity @s[tag=aj.active_beacon_core.bone.9] run data modify entity @s {} merge value {transformation:[-0.8187119948743449f,-0.4257792915650726f,-0.38525662138789446f,0f,-0.38525662138789457f,0.9048270524660196f,-0.18128800512565507f,1.5f,0.4257792915650725f,-3.8265136848024924e-17f,-0.9048270524660196f,0f,0f,0f,0f,1f],start_interpolation:0}
execute if entity @s[tag=aj.active_beacon_core.bone.10] run data modify entity @s {} merge value {transformation:[-0.7061138842166546f,-0.5941216358568786f,-0.38525662138789446f,0f,-0.573360300588553f,0.7989947589981831f,-0.18128800512565507f,1.5f,0.4155251475247594f,0.09288087478152843f,-0.9048270524660196f,0f,0f,0f,0f,1f],start_interpolation:0}
execute if entity @s[tag=aj.active_beacon_core.bone.11] run data modify entity @s {} merge value {transformation:[-0.7061138842166546f,-0.5941216358568786f,-0.38525662138789446f,0f,-0.573360300588553f,0.7989947589981831f,-0.18128800512565507f,1.5f,0.4155251475247594f,0.09288087478152843f,-0.9048270524660196f,0f,0f,0f,0f,1f],start_interpolation:0}
execute if entity @s[tag=aj.active_beacon_core.bone.12] run data modify entity @s {} merge value {transformation:[-0.7061138842166546f,-0.5941216358568786f,-0.38525662138789446f,0f,-0.573360300588553f,0.7989947589981831f,-0.18128800512565507f,1.5f,0.4155251475247594f,0.09288087478152843f,-0.9048270524660196f,0f,0f,0f,0f,1f],start_interpolation:0}
execute if entity @s[tag=aj.active_beacon_core.bone.13] run data modify entity @s {} merge value {transformation:[-0.7061138842166546f,-0.5941216358568786f,-0.38525662138789446f,0f,-0.573360300588553f,0.7989947589981831f,-0.18128800512565507f,1.5f,0.4155251475247594f,0.09288087478152843f,-0.9048270524660196f,0f,0f,0f,0f,1f],start_interpolation:0}
execute if entity @s[tag=aj.active_beacon_core.bone.14] run data modify entity @s {} merge value {transformation:[-0.7061138842166546f,-0.5941216358568786f,-0.38525662138789446f,0f,-0.573360300588553f,0.7989947589981831f,-0.18128800512565507f,1.5f,0.4155251475247594f,0.09288087478152843f,-0.9048270524660196f,0f,0f,0f,0f,1f],start_interpolation:0}
execute if entity @s[tag=aj.active_beacon_core.bone.15] run data modify entity @s {} merge value {transformation:[-0.9220807662663836f,-0.03666600821446864f,-0.38525662138789446f,0f,0.03666600821446864f,0.9827462861996361f,-0.18128800512565507f,1.5f,0.3852566213878945f,-0.1812880051256551f,-0.9048270524660196f,0f,0f,0f,0f,1f],start_interpolation:0}
execute if entity @s[tag=aj.active_beacon_core.bone.16] run data modify entity @s {} merge value {transformation:[-0.9220807662663836f,-0.03666600821446864f,-0.38525662138789446f,0f,0.03666600821446864f,0.9827462861996361f,-0.18128800512565507f,1.5f,0.3852566213878945f,-0.1812880051256551f,-0.9048270524660196f,0f,0f,0f,0f,1f],start_interpolation:0}
execute if entity @s[tag=aj.active_beacon_core.bone.17] run data modify entity @s {} merge value {transformation:[-0.9220807662663836f,-0.03666600821446864f,-0.38525662138789446f,0f,0.03666600821446864f,0.9827462861996361f,-0.18128800512565507f,1.5f,0.3852566213878945f,-0.1812880051256551f,-0.9048270524660196f,0f,0f,0f,0f,1f],start_interpolation:0}
execute if entity @s[tag=aj.active_beacon_core.bone.18] run data modify entity @s {} merge value {transformation:[-0.9220807662663836f,-0.03666600821446864f,-0.38525662138789446f,0f,0.03666600821446864f,0.9827462861996361f,-0.18128800512565507f,1.5f,0.3852566213878945f,-0.1812880051256551f,-0.9048270524660196f,0f,0f,0f,0f,1f],start_interpolation:0}
execute if entity @s[tag=aj.active_beacon_core.bone.19] run data modify entity @s {} merge value {transformation:[-0.9220807662663836f,-0.03666600821446864f,-0.38525662138789446f,0f,0.03666600821446864f,0.9827462861996361f,-0.18128800512565507f,1.5f,0.3852566213878945f,-0.1812880051256551f,-0.9048270524660196f,0f,0f,0f,0f,1f],start_interpolation:0}
execute if entity @s[tag=aj.active_beacon_core.bone.20] run data modify entity @s {} merge value {transformation:[-0.9220807662663836f,-0.03666600821446864f,-0.38525662138789446f,0f,0.03666600821446864f,0.9827462861996361f,-0.18128800512565507f,1.5f,0.3852566213878945f,-0.1812880051256551f,-0.9048270524660196f,0f,0f,0f,0f,1f],start_interpolation:0}
execute if entity @s[tag=aj.active_beacon_core.bone.21] run data modify entity @s {} merge value {transformation:[-0.9124887602931054f,-0.13762847821412544f,-0.38525662138789446f,0f,-0.07139640613581949f,0.9808349567528931f,-0.18128800512565507f,1.5f,0.4028235538416796f,-0.1379173288459954f,-0.9048270524660196f,0f,0f,0f,0f,1f],start_interpolation:0}
execute if entity @s[tag=aj.active_beacon_core.bone.22] run data modify entity @s {} merge value {transformation:[-0.9124887602931054f,-0.13762847821412544f,-0.38525662138789446f,0f,-0.07139640613581949f,0.9808349567528931f,-0.18128800512565507f,1.5f,0.4028235538416796f,-0.1379173288459954f,-0.9048270524660196f,0f,0f,0f,0f,1f],start_interpolation:0}
execute if entity @s[tag=aj.active_beacon_core.bone.23] run data modify entity @s {} merge value {transformation:[-0.9124887602931054f,-0.13762847821412544f,-0.38525662138789446f,0f,-0.07139640613581949f,0.9808349567528931f,-0.18128800512565507f,1.5f,0.4028235538416796f,-0.1379173288459954f,-0.9048270524660196f,0f,0f,0f,0f,1f],start_interpolation:0}
execute if entity @s[tag=aj.active_beacon_core.bone.24] run data modify entity @s {} merge value {transformation:[-0.9124887602931054f,-0.13762847821412544f,-0.38525662138789446f,0f,-0.07139640613581949f,0.9808349567528931f,-0.18128800512565507f,1.5f,0.4028235538416796f,-0.1379173288459954f,-0.9048270524660196f,0f,0f,0f,0f,1f],start_interpolation:0}
execute if entity @s[tag=aj.active_beacon_core.bone.25] run data modify entity @s {} merge value {transformation:[-0.9124887602931054f,-0.13762847821412544f,-0.38525662138789446f,0f,-0.07139640613581949f,0.9808349567528931f,-0.18128800512565507f,1.5f,0.4028235538416796f,-0.1379173288459954f,-0.9048270524660196f,0f,0f,0f,0f,1f],start_interpolation:0}
execute if entity @s[tag=aj.active_beacon_core.bone.26] run data modify entity @s {} merge value {transformation:[-0.9124887602931054f,-0.13762847821412544f,-0.38525662138789446f,0f,-0.07139640613581949f,0.9808349567528931f,-0.18128800512565507f,1.5f,0.4028235538416796f,-0.1379173288459954f,-0.9048270524660196f,0f,0f,0f,0f,1f],start_interpolation:0}
execute if entity @s[tag=aj.active_beacon_core.bone.27] run data modify entity @s {} merge value {transformation:[-0.9220807662663836f,-0.03666600821446864f,-0.38525662138789446f,0f,0.03666600821446864f,0.9827462861996361f,-0.18128800512565507f,1.5f,0.3852566213878945f,-0.1812880051256551f,-0.9048270524660196f,0f,0f,0f,0f,1f],start_interpolation:0}