execute if entity @s[tag=aj.active_beacon_core.bone.exterior] run data modify entity @s {} merge value {transformation:[-0.17977219612607426f,5.0293107237308865f,0.9423988548727742f,0f,0.9423988548727741f,0.9593923306789077f,-4.940227803873925f,1.5f,-5.0293107237308865f,9.001300222774889e-16f,-0.9593923306789076f,0f,0f,0f,0f,1f],start_interpolation:0}
execute if entity @s[tag=aj.active_beacon_core.bone.1] run data modify entity @s {} merge value {transformation:[-0.9714675301386703f,-0.14957244503567044f,-0.18406227634233865f,0f,0.14957244503567027f,0.21591378444705417f,-0.9648882429441259f,1.5f,0.1840622763423386f,-0.964888242944126f,-0.18738131458572418f,0f,0f,0f,0f,1f],start_interpolation:0}
execute if entity @s[tag=aj.active_beacon_core.bone.2] run data modify entity @s {} merge value {transformation:[-0.9714675301386703f,-0.14957244503567044f,-0.18406227634233865f,0f,0.14957244503567027f,0.21591378444705417f,-0.9648882429441259f,1.5f,0.1840622763423386f,-0.964888242944126f,-0.18738131458572418f,0f,0f,0f,0f,1f],start_interpolation:0}
execute if entity @s[tag=aj.active_beacon_core.bone.3] run data modify entity @s {} merge value {transformation:[0.5990793846500752f,-0.7792464111659186f,-0.18406227634233865f,0f,-0.2612637665648154f,0.027054073788677163f,-0.9648882429441259f,1.5f,0.7568653348962766f,0.6261334584387525f,-0.18738131458572418f,0f,0f,0f,0f,1f],start_interpolation:0}
execute if entity @s[tag=aj.active_beacon_core.bone.4] run data modify entity @s {} merge value {transformation:[-0.8633692578135479f,-0.46980272784452837f,-0.18406227634233865f,0f,0.06759165080363973f,0.2538149864957473f,-0.9648882429441259f,1.5f,0.5000248927844714f,-0.8454959192923427f,-0.18738131458572418f,0f,0f,0f,0f,1f],start_interpolation:0}
execute if entity @s[tag=aj.active_beacon_core.bone.5] run data modify entity @s {} merge value {transformation:[-0.8633692578135479f,-0.46980272784452837f,-0.18406227634233865f,0f,0.06759165080363973f,0.2538149864957473f,-0.9648882429441259f,1.5f,0.5000248927844714f,-0.8454959192923427f,-0.18738131458572418f,0f,0f,0f,0f,1f],start_interpolation:0}
execute if entity @s[tag=aj.active_beacon_core.bone.6] run data modify entity @s {} merge value {transformation:[-0.8633692578135479f,-0.46980272784452837f,-0.18406227634233865f,0f,0.06759165080363973f,0.2538149864957473f,-0.9648882429441259f,1.5f,0.5000248927844714f,-0.8454959192923427f,-0.18738131458572418f,0f,0f,0f,0f,1f],start_interpolation:0}
execute if entity @s[tag=aj.active_beacon_core.bone.7] run data modify entity @s {} merge value {transformation:[0.5990793846500752f,-0.7792464111659186f,-0.18406227634233865f,0f,-0.2612637665648154f,0.027054073788677163f,-0.9648882429441259f,1.5f,0.7568653348962766f,0.6261334584387525f,-0.18738131458572418f,0f,0f,0f,0f,1f],start_interpolation:0}
execute if entity @s[tag=aj.active_beacon_core.bone.8] run data modify entity @s {} merge value {transformation:[0.5990793846500752f,-0.7792464111659186f,-0.18406227634233865f,0f,-0.2612637665648154f,0.027054073788677163f,-0.9648882429441259f,1.5f,0.7568653348962766f,0.6261334584387525f,-0.18738131458572418f,0f,0f,0f,0f,1f],start_interpolation:0}
execute if entity @s[tag=aj.active_beacon_core.bone.9] run data modify entity @s {} merge value {transformation:[-0.03511175705587411f,-0.9822872507286888f,-0.18406227634233865f,0f,-0.18406227634233868f,0.18738131458572416f,-0.9648882429441259f,1.5f,0.9822872507286888f,-6.47843425135564e-17f,-0.18738131458572418f,0f,0f,0f,0f,1f],start_interpolation:0}
execute if entity @s[tag=aj.active_beacon_core.bone.10] run data modify entity @s {} merge value {transformation:[0.5990793846500752f,-0.7792464111659186f,-0.18406227634233865f,0f,-0.2612637665648154f,0.027054073788677163f,-0.9648882429441259f,1.5f,0.7568653348962766f,0.6261334584387525f,-0.18738131458572418f,0f,0f,0f,0f,1f],start_interpolation:0}
execute if entity @s[tag=aj.active_beacon_core.bone.11] run data modify entity @s {} merge value {transformation:[0.5990793846500752f,-0.7792464111659186f,-0.18406227634233865f,0f,-0.2612637665648154f,0.027054073788677163f,-0.9648882429441259f,1.5f,0.7568653348962766f,0.6261334584387525f,-0.18738131458572418f,0f,0f,0f,0f,1f],start_interpolation:0}
execute if entity @s[tag=aj.active_beacon_core.bone.12] run data modify entity @s {} merge value {transformation:[0.5990793846500752f,-0.7792464111659186f,-0.18406227634233865f,0f,-0.2612637665648154f,0.027054073788677163f,-0.9648882429441259f,1.5f,0.7568653348962766f,0.6261334584387525f,-0.18738131458572418f,0f,0f,0f,0f,1f],start_interpolation:0}
execute if entity @s[tag=aj.active_beacon_core.bone.13] run data modify entity @s {} merge value {transformation:[0.5990793846500752f,-0.7792464111659186f,-0.18406227634233865f,0f,-0.2612637665648154f,0.027054073788677163f,-0.9648882429441259f,1.5f,0.7568653348962766f,0.6261334584387525f,-0.18738131458572418f,0f,0f,0f,0f,1f],start_interpolation:0}
execute if entity @s[tag=aj.active_beacon_core.bone.14] run data modify entity @s {} merge value {transformation:[0.5990793846500752f,-0.7792464111659186f,-0.18406227634233865f,0f,-0.2612637665648154f,0.027054073788677163f,-0.9648882429441259f,1.5f,0.7568653348962766f,0.6261334584387525f,-0.18738131458572418f,0f,0f,0f,0f,1f],start_interpolation:0}
execute if entity @s[tag=aj.active_beacon_core.bone.15] run data modify entity @s {} merge value {transformation:[-0.9714675301386703f,-0.14957244503567044f,-0.18406227634233865f,0f,0.14957244503567027f,0.21591378444705417f,-0.9648882429441259f,1.5f,0.1840622763423386f,-0.964888242944126f,-0.18738131458572418f,0f,0f,0f,0f,1f],start_interpolation:0}
execute if entity @s[tag=aj.active_beacon_core.bone.16] run data modify entity @s {} merge value {transformation:[-0.9714675301386703f,-0.14957244503567044f,-0.18406227634233865f,0f,0.14957244503567027f,0.21591378444705417f,-0.9648882429441259f,1.5f,0.1840622763423386f,-0.964888242944126f,-0.18738131458572418f,0f,0f,0f,0f,1f],start_interpolation:0}
execute if entity @s[tag=aj.active_beacon_core.bone.17] run data modify entity @s {} merge value {transformation:[-0.9714675301386703f,-0.14957244503567044f,-0.18406227634233865f,0f,0.14957244503567027f,0.21591378444705417f,-0.9648882429441259f,1.5f,0.1840622763423386f,-0.964888242944126f,-0.18738131458572418f,0f,0f,0f,0f,1f],start_interpolation:0}
execute if entity @s[tag=aj.active_beacon_core.bone.18] run data modify entity @s {} merge value {transformation:[-0.9714675301386703f,-0.14957244503567044f,-0.18406227634233865f,0f,0.14957244503567027f,0.21591378444705417f,-0.9648882429441259f,1.5f,0.1840622763423386f,-0.964888242944126f,-0.18738131458572418f,0f,0f,0f,0f,1f],start_interpolation:0}
execute if entity @s[tag=aj.active_beacon_core.bone.19] run data modify entity @s {} merge value {transformation:[-0.9714675301386703f,-0.14957244503567044f,-0.18406227634233865f,0f,0.14957244503567027f,0.21591378444705417f,-0.9648882429441259f,1.5f,0.1840622763423386f,-0.964888242944126f,-0.18738131458572418f,0f,0f,0f,0f,1f],start_interpolation:0}
execute if entity @s[tag=aj.active_beacon_core.bone.20] run data modify entity @s {} merge value {transformation:[-0.9714675301386703f,-0.14957244503567044f,-0.18406227634233865f,0f,0.14957244503567027f,0.21591378444705417f,-0.9648882429441259f,1.5f,0.1840622763423386f,-0.964888242944126f,-0.18738131458572418f,0f,0f,0f,0f,1f],start_interpolation:0}
execute if entity @s[tag=aj.active_beacon_core.bone.21] run data modify entity @s {} merge value {transformation:[-0.8633692578135479f,-0.46980272784452837f,-0.18406227634233865f,0f,0.06759165080363973f,0.2538149864957473f,-0.9648882429441259f,1.5f,0.5000248927844714f,-0.8454959192923427f,-0.18738131458572418f,0f,0f,0f,0f,1f],start_interpolation:0}
execute if entity @s[tag=aj.active_beacon_core.bone.22] run data modify entity @s {} merge value {transformation:[-0.8633692578135479f,-0.46980272784452837f,-0.18406227634233865f,0f,0.06759165080363973f,0.2538149864957473f,-0.9648882429441259f,1.5f,0.5000248927844714f,-0.8454959192923427f,-0.18738131458572418f,0f,0f,0f,0f,1f],start_interpolation:0}
execute if entity @s[tag=aj.active_beacon_core.bone.23] run data modify entity @s {} merge value {transformation:[-0.8633692578135479f,-0.46980272784452837f,-0.18406227634233865f,0f,0.06759165080363973f,0.2538149864957473f,-0.9648882429441259f,1.5f,0.5000248927844714f,-0.8454959192923427f,-0.18738131458572418f,0f,0f,0f,0f,1f],start_interpolation:0}
execute if entity @s[tag=aj.active_beacon_core.bone.24] run data modify entity @s {} merge value {transformation:[-0.8633692578135479f,-0.46980272784452837f,-0.18406227634233865f,0f,0.06759165080363973f,0.2538149864957473f,-0.9648882429441259f,1.5f,0.5000248927844714f,-0.8454959192923427f,-0.18738131458572418f,0f,0f,0f,0f,1f],start_interpolation:0}
execute if entity @s[tag=aj.active_beacon_core.bone.25] run data modify entity @s {} merge value {transformation:[-0.8633692578135479f,-0.46980272784452837f,-0.18406227634233865f,0f,0.06759165080363973f,0.2538149864957473f,-0.9648882429441259f,1.5f,0.5000248927844714f,-0.8454959192923427f,-0.18738131458572418f,0f,0f,0f,0f,1f],start_interpolation:0}
execute if entity @s[tag=aj.active_beacon_core.bone.26] run data modify entity @s {} merge value {transformation:[-0.8633692578135479f,-0.46980272784452837f,-0.18406227634233865f,0f,0.06759165080363973f,0.2538149864957473f,-0.9648882429441259f,1.5f,0.5000248927844714f,-0.8454959192923427f,-0.18738131458572418f,0f,0f,0f,0f,1f],start_interpolation:0}
execute if entity @s[tag=aj.active_beacon_core.bone.27] run data modify entity @s {} merge value {transformation:[-0.9714675301386703f,-0.14957244503567044f,-0.18406227634233865f,0f,0.14957244503567027f,0.21591378444705417f,-0.9648882429441259f,1.5f,0.1840622763423386f,-0.964888242944126f,-0.18738131458572418f,0f,0f,0f,0f,1f],start_interpolation:0}