execute if entity @s[tag=aj.active_beacon_core.bone.exterior] run data modify entity @s {} merge value {transformation:[-4.940227803873924f,0.9593923306789097f,-0.9423988548727757f,0f,-0.9423988548727752f,-5.029310723730885f,-0.17977219612607628f,1.5f,-0.9593923306789103f,9.972810629524208e-17f,5.029310723730885f,0f,0f,0f,0f,1f],start_interpolation:0}
execute if entity @s[tag=aj.active_beacon_core.bone.1] run data modify entity @s {} merge value {transformation:[0.9126856623661461f,0.36486430373351914f,0.1840622763423388f,0f,-0.3648643037335191f,0.930398411637457f,-0.03511175705587427f,1.5f,-0.18406227634233877f,-0.035111757055874215f,0.9822872507286884f,0f,0f,0f,0f,1f],start_interpolation:0}
execute if entity @s[tag=aj.active_beacon_core.bone.2] run data modify entity @s {} merge value {transformation:[0.9126856623661461f,0.36486430373351914f,0.1840622763423388f,0f,-0.3648643037335191f,0.930398411637457f,-0.03511175705587427f,1.5f,-0.18406227634233877f,-0.035111757055874215f,0.9822872507286884f,0f,0f,0f,0f,1f],start_interpolation:0}
execute if entity @s[tag=aj.active_beacon_core.bone.3] run data modify entity @s {} merge value {transformation:[0.09574570459453502f,-0.9782401742309362f,0.1840622763423388f,0f,0.995249615512155f,0.09080400508433636f,-0.03511175705587427f,1.5f,0.0176341394630685f,0.18654970967887158f,0.9822872507286884f,0f,0f,0f,0f,1f],start_interpolation:0}
execute if entity @s[tag=aj.active_beacon_core.bone.4] run data modify entity @s {} merge value {transformation:[0.4294924536814613f,0.884113856162403f,0.1840622763423388f,0f,-0.8960347580706564f,0.4425933538200825f,-0.03511175705587427f,1.5f,-0.11250753112542107f,-0.14984596256134705f,0.9822872507286884f,0f,0f,0f,0f,1f],start_interpolation:0}
execute if entity @s[tag=aj.active_beacon_core.bone.5] run data modify entity @s {} merge value {transformation:[0.4294924536814613f,0.884113856162403f,0.1840622763423388f,0f,-0.8960347580706564f,0.4425933538200825f,-0.03511175705587427f,1.5f,-0.11250753112542107f,-0.14984596256134705f,0.9822872507286884f,0f,0f,0f,0f,1f],start_interpolation:0}
execute if entity @s[tag=aj.active_beacon_core.bone.6] run data modify entity @s {} merge value {transformation:[0.4294924536814613f,0.884113856162403f,0.1840622763423388f,0f,-0.8960347580706564f,0.4425933538200825f,-0.03511175705587427f,1.5f,-0.11250753112542107f,-0.14984596256134705f,0.9822872507286884f,0f,0f,0f,0f,1f],start_interpolation:0}
execute if entity @s[tag=aj.active_beacon_core.bone.7] run data modify entity @s {} merge value {transformation:[0.09574570459453502f,-0.9782401742309362f,0.1840622763423388f,0f,0.995249615512155f,0.09080400508433636f,-0.03511175705587427f,1.5f,0.0176341394630685f,0.18654970967887158f,0.9822872507286884f,0f,0f,0f,0f,1f],start_interpolation:0}
execute if entity @s[tag=aj.active_beacon_core.bone.8] run data modify entity @s {} merge value {transformation:[0.09574570459453502f,-0.9782401742309362f,0.1840622763423388f,0f,0.995249615512155f,0.09080400508433636f,-0.03511175705587427f,1.5f,0.0176341394630685f,0.18654970967887158f,0.9822872507286884f,0f,0f,0f,0f,1f],start_interpolation:0}
execute if entity @s[tag=aj.active_beacon_core.bone.9] run data modify entity @s {} merge value {transformation:[-0.9648882429441258f,-0.18738131458572455f,0.1840622763423388f,0f,0.1840622763423389f,-0.9822872507286884f,-0.03511175705587427f,1.5f,0.18738131458572443f,-2.6417039664696696e-17f,0.9822872507286884f,0f,0f,0f,0f,1f],start_interpolation:0}
execute if entity @s[tag=aj.active_beacon_core.bone.10] run data modify entity @s {} merge value {transformation:[0.09574570459453502f,-0.9782401742309362f,0.1840622763423388f,0f,0.995249615512155f,0.09080400508433636f,-0.03511175705587427f,1.5f,0.0176341394630685f,0.18654970967887158f,0.9822872507286884f,0f,0f,0f,0f,1f],start_interpolation:0}
execute if entity @s[tag=aj.active_beacon_core.bone.11] run data modify entity @s {} merge value {transformation:[0.09574570459453502f,-0.9782401742309362f,0.1840622763423388f,0f,0.995249615512155f,0.09080400508433636f,-0.03511175705587427f,1.5f,0.0176341394630685f,0.18654970967887158f,0.9822872507286884f,0f,0f,0f,0f,1f],start_interpolation:0}
execute if entity @s[tag=aj.active_beacon_core.bone.12] run data modify entity @s {} merge value {transformation:[0.09574570459453502f,-0.9782401742309362f,0.1840622763423388f,0f,0.995249615512155f,0.09080400508433636f,-0.03511175705587427f,1.5f,0.0176341394630685f,0.18654970967887158f,0.9822872507286884f,0f,0f,0f,0f,1f],start_interpolation:0}
execute if entity @s[tag=aj.active_beacon_core.bone.13] run data modify entity @s {} merge value {transformation:[0.09574570459453502f,-0.9782401742309362f,0.1840622763423388f,0f,0.995249615512155f,0.09080400508433636f,-0.03511175705587427f,1.5f,0.0176341394630685f,0.18654970967887158f,0.9822872507286884f,0f,0f,0f,0f,1f],start_interpolation:0}
execute if entity @s[tag=aj.active_beacon_core.bone.14] run data modify entity @s {} merge value {transformation:[0.09574570459453502f,-0.9782401742309362f,0.1840622763423388f,0f,0.995249615512155f,0.09080400508433636f,-0.03511175705587427f,1.5f,0.0176341394630685f,0.18654970967887158f,0.9822872507286884f,0f,0f,0f,0f,1f],start_interpolation:0}
execute if entity @s[tag=aj.active_beacon_core.bone.15] run data modify entity @s {} merge value {transformation:[0.9126856623661461f,0.36486430373351914f,0.1840622763423388f,0f,-0.3648643037335191f,0.930398411637457f,-0.03511175705587427f,1.5f,-0.18406227634233877f,-0.035111757055874215f,0.9822872507286884f,0f,0f,0f,0f,1f],start_interpolation:0}
execute if entity @s[tag=aj.active_beacon_core.bone.16] run data modify entity @s {} merge value {transformation:[0.9126856623661461f,0.36486430373351914f,0.1840622763423388f,0f,-0.3648643037335191f,0.930398411637457f,-0.03511175705587427f,1.5f,-0.18406227634233877f,-0.035111757055874215f,0.9822872507286884f,0f,0f,0f,0f,1f],start_interpolation:0}
execute if entity @s[tag=aj.active_beacon_core.bone.17] run data modify entity @s {} merge value {transformation:[0.9126856623661461f,0.36486430373351914f,0.1840622763423388f,0f,-0.3648643037335191f,0.930398411637457f,-0.03511175705587427f,1.5f,-0.18406227634233877f,-0.035111757055874215f,0.9822872507286884f,0f,0f,0f,0f,1f],start_interpolation:0}
execute if entity @s[tag=aj.active_beacon_core.bone.18] run data modify entity @s {} merge value {transformation:[0.9126856623661461f,0.36486430373351914f,0.1840622763423388f,0f,-0.3648643037335191f,0.930398411637457f,-0.03511175705587427f,1.5f,-0.18406227634233877f,-0.035111757055874215f,0.9822872507286884f,0f,0f,0f,0f,1f],start_interpolation:0}
execute if entity @s[tag=aj.active_beacon_core.bone.19] run data modify entity @s {} merge value {transformation:[0.9126856623661461f,0.36486430373351914f,0.1840622763423388f,0f,-0.3648643037335191f,0.930398411637457f,-0.03511175705587427f,1.5f,-0.18406227634233877f,-0.035111757055874215f,0.9822872507286884f,0f,0f,0f,0f,1f],start_interpolation:0}
execute if entity @s[tag=aj.active_beacon_core.bone.20] run data modify entity @s {} merge value {transformation:[0.9126856623661461f,0.36486430373351914f,0.1840622763423388f,0f,-0.3648643037335191f,0.930398411637457f,-0.03511175705587427f,1.5f,-0.18406227634233877f,-0.035111757055874215f,0.9822872507286884f,0f,0f,0f,0f,1f],start_interpolation:0}
execute if entity @s[tag=aj.active_beacon_core.bone.21] run data modify entity @s {} merge value {transformation:[0.4294924536814613f,0.884113856162403f,0.1840622763423388f,0f,-0.8960347580706564f,0.4425933538200825f,-0.03511175705587427f,1.5f,-0.11250753112542107f,-0.14984596256134705f,0.9822872507286884f,0f,0f,0f,0f,1f],start_interpolation:0}
execute if entity @s[tag=aj.active_beacon_core.bone.22] run data modify entity @s {} merge value {transformation:[0.4294924536814613f,0.884113856162403f,0.1840622763423388f,0f,-0.8960347580706564f,0.4425933538200825f,-0.03511175705587427f,1.5f,-0.11250753112542107f,-0.14984596256134705f,0.9822872507286884f,0f,0f,0f,0f,1f],start_interpolation:0}
execute if entity @s[tag=aj.active_beacon_core.bone.23] run data modify entity @s {} merge value {transformation:[0.4294924536814613f,0.884113856162403f,0.1840622763423388f,0f,-0.8960347580706564f,0.4425933538200825f,-0.03511175705587427f,1.5f,-0.11250753112542107f,-0.14984596256134705f,0.9822872507286884f,0f,0f,0f,0f,1f],start_interpolation:0}
execute if entity @s[tag=aj.active_beacon_core.bone.24] run data modify entity @s {} merge value {transformation:[0.4294924536814613f,0.884113856162403f,0.1840622763423388f,0f,-0.8960347580706564f,0.4425933538200825f,-0.03511175705587427f,1.5f,-0.11250753112542107f,-0.14984596256134705f,0.9822872507286884f,0f,0f,0f,0f,1f],start_interpolation:0}
execute if entity @s[tag=aj.active_beacon_core.bone.25] run data modify entity @s {} merge value {transformation:[0.4294924536814613f,0.884113856162403f,0.1840622763423388f,0f,-0.8960347580706564f,0.4425933538200825f,-0.03511175705587427f,1.5f,-0.11250753112542107f,-0.14984596256134705f,0.9822872507286884f,0f,0f,0f,0f,1f],start_interpolation:0}
execute if entity @s[tag=aj.active_beacon_core.bone.26] run data modify entity @s {} merge value {transformation:[0.4294924536814613f,0.884113856162403f,0.1840622763423388f,0f,-0.8960347580706564f,0.4425933538200825f,-0.03511175705587427f,1.5f,-0.11250753112542107f,-0.14984596256134705f,0.9822872507286884f,0f,0f,0f,0f,1f],start_interpolation:0}
execute if entity @s[tag=aj.active_beacon_core.bone.27] run data modify entity @s {} merge value {transformation:[0.9126856623661461f,0.36486430373351914f,0.1840622763423388f,0f,-0.3648643037335191f,0.930398411637457f,-0.03511175705587427f,1.5f,-0.18406227634233877f,-0.035111757055874215f,0.9822872507286884f,0f,0f,0f,0f,1f],start_interpolation:0}