execute if entity @s[tag=aj.active_beacon_core.bone.exterior] run data modify entity @s {} merge value {transformation:[-5.099813635365063f,0.32148745999008455f,0.32085307792461953f,0f,0.3208530779246189f,5.109896849552751f,-0.020186364634936754f,1.5f,-0.3214874599900852f,3.9370858884286983e-17f,-5.109896849552751f,0f,0f,0f,0f,1f],start_interpolation:0}
execute if entity @s[tag=aj.active_beacon_core.bone.1] run data modify entity @s {} merge value {transformation:[-0.9980345083461369f,-0.00012365825339262504f,-0.062666616782152f,0f,0.00012365825339261116f,0.9999922200821346f,-0.003942649342761085f,1.5f,0.062666616782152f,-0.0039426493427610855f,-0.9980267284282716f,0f,0f,0f,0f,1f],start_interpolation:0}
execute if entity @s[tag=aj.active_beacon_core.bone.2] run data modify entity @s {} merge value {transformation:[-0.9980345083461369f,-0.00012365825339262504f,-0.062666616782152f,0f,0.00012365825339261116f,0.9999922200821346f,-0.003942649342761085f,1.5f,0.062666616782152f,-0.0039426493427610855f,-0.9980267284282716f,0f,0f,0f,0f,1f],start_interpolation:0}
execute if entity @s[tag=aj.active_beacon_core.bone.3] run data modify entity @s {} merge value {transformation:[-0.9935935586010944f,-0.09404645366781461f,-0.062666616782152f,0f,-0.09398447170987931f,0.9955658564824202f,-0.003942649342761085f,1.5f,0.0627595361983212f,0.0019722978813257607f,-0.9980267284282716f,0f,0f,0f,0f,1f],start_interpolation:0}
execute if entity @s[tag=aj.active_beacon_core.bone.4] run data modify entity @s {} merge value {transformation:[-0.9979094409662009f,-0.015800087708720503f,-0.062666616782152f,0f,-0.015583552112201339f,0.9998707958630088f,-0.003942649342761085f,1.5f,0.06272081420143286f,-0.002957838513240458f,-0.9980267284282716f,0f,0f,0f,0f,1f],start_interpolation:0}
execute if entity @s[tag=aj.active_beacon_core.bone.5] run data modify entity @s {} merge value {transformation:[-0.9979094409662009f,-0.015800087708720503f,-0.062666616782152f,0f,-0.015583552112201339f,0.9998707958630088f,-0.003942649342761085f,1.5f,0.06272081420143286f,-0.002957838513240458f,-0.9980267284282716f,0f,0f,0f,0f,1f],start_interpolation:0}
execute if entity @s[tag=aj.active_beacon_core.bone.6] run data modify entity @s {} merge value {transformation:[-0.9979094409662009f,-0.015800087708720503f,-0.062666616782152f,0f,-0.015583552112201339f,0.9998707958630088f,-0.003942649342761085f,1.5f,0.06272081420143286f,-0.002957838513240458f,-0.9980267284282716f,0f,0f,0f,0f,1f],start_interpolation:0}
execute if entity @s[tag=aj.active_beacon_core.bone.7] run data modify entity @s {} merge value {transformation:[-0.9935935586010944f,-0.09404645366781461f,-0.062666616782152f,0f,-0.09398447170987931f,0.9955658564824202f,-0.003942649342761085f,1.5f,0.0627595361983212f,0.0019722978813257607f,-0.9980267284282716f,0f,0f,0f,0f,1f],start_interpolation:0}
execute if entity @s[tag=aj.active_beacon_core.bone.8] run data modify entity @s {} merge value {transformation:[-0.9935935586010944f,-0.09404645366781461f,-0.062666616782152f,0f,-0.09398447170987931f,0.9955658564824202f,-0.003942649342761085f,1.5f,0.0627595361983212f,0.0019722978813257607f,-0.9980267284282716f,0f,0f,0f,0f,1f],start_interpolation:0}
execute if entity @s[tag=aj.active_beacon_core.bone.9] run data modify entity @s {} merge value {transformation:[-0.9960573506572389f,-0.06279051952931339f,-0.062666616782152f,0f,-0.06266661678215213f,0.9980267284282716f,-0.003942649342761085f,1.5f,0.06279051952931326f,-7.689620875837301e-18f,-0.9980267284282716f,0f,0f,0f,0f,1f],start_interpolation:0}
execute if entity @s[tag=aj.active_beacon_core.bone.10] run data modify entity @s {} merge value {transformation:[-0.9935935586010944f,-0.09404645366781461f,-0.062666616782152f,0f,-0.09398447170987931f,0.9955658564824202f,-0.003942649342761085f,1.5f,0.0627595361983212f,0.0019722978813257607f,-0.9980267284282716f,0f,0f,0f,0f,1f],start_interpolation:0}
execute if entity @s[tag=aj.active_beacon_core.bone.11] run data modify entity @s {} merge value {transformation:[-0.9935935586010944f,-0.09404645366781461f,-0.062666616782152f,0f,-0.09398447170987931f,0.9955658564824202f,-0.003942649342761085f,1.5f,0.0627595361983212f,0.0019722978813257607f,-0.9980267284282716f,0f,0f,0f,0f,1f],start_interpolation:0}
execute if entity @s[tag=aj.active_beacon_core.bone.12] run data modify entity @s {} merge value {transformation:[-0.9935935586010944f,-0.09404645366781461f,-0.062666616782152f,0f,-0.09398447170987931f,0.9955658564824202f,-0.003942649342761085f,1.5f,0.0627595361983212f,0.0019722978813257607f,-0.9980267284282716f,0f,0f,0f,0f,1f],start_interpolation:0}
execute if entity @s[tag=aj.active_beacon_core.bone.13] run data modify entity @s {} merge value {transformation:[-0.9935935586010944f,-0.09404645366781461f,-0.062666616782152f,0f,-0.09398447170987931f,0.9955658564824202f,-0.003942649342761085f,1.5f,0.0627595361983212f,0.0019722978813257607f,-0.9980267284282716f,0f,0f,0f,0f,1f],start_interpolation:0}
execute if entity @s[tag=aj.active_beacon_core.bone.14] run data modify entity @s {} merge value {transformation:[-0.9935935586010944f,-0.09404645366781461f,-0.062666616782152f,0f,-0.09398447170987931f,0.9955658564824202f,-0.003942649342761085f,1.5f,0.0627595361983212f,0.0019722978813257607f,-0.9980267284282716f,0f,0f,0f,0f,1f],start_interpolation:0}
execute if entity @s[tag=aj.active_beacon_core.bone.15] run data modify entity @s {} merge value {transformation:[-0.9980345083461369f,-0.00012365825339262504f,-0.062666616782152f,0f,0.00012365825339261116f,0.9999922200821346f,-0.003942649342761085f,1.5f,0.062666616782152f,-0.0039426493427610855f,-0.9980267284282716f,0f,0f,0f,0f,1f],start_interpolation:0}
execute if entity @s[tag=aj.active_beacon_core.bone.16] run data modify entity @s {} merge value {transformation:[-0.9980345083461369f,-0.00012365825339262504f,-0.062666616782152f,0f,0.00012365825339261116f,0.9999922200821346f,-0.003942649342761085f,1.5f,0.062666616782152f,-0.0039426493427610855f,-0.9980267284282716f,0f,0f,0f,0f,1f],start_interpolation:0}
execute if entity @s[tag=aj.active_beacon_core.bone.17] run data modify entity @s {} merge value {transformation:[-0.9980345083461369f,-0.00012365825339262504f,-0.062666616782152f,0f,0.00012365825339261116f,0.9999922200821346f,-0.003942649342761085f,1.5f,0.062666616782152f,-0.0039426493427610855f,-0.9980267284282716f,0f,0f,0f,0f,1f],start_interpolation:0}
execute if entity @s[tag=aj.active_beacon_core.bone.18] run data modify entity @s {} merge value {transformation:[-0.9980345083461369f,-0.00012365825339262504f,-0.062666616782152f,0f,0.00012365825339261116f,0.9999922200821346f,-0.003942649342761085f,1.5f,0.062666616782152f,-0.0039426493427610855f,-0.9980267284282716f,0f,0f,0f,0f,1f],start_interpolation:0}
execute if entity @s[tag=aj.active_beacon_core.bone.19] run data modify entity @s {} merge value {transformation:[-0.9980345083461369f,-0.00012365825339262504f,-0.062666616782152f,0f,0.00012365825339261116f,0.9999922200821346f,-0.003942649342761085f,1.5f,0.062666616782152f,-0.0039426493427610855f,-0.9980267284282716f,0f,0f,0f,0f,1f],start_interpolation:0}
execute if entity @s[tag=aj.active_beacon_core.bone.20] run data modify entity @s {} merge value {transformation:[-0.9980345083461369f,-0.00012365825339262504f,-0.062666616782152f,0f,0.00012365825339261116f,0.9999922200821346f,-0.003942649342761085f,1.5f,0.062666616782152f,-0.0039426493427610855f,-0.9980267284282716f,0f,0f,0f,0f,1f],start_interpolation:0}
execute if entity @s[tag=aj.active_beacon_core.bone.21] run data modify entity @s {} merge value {transformation:[-0.9979094409662009f,-0.015800087708720503f,-0.062666616782152f,0f,-0.015583552112201339f,0.9998707958630088f,-0.003942649342761085f,1.5f,0.06272081420143286f,-0.002957838513240458f,-0.9980267284282716f,0f,0f,0f,0f,1f],start_interpolation:0}
execute if entity @s[tag=aj.active_beacon_core.bone.22] run data modify entity @s {} merge value {transformation:[-0.9979094409662009f,-0.015800087708720503f,-0.062666616782152f,0f,-0.015583552112201339f,0.9998707958630088f,-0.003942649342761085f,1.5f,0.06272081420143286f,-0.002957838513240458f,-0.9980267284282716f,0f,0f,0f,0f,1f],start_interpolation:0}
execute if entity @s[tag=aj.active_beacon_core.bone.23] run data modify entity @s {} merge value {transformation:[-0.9979094409662009f,-0.015800087708720503f,-0.062666616782152f,0f,-0.015583552112201339f,0.9998707958630088f,-0.003942649342761085f,1.5f,0.06272081420143286f,-0.002957838513240458f,-0.9980267284282716f,0f,0f,0f,0f,1f],start_interpolation:0}
execute if entity @s[tag=aj.active_beacon_core.bone.24] run data modify entity @s {} merge value {transformation:[-0.9979094409662009f,-0.015800087708720503f,-0.062666616782152f,0f,-0.015583552112201339f,0.9998707958630088f,-0.003942649342761085f,1.5f,0.06272081420143286f,-0.002957838513240458f,-0.9980267284282716f,0f,0f,0f,0f,1f],start_interpolation:0}
execute if entity @s[tag=aj.active_beacon_core.bone.25] run data modify entity @s {} merge value {transformation:[-0.9979094409662009f,-0.015800087708720503f,-0.062666616782152f,0f,-0.015583552112201339f,0.9998707958630088f,-0.003942649342761085f,1.5f,0.06272081420143286f,-0.002957838513240458f,-0.9980267284282716f,0f,0f,0f,0f,1f],start_interpolation:0}
execute if entity @s[tag=aj.active_beacon_core.bone.26] run data modify entity @s {} merge value {transformation:[-0.9979094409662009f,-0.015800087708720503f,-0.062666616782152f,0f,-0.015583552112201339f,0.9998707958630088f,-0.003942649342761085f,1.5f,0.06272081420143286f,-0.002957838513240458f,-0.9980267284282716f,0f,0f,0f,0f,1f],start_interpolation:0}
execute if entity @s[tag=aj.active_beacon_core.bone.27] run data modify entity @s {} merge value {transformation:[-0.9980345083461369f,-0.00012365825339262504f,-0.062666616782152f,0f,0.00012365825339261116f,0.9999922200821346f,-0.003942649342761085f,1.5f,0.062666616782152f,-0.0039426493427610855f,-0.9980267284282716f,0f,0f,0f,0f,1f],start_interpolation:0}