execute if entity @s[tag=aj.active_beacon_core.bone.exterior] run data modify entity @s {} merge value {transformation:[-3.039696165339456f,-3.263610827513291f,2.5146553618654424f,0f,2.514655361865443f,-3.945027803012041f,-2.0803038346605445f,1.5f,3.2636108275132902f,-5.417856025096997e-16f,3.945027803012042f,0f,0f,0f,0f,1f],start_interpolation:0}
execute if entity @s[tag=aj.active_beacon_core.bone.1] run data modify entity @s {} merge value {transformation:[0.05113717084927549f,-0.8695762928124826f,-0.4911436253643444f,0f,0.8695762928124826f,0.28062392807348624f,-0.4063093427071376f,1.5f,0.4911436253643443f,-0.4063093427071377f,0.7705132427757891f,0f,0f,0f,0f,1f],start_interpolation:0}
execute if entity @s[tag=aj.active_beacon_core.bone.2] run data modify entity @s {} merge value {transformation:[0.05113717084927549f,-0.8695762928124826f,-0.4911436253643444f,0f,0.8695762928124826f,0.28062392807348624f,-0.4063093427071376f,1.5f,0.4911436253643443f,-0.4063093427071377f,0.7705132427757891f,0f,0f,0f,0f,1f],start_interpolation:0}
execute if entity @s[tag=aj.active_beacon_core.bone.3] run data modify entity @s {} merge value {transformation:[-0.3986344351041732f,-0.7745117987565748f,-0.4911436253643444f,0f,0.891330062549949f,-0.20110553852044416f,-0.4063093427071376f,1.5f,0.21591967660192704f,-0.5997399736246175f,0.7705132427757891f,0f,0f,0f,0f,1f],start_interpolation:0}
execute if entity @s[tag=aj.active_beacon_core.bone.4] run data modify entity @s {} merge value {transformation:[0.740847740057f,-0.4581730735392512f,-0.4911436253643444f,0f,0.27041854796347814f,0.8728038307353019f,-0.4063093427071376f,1.5f,0.614832038015066f,0.16819901229608353f,0.7705132427757891f,0f,0f,0f,0f,1f],start_interpolation:0}
execute if entity @s[tag=aj.active_beacon_core.bone.5] run data modify entity @s {} merge value {transformation:[0.740847740057f,-0.4581730735392512f,-0.4911436253643444f,0f,0.27041854796347814f,0.8728038307353019f,-0.4063093427071376f,1.5f,0.614832038015066f,0.16819901229608353f,0.7705132427757891f,0f,0f,0f,0f,1f],start_interpolation:0}
execute if entity @s[tag=aj.active_beacon_core.bone.6] run data modify entity @s {} merge value {transformation:[0.740847740057f,-0.4581730735392512f,-0.4911436253643444f,0f,0.27041854796347814f,0.8728038307353019f,-0.4063093427071376f,1.5f,0.614832038015066f,0.16819901229608353f,0.7705132427757891f,0f,0f,0f,0f,1f],start_interpolation:0}
execute if entity @s[tag=aj.active_beacon_core.bone.7] run data modify entity @s {} merge value {transformation:[-0.3986344351041732f,-0.7745117987565748f,-0.4911436253643444f,0f,0.891330062549949f,-0.20110553852044416f,-0.4063093427071376f,1.5f,0.21591967660192704f,-0.5997399736246175f,0.7705132427757891f,0f,0f,0f,0f,1f],start_interpolation:0}
execute if entity @s[tag=aj.active_beacon_core.bone.8] run data modify entity @s {} merge value {transformation:[-0.3986344351041732f,-0.7745117987565748f,-0.4911436253643444f,0f,0.891330062549949f,-0.20110553852044416f,-0.4063093427071376f,1.5f,0.21591967660192704f,-0.5997399736246175f,0.7705132427757891f,0f,0f,0f,0f,1f],start_interpolation:0}
execute if entity @s[tag=aj.active_beacon_core.bone.9] run data modify entity @s {} merge value {transformation:[-0.5936906572928623f,0.6374239897486896f,-0.4911436253643444f,0f,-0.4911436253643443f,-0.7705132427757893f,-0.4063093427071376f,1.5f,-0.6374239897486897f,5.030634925891789e-17f,0.7705132427757891f,0f,0f,0f,0f,1f],start_interpolation:0}
execute if entity @s[tag=aj.active_beacon_core.bone.10] run data modify entity @s {} merge value {transformation:[-0.3986344351041732f,-0.7745117987565748f,-0.4911436253643444f,0f,0.891330062549949f,-0.20110553852044416f,-0.4063093427071376f,1.5f,0.21591967660192704f,-0.5997399736246175f,0.7705132427757891f,0f,0f,0f,0f,1f],start_interpolation:0}
execute if entity @s[tag=aj.active_beacon_core.bone.11] run data modify entity @s {} merge value {transformation:[-0.3986344351041732f,-0.7745117987565748f,-0.4911436253643444f,0f,0.891330062549949f,-0.20110553852044416f,-0.4063093427071376f,1.5f,0.21591967660192704f,-0.5997399736246175f,0.7705132427757891f,0f,0f,0f,0f,1f],start_interpolation:0}
execute if entity @s[tag=aj.active_beacon_core.bone.12] run data modify entity @s {} merge value {transformation:[-0.3986344351041732f,-0.7745117987565748f,-0.4911436253643444f,0f,0.891330062549949f,-0.20110553852044416f,-0.4063093427071376f,1.5f,0.21591967660192704f,-0.5997399736246175f,0.7705132427757891f,0f,0f,0f,0f,1f],start_interpolation:0}
execute if entity @s[tag=aj.active_beacon_core.bone.13] run data modify entity @s {} merge value {transformation:[-0.3986344351041732f,-0.7745117987565748f,-0.4911436253643444f,0f,0.891330062549949f,-0.20110553852044416f,-0.4063093427071376f,1.5f,0.21591967660192704f,-0.5997399736246175f,0.7705132427757891f,0f,0f,0f,0f,1f],start_interpolation:0}
execute if entity @s[tag=aj.active_beacon_core.bone.14] run data modify entity @s {} merge value {transformation:[-0.3986344351041732f,-0.7745117987565748f,-0.4911436253643444f,0f,0.891330062549949f,-0.20110553852044416f,-0.4063093427071376f,1.5f,0.21591967660192704f,-0.5997399736246175f,0.7705132427757891f,0f,0f,0f,0f,1f],start_interpolation:0}
execute if entity @s[tag=aj.active_beacon_core.bone.15] run data modify entity @s {} merge value {transformation:[0.05113717084927549f,-0.8695762928124826f,-0.4911436253643444f,0f,0.8695762928124826f,0.28062392807348624f,-0.4063093427071376f,1.5f,0.4911436253643443f,-0.4063093427071377f,0.7705132427757891f,0f,0f,0f,0f,1f],start_interpolation:0}
execute if entity @s[tag=aj.active_beacon_core.bone.16] run data modify entity @s {} merge value {transformation:[0.05113717084927549f,-0.8695762928124826f,-0.4911436253643444f,0f,0.8695762928124826f,0.28062392807348624f,-0.4063093427071376f,1.5f,0.4911436253643443f,-0.4063093427071377f,0.7705132427757891f,0f,0f,0f,0f,1f],start_interpolation:0}
execute if entity @s[tag=aj.active_beacon_core.bone.17] run data modify entity @s {} merge value {transformation:[0.05113717084927549f,-0.8695762928124826f,-0.4911436253643444f,0f,0.8695762928124826f,0.28062392807348624f,-0.4063093427071376f,1.5f,0.4911436253643443f,-0.4063093427071377f,0.7705132427757891f,0f,0f,0f,0f,1f],start_interpolation:0}
execute if entity @s[tag=aj.active_beacon_core.bone.18] run data modify entity @s {} merge value {transformation:[0.05113717084927549f,-0.8695762928124826f,-0.4911436253643444f,0f,0.8695762928124826f,0.28062392807348624f,-0.4063093427071376f,1.5f,0.4911436253643443f,-0.4063093427071377f,0.7705132427757891f,0f,0f,0f,0f,1f],start_interpolation:0}
execute if entity @s[tag=aj.active_beacon_core.bone.19] run data modify entity @s {} merge value {transformation:[0.05113717084927549f,-0.8695762928124826f,-0.4911436253643444f,0f,0.8695762928124826f,0.28062392807348624f,-0.4063093427071376f,1.5f,0.4911436253643443f,-0.4063093427071377f,0.7705132427757891f,0f,0f,0f,0f,1f],start_interpolation:0}
execute if entity @s[tag=aj.active_beacon_core.bone.20] run data modify entity @s {} merge value {transformation:[0.05113717084927549f,-0.8695762928124826f,-0.4911436253643444f,0f,0.8695762928124826f,0.28062392807348624f,-0.4063093427071376f,1.5f,0.4911436253643443f,-0.4063093427071377f,0.7705132427757891f,0f,0f,0f,0f,1f],start_interpolation:0}
execute if entity @s[tag=aj.active_beacon_core.bone.21] run data modify entity @s {} merge value {transformation:[0.740847740057f,-0.4581730735392512f,-0.4911436253643444f,0f,0.27041854796347814f,0.8728038307353019f,-0.4063093427071376f,1.5f,0.614832038015066f,0.16819901229608353f,0.7705132427757891f,0f,0f,0f,0f,1f],start_interpolation:0}
execute if entity @s[tag=aj.active_beacon_core.bone.22] run data modify entity @s {} merge value {transformation:[0.740847740057f,-0.4581730735392512f,-0.4911436253643444f,0f,0.27041854796347814f,0.8728038307353019f,-0.4063093427071376f,1.5f,0.614832038015066f,0.16819901229608353f,0.7705132427757891f,0f,0f,0f,0f,1f],start_interpolation:0}
execute if entity @s[tag=aj.active_beacon_core.bone.23] run data modify entity @s {} merge value {transformation:[0.740847740057f,-0.4581730735392512f,-0.4911436253643444f,0f,0.27041854796347814f,0.8728038307353019f,-0.4063093427071376f,1.5f,0.614832038015066f,0.16819901229608353f,0.7705132427757891f,0f,0f,0f,0f,1f],start_interpolation:0}
execute if entity @s[tag=aj.active_beacon_core.bone.24] run data modify entity @s {} merge value {transformation:[0.740847740057f,-0.4581730735392512f,-0.4911436253643444f,0f,0.27041854796347814f,0.8728038307353019f,-0.4063093427071376f,1.5f,0.614832038015066f,0.16819901229608353f,0.7705132427757891f,0f,0f,0f,0f,1f],start_interpolation:0}
execute if entity @s[tag=aj.active_beacon_core.bone.25] run data modify entity @s {} merge value {transformation:[0.740847740057f,-0.4581730735392512f,-0.4911436253643444f,0f,0.27041854796347814f,0.8728038307353019f,-0.4063093427071376f,1.5f,0.614832038015066f,0.16819901229608353f,0.7705132427757891f,0f,0f,0f,0f,1f],start_interpolation:0}
execute if entity @s[tag=aj.active_beacon_core.bone.26] run data modify entity @s {} merge value {transformation:[0.740847740057f,-0.4581730735392512f,-0.4911436253643444f,0f,0.27041854796347814f,0.8728038307353019f,-0.4063093427071376f,1.5f,0.614832038015066f,0.16819901229608353f,0.7705132427757891f,0f,0f,0f,0f,1f],start_interpolation:0}
execute if entity @s[tag=aj.active_beacon_core.bone.27] run data modify entity @s {} merge value {transformation:[0.05113717084927549f,-0.8695762928124826f,-0.4911436253643444f,0f,0.8695762928124826f,0.28062392807348624f,-0.4063093427071376f,1.5f,0.4911436253643443f,-0.4063093427071377f,0.7705132427757891f,0f,0f,0f,0f,1f],start_interpolation:0}