execute if entity @s[tag=aj.active_beacon_core.bone.exterior] run data modify entity @s {} merge value {transformation:[-1.4700050135934175f,-4.322958978570315f,2.3163572543130106f,0f,2.3163572543130106f,-2.7434331902924645f,-3.649994986406583f,1.5f,4.322958978570315f,-8.136268818991849e-16f,2.7434331902924645f,0f,0f,0f,0f,1f],start_interpolation:0}
execute if entity @s[tag=aj.active_beacon_core.bone.1] run data modify entity @s {} merge value {transformation:[-0.5590482248769074f,-0.69482881599959f,-0.45241352623300995f,0f,0.69482881599959f,-0.09487501985590452f,-0.7128896457825358f,1.5f,0.45241352623300984f,-0.7128896457825358f,0.535826794978997f,0f,0f,0f,0f,1f],start_interpolation:0}
execute if entity @s[tag=aj.active_beacon_core.bone.2] run data modify entity @s {} merge value {transformation:[-0.5590482248769074f,-0.69482881599959f,-0.45241352623300995f,0f,0.69482881599959f,-0.09487501985590452f,-0.7128896457825358f,1.5f,0.45241352623300984f,-0.7128896457825358f,0.535826794978997f,0f,0f,0f,0f,1f],start_interpolation:0}
execute if entity @s[tag=aj.active_beacon_core.bone.3] run data modify entity @s {} merge value {transformation:[-0.601573733248085f,-0.6583548015677985f,-0.45241352623300995f,0f,0.687500478262654f,-0.13831646801690817f,-0.7128896457825358f,1.5f,0.40675808025727467f,-0.7398902012649932f,0.535826794978997f,0f,0f,0f,0f,1f],start_interpolation:0}
execute if entity @s[tag=aj.active_beacon_core.bone.4] run data modify entity @s {} merge value {transformation:[0.31348966364016434f,-0.8348929464740915f,-0.45241352623300995f,0f,0.4353595611033963f,0.5497730490774431f,-0.7128896457825358f,1.5f,0.8439113006392525f,0.026520981050879917f,0.535826794978997f,0f,0f,0f,0f,1f],start_interpolation:0}
execute if entity @s[tag=aj.active_beacon_core.bone.5] run data modify entity @s {} merge value {transformation:[0.31348966364016434f,-0.8348929464740915f,-0.45241352623300995f,0f,0.4353595611033963f,0.5497730490774431f,-0.7128896457825358f,1.5f,0.8439113006392525f,0.026520981050879917f,0.535826794978997f,0f,0f,0f,0f,1f],start_interpolation:0}
execute if entity @s[tag=aj.active_beacon_core.bone.6] run data modify entity @s {} merge value {transformation:[0.31348966364016434f,-0.8348929464740915f,-0.45241352623300995f,0f,0.4353595611033963f,0.5497730490774431f,-0.7128896457825358f,1.5f,0.8439113006392525f,0.026520981050879917f,0.535826794978997f,0f,0f,0f,0f,1f],start_interpolation:0}
execute if entity @s[tag=aj.active_beacon_core.bone.7] run data modify entity @s {} merge value {transformation:[-0.601573733248085f,-0.6583548015677985f,-0.45241352623300995f,0f,0.687500478262654f,-0.13831646801690817f,-0.7128896457825358f,1.5f,0.40675808025727467f,-0.7398902012649932f,0.535826794978997f,0f,0f,0f,0f,1f],start_interpolation:0}
execute if entity @s[tag=aj.active_beacon_core.bone.8] run data modify entity @s {} merge value {transformation:[-0.601573733248085f,-0.6583548015677985f,-0.45241352623300995f,0f,0.687500478262654f,-0.13831646801690817f,-0.7128896457825358f,1.5f,0.40675808025727467f,-0.7398902012649932f,0.535826794978997f,0f,0f,0f,0f,1f],start_interpolation:0}
execute if entity @s[tag=aj.active_beacon_core.bone.9] run data modify entity @s {} merge value {transformation:[-0.2871103542174641f,0.8443279255020147f,-0.45241352623300995f,0f,-0.4524135262330099f,-0.535826794978997f,-0.7128896457825358f,1.5f,-0.8443279255020147f,4.78891979084189e-17f,0.535826794978997f,0f,0f,0f,0f,1f],start_interpolation:0}
execute if entity @s[tag=aj.active_beacon_core.bone.10] run data modify entity @s {} merge value {transformation:[-0.601573733248085f,-0.6583548015677985f,-0.45241352623300995f,0f,0.687500478262654f,-0.13831646801690817f,-0.7128896457825358f,1.5f,0.40675808025727467f,-0.7398902012649932f,0.535826794978997f,0f,0f,0f,0f,1f],start_interpolation:0}
execute if entity @s[tag=aj.active_beacon_core.bone.11] run data modify entity @s {} merge value {transformation:[-0.601573733248085f,-0.6583548015677985f,-0.45241352623300995f,0f,0.687500478262654f,-0.13831646801690817f,-0.7128896457825358f,1.5f,0.40675808025727467f,-0.7398902012649932f,0.535826794978997f,0f,0f,0f,0f,1f],start_interpolation:0}
execute if entity @s[tag=aj.active_beacon_core.bone.12] run data modify entity @s {} merge value {transformation:[-0.601573733248085f,-0.6583548015677985f,-0.45241352623300995f,0f,0.687500478262654f,-0.13831646801690817f,-0.7128896457825358f,1.5f,0.40675808025727467f,-0.7398902012649932f,0.535826794978997f,0f,0f,0f,0f,1f],start_interpolation:0}
execute if entity @s[tag=aj.active_beacon_core.bone.13] run data modify entity @s {} merge value {transformation:[-0.601573733248085f,-0.6583548015677985f,-0.45241352623300995f,0f,0.687500478262654f,-0.13831646801690817f,-0.7128896457825358f,1.5f,0.40675808025727467f,-0.7398902012649932f,0.535826794978997f,0f,0f,0f,0f,1f],start_interpolation:0}
execute if entity @s[tag=aj.active_beacon_core.bone.14] run data modify entity @s {} merge value {transformation:[-0.601573733248085f,-0.6583548015677985f,-0.45241352623300995f,0f,0.687500478262654f,-0.13831646801690817f,-0.7128896457825358f,1.5f,0.40675808025727467f,-0.7398902012649932f,0.535826794978997f,0f,0f,0f,0f,1f],start_interpolation:0}
execute if entity @s[tag=aj.active_beacon_core.bone.15] run data modify entity @s {} merge value {transformation:[-0.5590482248769074f,-0.69482881599959f,-0.45241352623300995f,0f,0.69482881599959f,-0.09487501985590452f,-0.7128896457825358f,1.5f,0.45241352623300984f,-0.7128896457825358f,0.535826794978997f,0f,0f,0f,0f,1f],start_interpolation:0}
execute if entity @s[tag=aj.active_beacon_core.bone.16] run data modify entity @s {} merge value {transformation:[-0.5590482248769074f,-0.69482881599959f,-0.45241352623300995f,0f,0.69482881599959f,-0.09487501985590452f,-0.7128896457825358f,1.5f,0.45241352623300984f,-0.7128896457825358f,0.535826794978997f,0f,0f,0f,0f,1f],start_interpolation:0}
execute if entity @s[tag=aj.active_beacon_core.bone.17] run data modify entity @s {} merge value {transformation:[-0.5590482248769074f,-0.69482881599959f,-0.45241352623300995f,0f,0.69482881599959f,-0.09487501985590452f,-0.7128896457825358f,1.5f,0.45241352623300984f,-0.7128896457825358f,0.535826794978997f,0f,0f,0f,0f,1f],start_interpolation:0}
execute if entity @s[tag=aj.active_beacon_core.bone.18] run data modify entity @s {} merge value {transformation:[-0.5590482248769074f,-0.69482881599959f,-0.45241352623300995f,0f,0.69482881599959f,-0.09487501985590452f,-0.7128896457825358f,1.5f,0.45241352623300984f,-0.7128896457825358f,0.535826794978997f,0f,0f,0f,0f,1f],start_interpolation:0}
execute if entity @s[tag=aj.active_beacon_core.bone.19] run data modify entity @s {} merge value {transformation:[-0.5590482248769074f,-0.69482881599959f,-0.45241352623300995f,0f,0.69482881599959f,-0.09487501985590452f,-0.7128896457825358f,1.5f,0.45241352623300984f,-0.7128896457825358f,0.535826794978997f,0f,0f,0f,0f,1f],start_interpolation:0}
execute if entity @s[tag=aj.active_beacon_core.bone.20] run data modify entity @s {} merge value {transformation:[-0.5590482248769074f,-0.69482881599959f,-0.45241352623300995f,0f,0.69482881599959f,-0.09487501985590452f,-0.7128896457825358f,1.5f,0.45241352623300984f,-0.7128896457825358f,0.535826794978997f,0f,0f,0f,0f,1f],start_interpolation:0}
execute if entity @s[tag=aj.active_beacon_core.bone.21] run data modify entity @s {} merge value {transformation:[0.31348966364016434f,-0.8348929464740915f,-0.45241352623300995f,0f,0.4353595611033963f,0.5497730490774431f,-0.7128896457825358f,1.5f,0.8439113006392525f,0.026520981050879917f,0.535826794978997f,0f,0f,0f,0f,1f],start_interpolation:0}
execute if entity @s[tag=aj.active_beacon_core.bone.22] run data modify entity @s {} merge value {transformation:[0.31348966364016434f,-0.8348929464740915f,-0.45241352623300995f,0f,0.4353595611033963f,0.5497730490774431f,-0.7128896457825358f,1.5f,0.8439113006392525f,0.026520981050879917f,0.535826794978997f,0f,0f,0f,0f,1f],start_interpolation:0}
execute if entity @s[tag=aj.active_beacon_core.bone.23] run data modify entity @s {} merge value {transformation:[0.31348966364016434f,-0.8348929464740915f,-0.45241352623300995f,0f,0.4353595611033963f,0.5497730490774431f,-0.7128896457825358f,1.5f,0.8439113006392525f,0.026520981050879917f,0.535826794978997f,0f,0f,0f,0f,1f],start_interpolation:0}
execute if entity @s[tag=aj.active_beacon_core.bone.24] run data modify entity @s {} merge value {transformation:[0.31348966364016434f,-0.8348929464740915f,-0.45241352623300995f,0f,0.4353595611033963f,0.5497730490774431f,-0.7128896457825358f,1.5f,0.8439113006392525f,0.026520981050879917f,0.535826794978997f,0f,0f,0f,0f,1f],start_interpolation:0}
execute if entity @s[tag=aj.active_beacon_core.bone.25] run data modify entity @s {} merge value {transformation:[0.31348966364016434f,-0.8348929464740915f,-0.45241352623300995f,0f,0.4353595611033963f,0.5497730490774431f,-0.7128896457825358f,1.5f,0.8439113006392525f,0.026520981050879917f,0.535826794978997f,0f,0f,0f,0f,1f],start_interpolation:0}
execute if entity @s[tag=aj.active_beacon_core.bone.26] run data modify entity @s {} merge value {transformation:[0.31348966364016434f,-0.8348929464740915f,-0.45241352623300995f,0f,0.4353595611033963f,0.5497730490774431f,-0.7128896457825358f,1.5f,0.8439113006392525f,0.026520981050879917f,0.535826794978997f,0f,0f,0f,0f,1f],start_interpolation:0}
execute if entity @s[tag=aj.active_beacon_core.bone.27] run data modify entity @s {} merge value {transformation:[-0.5590482248769074f,-0.69482881599959f,-0.45241352623300995f,0f,0.69482881599959f,-0.09487501985590452f,-0.7128896457825358f,1.5f,0.45241352623300984f,-0.7128896457825358f,0.535826794978997f,0f,0f,0f,0f,1f],start_interpolation:0}