execute if entity @s[tag=aj.active_beacon_core.bone.exterior] run data modify entity @s {} merge value {transformation:[-4.80334510091229f,1.2732922222840568f,-1.233289405700392f,0f,-1.2332894057003914f,-4.959145784978594f,-0.31665489908770933f,1.5f,-1.2732922222840573f,1.381697560459365e-16f,4.959145784978594f,0f,0f,0f,0f,1f],start_interpolation:0}
execute if entity @s[tag=aj.active_beacon_core.bone.1] run data modify entity @s {} merge value {transformation:[0.8468328677237581f,0.4741860853242436f,0.24087683705085758f,0f,-0.4741860853242437f,0.8782497065951275f,-0.06184665997806822f,1.5f,-0.2408768370508576f,-0.06184665997806816f,0.9685831611286315f,0f,0f,0f,0f,1f],start_interpolation:0}
execute if entity @s[tag=aj.active_beacon_core.bone.2] run data modify entity @s {} merge value {transformation:[0.8468328677237581f,0.4741860853242436f,0.24087683705085758f,0f,-0.4741860853242437f,0.8782497065951275f,-0.06184665997806822f,1.5f,-0.2408768370508576f,-0.06184665997806816f,0.9685831611286315f,0f,0f,0f,0f,1f],start_interpolation:0}
execute if entity @s[tag=aj.active_beacon_core.bone.3] run data modify entity @s {} merge value {transformation:[0.1291471014403901f,-0.9619248284361518f,0.24087683705085758f,0f,0.9911354664796912f,0.11758179168410082f,-0.06184665997806822f,1.5f,0.03116910771311327f,0.24672889312449103f,0.9685831611286315f,0f,0f,0f,0f,1f],start_interpolation:0}
execute if entity @s[tag=aj.active_beacon_core.bone.4] run data modify entity @s {} merge value {transformation:[0.32163382361020143f,0.9157128550382244f,0.24087683705085758f,0f,-0.9364891833548225f,0.34519994222041206f,-0.06184665997806822f,1.5f,-0.13978445181528673f,-0.20568657469258403f,0.9685831611286315f,0f,0f,0f,0f,1f],start_interpolation:0}
execute if entity @s[tag=aj.active_beacon_core.bone.5] run data modify entity @s {} merge value {transformation:[0.32163382361020143f,0.9157128550382244f,0.24087683705085758f,0f,-0.9364891833548225f,0.34519994222041206f,-0.06184665997806822f,1.5f,-0.13978445181528673f,-0.20568657469258403f,0.9685831611286315f,0f,0f,0f,0f,1f],start_interpolation:0}
execute if entity @s[tag=aj.active_beacon_core.bone.6] run data modify entity @s {} merge value {transformation:[0.32163382361020143f,0.9157128550382244f,0.24087683705085758f,0f,-0.9364891833548225f,0.34519994222041206f,-0.06184665997806822f,1.5f,-0.13978445181528673f,-0.20568657469258403f,0.9685831611286315f,0f,0f,0f,0f,1f],start_interpolation:0}
execute if entity @s[tag=aj.active_beacon_core.bone.7] run data modify entity @s {} merge value {transformation:[0.1291471014403901f,-0.9619248284361518f,0.24087683705085758f,0f,0.9911354664796912f,0.11758179168410082f,-0.06184665997806822f,1.5f,0.03116910771311327f,0.24672889312449103f,0.9685831611286315f,0f,0f,0f,0f,1f],start_interpolation:0}
execute if entity @s[tag=aj.active_beacon_core.bone.8] run data modify entity @s {} merge value {transformation:[0.1291471014403901f,-0.9619248284361518f,0.24087683705085758f,0f,0.9911354664796912f,0.11758179168410082f,-0.06184665997806822f,1.5f,0.03116910771311327f,0.24672889312449103f,0.9685831611286315f,0f,0f,0f,0f,1f],start_interpolation:0}
execute if entity @s[tag=aj.active_beacon_core.bone.9] run data modify entity @s {} merge value {transformation:[-0.9381533400219317f,-0.24868988716485482f,0.24087683705085758f,0f,0.2408768370508577f,-0.9685831611286315f,-0.06184665997806822f,1.5f,0.2486898871648547f,-3.39251743816292e-17f,0.9685831611286315f,0f,0f,0f,0f,1f],start_interpolation:0}
execute if entity @s[tag=aj.active_beacon_core.bone.10] run data modify entity @s {} merge value {transformation:[0.1291471014403901f,-0.9619248284361518f,0.24087683705085758f,0f,0.9911354664796912f,0.11758179168410082f,-0.06184665997806822f,1.5f,0.03116910771311327f,0.24672889312449103f,0.9685831611286315f,0f,0f,0f,0f,1f],start_interpolation:0}
execute if entity @s[tag=aj.active_beacon_core.bone.11] run data modify entity @s {} merge value {transformation:[0.1291471014403901f,-0.9619248284361518f,0.24087683705085758f,0f,0.9911354664796912f,0.11758179168410082f,-0.06184665997806822f,1.5f,0.03116910771311327f,0.24672889312449103f,0.9685831611286315f,0f,0f,0f,0f,1f],start_interpolation:0}
execute if entity @s[tag=aj.active_beacon_core.bone.12] run data modify entity @s {} merge value {transformation:[0.1291471014403901f,-0.9619248284361518f,0.24087683705085758f,0f,0.9911354664796912f,0.11758179168410082f,-0.06184665997806822f,1.5f,0.03116910771311327f,0.24672889312449103f,0.9685831611286315f,0f,0f,0f,0f,1f],start_interpolation:0}
execute if entity @s[tag=aj.active_beacon_core.bone.13] run data modify entity @s {} merge value {transformation:[0.1291471014403901f,-0.9619248284361518f,0.24087683705085758f,0f,0.9911354664796912f,0.11758179168410082f,-0.06184665997806822f,1.5f,0.03116910771311327f,0.24672889312449103f,0.9685831611286315f,0f,0f,0f,0f,1f],start_interpolation:0}
execute if entity @s[tag=aj.active_beacon_core.bone.14] run data modify entity @s {} merge value {transformation:[0.1291471014403901f,-0.9619248284361518f,0.24087683705085758f,0f,0.9911354664796912f,0.11758179168410082f,-0.06184665997806822f,1.5f,0.03116910771311327f,0.24672889312449103f,0.9685831611286315f,0f,0f,0f,0f,1f],start_interpolation:0}
execute if entity @s[tag=aj.active_beacon_core.bone.15] run data modify entity @s {} merge value {transformation:[0.8468328677237581f,0.4741860853242436f,0.24087683705085758f,0f,-0.4741860853242437f,0.8782497065951275f,-0.06184665997806822f,1.5f,-0.2408768370508576f,-0.06184665997806816f,0.9685831611286315f,0f,0f,0f,0f,1f],start_interpolation:0}
execute if entity @s[tag=aj.active_beacon_core.bone.16] run data modify entity @s {} merge value {transformation:[0.8468328677237581f,0.4741860853242436f,0.24087683705085758f,0f,-0.4741860853242437f,0.8782497065951275f,-0.06184665997806822f,1.5f,-0.2408768370508576f,-0.06184665997806816f,0.9685831611286315f,0f,0f,0f,0f,1f],start_interpolation:0}
execute if entity @s[tag=aj.active_beacon_core.bone.17] run data modify entity @s {} merge value {transformation:[0.8468328677237581f,0.4741860853242436f,0.24087683705085758f,0f,-0.4741860853242437f,0.8782497065951275f,-0.06184665997806822f,1.5f,-0.2408768370508576f,-0.06184665997806816f,0.9685831611286315f,0f,0f,0f,0f,1f],start_interpolation:0}
execute if entity @s[tag=aj.active_beacon_core.bone.18] run data modify entity @s {} merge value {transformation:[0.8468328677237581f,0.4741860853242436f,0.24087683705085758f,0f,-0.4741860853242437f,0.8782497065951275f,-0.06184665997806822f,1.5f,-0.2408768370508576f,-0.06184665997806816f,0.9685831611286315f,0f,0f,0f,0f,1f],start_interpolation:0}
execute if entity @s[tag=aj.active_beacon_core.bone.19] run data modify entity @s {} merge value {transformation:[0.8468328677237581f,0.4741860853242436f,0.24087683705085758f,0f,-0.4741860853242437f,0.8782497065951275f,-0.06184665997806822f,1.5f,-0.2408768370508576f,-0.06184665997806816f,0.9685831611286315f,0f,0f,0f,0f,1f],start_interpolation:0}
execute if entity @s[tag=aj.active_beacon_core.bone.20] run data modify entity @s {} merge value {transformation:[0.8468328677237581f,0.4741860853242436f,0.24087683705085758f,0f,-0.4741860853242437f,0.8782497065951275f,-0.06184665997806822f,1.5f,-0.2408768370508576f,-0.06184665997806816f,0.9685831611286315f,0f,0f,0f,0f,1f],start_interpolation:0}
execute if entity @s[tag=aj.active_beacon_core.bone.21] run data modify entity @s {} merge value {transformation:[0.32163382361020143f,0.9157128550382244f,0.24087683705085758f,0f,-0.9364891833548225f,0.34519994222041206f,-0.06184665997806822f,1.5f,-0.13978445181528673f,-0.20568657469258403f,0.9685831611286315f,0f,0f,0f,0f,1f],start_interpolation:0}
execute if entity @s[tag=aj.active_beacon_core.bone.22] run data modify entity @s {} merge value {transformation:[0.32163382361020143f,0.9157128550382244f,0.24087683705085758f,0f,-0.9364891833548225f,0.34519994222041206f,-0.06184665997806822f,1.5f,-0.13978445181528673f,-0.20568657469258403f,0.9685831611286315f,0f,0f,0f,0f,1f],start_interpolation:0}
execute if entity @s[tag=aj.active_beacon_core.bone.23] run data modify entity @s {} merge value {transformation:[0.32163382361020143f,0.9157128550382244f,0.24087683705085758f,0f,-0.9364891833548225f,0.34519994222041206f,-0.06184665997806822f,1.5f,-0.13978445181528673f,-0.20568657469258403f,0.9685831611286315f,0f,0f,0f,0f,1f],start_interpolation:0}
execute if entity @s[tag=aj.active_beacon_core.bone.24] run data modify entity @s {} merge value {transformation:[0.32163382361020143f,0.9157128550382244f,0.24087683705085758f,0f,-0.9364891833548225f,0.34519994222041206f,-0.06184665997806822f,1.5f,-0.13978445181528673f,-0.20568657469258403f,0.9685831611286315f,0f,0f,0f,0f,1f],start_interpolation:0}
execute if entity @s[tag=aj.active_beacon_core.bone.25] run data modify entity @s {} merge value {transformation:[0.32163382361020143f,0.9157128550382244f,0.24087683705085758f,0f,-0.9364891833548225f,0.34519994222041206f,-0.06184665997806822f,1.5f,-0.13978445181528673f,-0.20568657469258403f,0.9685831611286315f,0f,0f,0f,0f,1f],start_interpolation:0}
execute if entity @s[tag=aj.active_beacon_core.bone.26] run data modify entity @s {} merge value {transformation:[0.32163382361020143f,0.9157128550382244f,0.24087683705085758f,0f,-0.9364891833548225f,0.34519994222041206f,-0.06184665997806822f,1.5f,-0.13978445181528673f,-0.20568657469258403f,0.9685831611286315f,0f,0f,0f,0f,1f],start_interpolation:0}
execute if entity @s[tag=aj.active_beacon_core.bone.27] run data modify entity @s {} merge value {transformation:[0.8468328677237581f,0.4741860853242436f,0.24087683705085758f,0f,-0.4741860853242437f,0.8782497065951275f,-0.06184665997806822f,1.5f,-0.2408768370508576f,-0.06184665997806816f,0.9685831611286315f,0f,0f,0f,0f,1f],start_interpolation:0}