execute if entity @s[tag=aj.active_beacon_core.bone.exterior] run data modify entity @s {} merge value {transformation:[-3.649994986406584f,-2.7434331902924654f,2.3163572543130106f,0f,2.316357254313011f,-4.3229589785703135f,-1.4700050135934168f,1.5f,2.7434331902924645f,-4.78082214668648e-16f,4.3229589785703135f,0f,0f,0f,0f,1f],start_interpolation:0}
execute if entity @s[tag=aj.active_beacon_core.bone.1] run data modify entity @s {} merge value {transformation:[0.31480228151797024f,-0.8343989003063785f,-0.45241352623301007f,0f,0.8343989003063783f,0.4704743560159552f,-0.2871103542174642f,1.5f,0.45241352623301f,-0.2871103542174643f,0.8443279255020144f,0f,0f,0f,0f,1f],start_interpolation:0}
execute if entity @s[tag=aj.active_beacon_core.bone.2] run data modify entity @s {} merge value {transformation:[0.31480228151797024f,-0.8343989003063785f,-0.45241352623301007f,0f,0.8343989003063783f,0.4704743560159552f,-0.2871103542174642f,1.5f,0.45241352623301f,-0.2871103542174643f,0.8443279255020144f,0f,0f,0f,0f,1f],start_interpolation:0}
execute if entity @s[tag=aj.active_beacon_core.bone.3] run data modify entity @s {} merge value {transformation:[-0.31566121707406064f,-0.8340743356060872f,-0.45241352623301007f,0f,0.937022125571152f,-0.19888987076078432f,-0.2871103542174642f,1.5f,0.1494909101766458f,-0.5145510878348448f,0.8443279255020144f,0f,0f,0f,0f,1f],start_interpolation:0}
execute if entity @s[tag=aj.active_beacon_core.bone.4] run data modify entity @s {} merge value {transformation:[0.8562696564356325f,-0.24924742074696982f,-0.45241352623301007f,0f,0.12475885101607159f,0.9497383184826602f,-0.2871103542174642f,1.5f,0.5012359769218019f,0.1894012926479412f,0.8443279255020144f,0f,0f,0f,0f,1f],start_interpolation:0}
execute if entity @s[tag=aj.active_beacon_core.bone.5] run data modify entity @s {} merge value {transformation:[0.8562696564356325f,-0.24924742074696982f,-0.45241352623301007f,0f,0.12475885101607159f,0.9497383184826602f,-0.2871103542174642f,1.5f,0.5012359769218019f,0.1894012926479412f,0.8443279255020144f,0f,0f,0f,0f,1f],start_interpolation:0}
execute if entity @s[tag=aj.active_beacon_core.bone.6] run data modify entity @s {} merge value {transformation:[0.8562696564356325f,-0.24924742074696982f,-0.45241352623301007f,0f,0.12475885101607159f,0.9497383184826602f,-0.2871103542174642f,1.5f,0.5012359769218019f,0.1894012926479412f,0.8443279255020144f,0f,0f,0f,0f,1f],start_interpolation:0}
execute if entity @s[tag=aj.active_beacon_core.bone.7] run data modify entity @s {} merge value {transformation:[-0.31566121707406064f,-0.8340743356060872f,-0.45241352623301007f,0f,0.937022125571152f,-0.19888987076078432f,-0.2871103542174642f,1.5f,0.1494909101766458f,-0.5145510878348448f,0.8443279255020144f,0f,0f,0f,0f,1f],start_interpolation:0}
execute if entity @s[tag=aj.active_beacon_core.bone.8] run data modify entity @s {} merge value {transformation:[-0.31566121707406064f,-0.8340743356060872f,-0.45241352623301007f,0f,0.937022125571152f,-0.19888987076078432f,-0.2871103542174642f,1.5f,0.1494909101766458f,-0.5145510878348448f,0.8443279255020144f,0f,0f,0f,0f,1f],start_interpolation:0}
execute if entity @s[tag=aj.active_beacon_core.bone.9] run data modify entity @s {} merge value {transformation:[-0.7128896457825357f,0.5358267949789971f,-0.45241352623301007f,0f,-0.45241352623300995f,-0.8443279255020144f,-0.2871103542174642f,1.5f,-0.5358267949789972f,3.7864281321212477e-17f,0.8443279255020144f,0f,0f,0f,0f,1f],start_interpolation:0}
execute if entity @s[tag=aj.active_beacon_core.bone.10] run data modify entity @s {} merge value {transformation:[-0.31566121707406064f,-0.8340743356060872f,-0.45241352623301007f,0f,0.937022125571152f,-0.19888987076078432f,-0.2871103542174642f,1.5f,0.1494909101766458f,-0.5145510878348448f,0.8443279255020144f,0f,0f,0f,0f,1f],start_interpolation:0}
execute if entity @s[tag=aj.active_beacon_core.bone.11] run data modify entity @s {} merge value {transformation:[-0.31566121707406064f,-0.8340743356060872f,-0.45241352623301007f,0f,0.937022125571152f,-0.19888987076078432f,-0.2871103542174642f,1.5f,0.1494909101766458f,-0.5145510878348448f,0.8443279255020144f,0f,0f,0f,0f,1f],start_interpolation:0}
execute if entity @s[tag=aj.active_beacon_core.bone.12] run data modify entity @s {} merge value {transformation:[-0.31566121707406064f,-0.8340743356060872f,-0.45241352623301007f,0f,0.937022125571152f,-0.19888987076078432f,-0.2871103542174642f,1.5f,0.1494909101766458f,-0.5145510878348448f,0.8443279255020144f,0f,0f,0f,0f,1f],start_interpolation:0}
execute if entity @s[tag=aj.active_beacon_core.bone.13] run data modify entity @s {} merge value {transformation:[-0.31566121707406064f,-0.8340743356060872f,-0.45241352623301007f,0f,0.937022125571152f,-0.19888987076078432f,-0.2871103542174642f,1.5f,0.1494909101766458f,-0.5145510878348448f,0.8443279255020144f,0f,0f,0f,0f,1f],start_interpolation:0}
execute if entity @s[tag=aj.active_beacon_core.bone.14] run data modify entity @s {} merge value {transformation:[-0.31566121707406064f,-0.8340743356060872f,-0.45241352623301007f,0f,0.937022125571152f,-0.19888987076078432f,-0.2871103542174642f,1.5f,0.1494909101766458f,-0.5145510878348448f,0.8443279255020144f,0f,0f,0f,0f,1f],start_interpolation:0}
execute if entity @s[tag=aj.active_beacon_core.bone.15] run data modify entity @s {} merge value {transformation:[0.31480228151797024f,-0.8343989003063785f,-0.45241352623301007f,0f,0.8343989003063783f,0.4704743560159552f,-0.2871103542174642f,1.5f,0.45241352623301f,-0.2871103542174643f,0.8443279255020144f,0f,0f,0f,0f,1f],start_interpolation:0}
execute if entity @s[tag=aj.active_beacon_core.bone.16] run data modify entity @s {} merge value {transformation:[0.31480228151797024f,-0.8343989003063785f,-0.45241352623301007f,0f,0.8343989003063783f,0.4704743560159552f,-0.2871103542174642f,1.5f,0.45241352623301f,-0.2871103542174643f,0.8443279255020144f,0f,0f,0f,0f,1f],start_interpolation:0}
execute if entity @s[tag=aj.active_beacon_core.bone.17] run data modify entity @s {} merge value {transformation:[0.31480228151797024f,-0.8343989003063785f,-0.45241352623301007f,0f,0.8343989003063783f,0.4704743560159552f,-0.2871103542174642f,1.5f,0.45241352623301f,-0.2871103542174643f,0.8443279255020144f,0f,0f,0f,0f,1f],start_interpolation:0}
execute if entity @s[tag=aj.active_beacon_core.bone.18] run data modify entity @s {} merge value {transformation:[0.31480228151797024f,-0.8343989003063785f,-0.45241352623301007f,0f,0.8343989003063783f,0.4704743560159552f,-0.2871103542174642f,1.5f,0.45241352623301f,-0.2871103542174643f,0.8443279255020144f,0f,0f,0f,0f,1f],start_interpolation:0}
execute if entity @s[tag=aj.active_beacon_core.bone.19] run data modify entity @s {} merge value {transformation:[0.31480228151797024f,-0.8343989003063785f,-0.45241352623301007f,0f,0.8343989003063783f,0.4704743560159552f,-0.2871103542174642f,1.5f,0.45241352623301f,-0.2871103542174643f,0.8443279255020144f,0f,0f,0f,0f,1f],start_interpolation:0}
execute if entity @s[tag=aj.active_beacon_core.bone.20] run data modify entity @s {} merge value {transformation:[0.31480228151797024f,-0.8343989003063785f,-0.45241352623301007f,0f,0.8343989003063783f,0.4704743560159552f,-0.2871103542174642f,1.5f,0.45241352623301f,-0.2871103542174643f,0.8443279255020144f,0f,0f,0f,0f,1f],start_interpolation:0}
execute if entity @s[tag=aj.active_beacon_core.bone.21] run data modify entity @s {} merge value {transformation:[0.8562696564356325f,-0.24924742074696982f,-0.45241352623301007f,0f,0.12475885101607159f,0.9497383184826602f,-0.2871103542174642f,1.5f,0.5012359769218019f,0.1894012926479412f,0.8443279255020144f,0f,0f,0f,0f,1f],start_interpolation:0}
execute if entity @s[tag=aj.active_beacon_core.bone.22] run data modify entity @s {} merge value {transformation:[0.8562696564356325f,-0.24924742074696982f,-0.45241352623301007f,0f,0.12475885101607159f,0.9497383184826602f,-0.2871103542174642f,1.5f,0.5012359769218019f,0.1894012926479412f,0.8443279255020144f,0f,0f,0f,0f,1f],start_interpolation:0}
execute if entity @s[tag=aj.active_beacon_core.bone.23] run data modify entity @s {} merge value {transformation:[0.8562696564356325f,-0.24924742074696982f,-0.45241352623301007f,0f,0.12475885101607159f,0.9497383184826602f,-0.2871103542174642f,1.5f,0.5012359769218019f,0.1894012926479412f,0.8443279255020144f,0f,0f,0f,0f,1f],start_interpolation:0}
execute if entity @s[tag=aj.active_beacon_core.bone.24] run data modify entity @s {} merge value {transformation:[0.8562696564356325f,-0.24924742074696982f,-0.45241352623301007f,0f,0.12475885101607159f,0.9497383184826602f,-0.2871103542174642f,1.5f,0.5012359769218019f,0.1894012926479412f,0.8443279255020144f,0f,0f,0f,0f,1f],start_interpolation:0}
execute if entity @s[tag=aj.active_beacon_core.bone.25] run data modify entity @s {} merge value {transformation:[0.8562696564356325f,-0.24924742074696982f,-0.45241352623301007f,0f,0.12475885101607159f,0.9497383184826602f,-0.2871103542174642f,1.5f,0.5012359769218019f,0.1894012926479412f,0.8443279255020144f,0f,0f,0f,0f,1f],start_interpolation:0}
execute if entity @s[tag=aj.active_beacon_core.bone.26] run data modify entity @s {} merge value {transformation:[0.8562696564356325f,-0.24924742074696982f,-0.45241352623301007f,0f,0.12475885101607159f,0.9497383184826602f,-0.2871103542174642f,1.5f,0.5012359769218019f,0.1894012926479412f,0.8443279255020144f,0f,0f,0f,0f,1f],start_interpolation:0}
execute if entity @s[tag=aj.active_beacon_core.bone.27] run data modify entity @s {} merge value {transformation:[0.31480228151797024f,-0.8343989003063785f,-0.45241352623301007f,0f,0.8343989003063783f,0.4704743560159552f,-0.2871103542174642f,1.5f,0.45241352623301f,-0.2871103542174643f,0.8443279255020144f,0f,0f,0f,0f,1f],start_interpolation:0}