execute if entity @s[tag=aj.active_beacon_core.bone.exterior] run data modify entity @s {} merge value {transformation:[-2.399256270004958f,-3.7323193723976282f,2.5549484247763754f,0f,2.554948424776376f,-3.5048811823548864f,-2.720743729995043f,1.5f,3.732319372397628f,-4.570772972802413e-16f,3.504881182354887f,0f,0f,0f,0f,1f],start_interpolation:0}
execute if entity @s[tag=aj.active_beacon_core.bone.1] run data modify entity @s {} merge value {transformation:[-0.2106132410120879f,-0.8406115185066612f,-0.499013364214136f,0f,0.8406115185066614f,0.10483965305922377f,-0.5313952597646568f,1.5f,0.499013364214136f,-0.5313952597646572f,0.6845471059286886f,0f,0f,0f,0f,1f],start_interpolation:0}
execute if entity @s[tag=aj.active_beacon_core.bone.2] run data modify entity @s {} merge value {transformation:[-0.2106132410120879f,-0.8406115185066612f,-0.499013364214136f,0f,0.8406115185066614f,0.10483965305922377f,-0.5313952597646568f,1.5f,0.499013364214136f,-0.5313952597646572f,0.6845471059286886f,0f,0f,0f,0f,1f],start_interpolation:0}
execute if entity @s[tag=aj.active_beacon_core.bone.3] run data modify entity @s {} merge value {transformation:[-0.4829089456685773f,-0.7195725206877714f,-0.499013364214136f,0f,0.8264283779608459f,-0.18610538412592587f,-0.5313952597646568f,1.5f,0.28950835271934505f,-0.6690143297945033f,0.6845471059286886f,0f,0f,0f,0f,1f],start_interpolation:0}
execute if entity @s[tag=aj.active_beacon_core.bone.4] run data modify entity @s {} merge value {transformation:[0.5869578201306511f,-0.6375470019717484f,-0.499013364214136f,0f,0.373889150942021f,0.7601486569793489f,-0.5313952597646568f,1.5f,0.7181137933470775f,0.1253309202444794f,0.6845471059286886f,0f,0f,0f,0f,1f],start_interpolation:0}
execute if entity @s[tag=aj.active_beacon_core.bone.5] run data modify entity @s {} merge value {transformation:[0.5869578201306511f,-0.6375470019717484f,-0.499013364214136f,0f,0.373889150942021f,0.7601486569793489f,-0.5313952597646568f,1.5f,0.7181137933470775f,0.1253309202444794f,0.6845471059286886f,0f,0f,0f,0f,1f],start_interpolation:0}
execute if entity @s[tag=aj.active_beacon_core.bone.6] run data modify entity @s {} merge value {transformation:[0.5869578201306511f,-0.6375470019717484f,-0.499013364214136f,0f,0.373889150942021f,0.7601486569793489f,-0.5313952597646568f,1.5f,0.7181137933470775f,0.1253309202444794f,0.6845471059286886f,0f,0f,0f,0f,1f],start_interpolation:0}
execute if entity @s[tag=aj.active_beacon_core.bone.7] run data modify entity @s {} merge value {transformation:[-0.4829089456685773f,-0.7195725206877714f,-0.499013364214136f,0f,0.8264283779608459f,-0.18610538412592587f,-0.5313952597646568f,1.5f,0.28950835271934505f,-0.6690143297945033f,0.6845471059286886f,0f,0f,0f,0f,1f],start_interpolation:0}
execute if entity @s[tag=aj.active_beacon_core.bone.8] run data modify entity @s {} merge value {transformation:[-0.4829089456685773f,-0.7195725206877714f,-0.499013364214136f,0f,0.8264283779608459f,-0.18610538412592587f,-0.5313952597646568f,1.5f,0.28950835271934505f,-0.6690143297945033f,0.6845471059286886f,0f,0f,0f,0f,1f],start_interpolation:0}
execute if entity @s[tag=aj.active_beacon_core.bone.9] run data modify entity @s {} merge value {transformation:[-0.46860474023534304f,0.7289686274214118f,-0.499013364214136f,0f,-0.4990133642141359f,-0.6845471059286887f,-0.5313952597646568f,1.5f,-0.7289686274214119f,8.927290962504714e-17f,0.6845471059286886f,0f,0f,0f,0f,1f],start_interpolation:0}
execute if entity @s[tag=aj.active_beacon_core.bone.10] run data modify entity @s {} merge value {transformation:[-0.4829089456685773f,-0.7195725206877714f,-0.499013364214136f,0f,0.8264283779608459f,-0.18610538412592587f,-0.5313952597646568f,1.5f,0.28950835271934505f,-0.6690143297945033f,0.6845471059286886f,0f,0f,0f,0f,1f],start_interpolation:0}
execute if entity @s[tag=aj.active_beacon_core.bone.11] run data modify entity @s {} merge value {transformation:[-0.4829089456685773f,-0.7195725206877714f,-0.499013364214136f,0f,0.8264283779608459f,-0.18610538412592587f,-0.5313952597646568f,1.5f,0.28950835271934505f,-0.6690143297945033f,0.6845471059286886f,0f,0f,0f,0f,1f],start_interpolation:0}
execute if entity @s[tag=aj.active_beacon_core.bone.12] run data modify entity @s {} merge value {transformation:[-0.4829089456685773f,-0.7195725206877714f,-0.499013364214136f,0f,0.8264283779608459f,-0.18610538412592587f,-0.5313952597646568f,1.5f,0.28950835271934505f,-0.6690143297945033f,0.6845471059286886f,0f,0f,0f,0f,1f],start_interpolation:0}
execute if entity @s[tag=aj.active_beacon_core.bone.13] run data modify entity @s {} merge value {transformation:[-0.4829089456685773f,-0.7195725206877714f,-0.499013364214136f,0f,0.8264283779608459f,-0.18610538412592587f,-0.5313952597646568f,1.5f,0.28950835271934505f,-0.6690143297945033f,0.6845471059286886f,0f,0f,0f,0f,1f],start_interpolation:0}
execute if entity @s[tag=aj.active_beacon_core.bone.14] run data modify entity @s {} merge value {transformation:[-0.4829089456685773f,-0.7195725206877714f,-0.499013364214136f,0f,0.8264283779608459f,-0.18610538412592587f,-0.5313952597646568f,1.5f,0.28950835271934505f,-0.6690143297945033f,0.6845471059286886f,0f,0f,0f,0f,1f],start_interpolation:0}
execute if entity @s[tag=aj.active_beacon_core.bone.15] run data modify entity @s {} merge value {transformation:[-0.2106132410120879f,-0.8406115185066612f,-0.499013364214136f,0f,0.8406115185066614f,0.10483965305922377f,-0.5313952597646568f,1.5f,0.499013364214136f,-0.5313952597646572f,0.6845471059286886f,0f,0f,0f,0f,1f],start_interpolation:0}
execute if entity @s[tag=aj.active_beacon_core.bone.16] run data modify entity @s {} merge value {transformation:[-0.2106132410120879f,-0.8406115185066612f,-0.499013364214136f,0f,0.8406115185066614f,0.10483965305922377f,-0.5313952597646568f,1.5f,0.499013364214136f,-0.5313952597646572f,0.6845471059286886f,0f,0f,0f,0f,1f],start_interpolation:0}
execute if entity @s[tag=aj.active_beacon_core.bone.17] run data modify entity @s {} merge value {transformation:[-0.2106132410120879f,-0.8406115185066612f,-0.499013364214136f,0f,0.8406115185066614f,0.10483965305922377f,-0.5313952597646568f,1.5f,0.499013364214136f,-0.5313952597646572f,0.6845471059286886f,0f,0f,0f,0f,1f],start_interpolation:0}
execute if entity @s[tag=aj.active_beacon_core.bone.18] run data modify entity @s {} merge value {transformation:[-0.2106132410120879f,-0.8406115185066612f,-0.499013364214136f,0f,0.8406115185066614f,0.10483965305922377f,-0.5313952597646568f,1.5f,0.499013364214136f,-0.5313952597646572f,0.6845471059286886f,0f,0f,0f,0f,1f],start_interpolation:0}
execute if entity @s[tag=aj.active_beacon_core.bone.19] run data modify entity @s {} merge value {transformation:[-0.2106132410120879f,-0.8406115185066612f,-0.499013364214136f,0f,0.8406115185066614f,0.10483965305922377f,-0.5313952597646568f,1.5f,0.499013364214136f,-0.5313952597646572f,0.6845471059286886f,0f,0f,0f,0f,1f],start_interpolation:0}
execute if entity @s[tag=aj.active_beacon_core.bone.20] run data modify entity @s {} merge value {transformation:[-0.2106132410120879f,-0.8406115185066612f,-0.499013364214136f,0f,0.8406115185066614f,0.10483965305922377f,-0.5313952597646568f,1.5f,0.499013364214136f,-0.5313952597646572f,0.6845471059286886f,0f,0f,0f,0f,1f],start_interpolation:0}
execute if entity @s[tag=aj.active_beacon_core.bone.21] run data modify entity @s {} merge value {transformation:[0.5869578201306511f,-0.6375470019717484f,-0.499013364214136f,0f,0.373889150942021f,0.7601486569793489f,-0.5313952597646568f,1.5f,0.7181137933470775f,0.1253309202444794f,0.6845471059286886f,0f,0f,0f,0f,1f],start_interpolation:0}
execute if entity @s[tag=aj.active_beacon_core.bone.22] run data modify entity @s {} merge value {transformation:[0.5869578201306511f,-0.6375470019717484f,-0.499013364214136f,0f,0.373889150942021f,0.7601486569793489f,-0.5313952597646568f,1.5f,0.7181137933470775f,0.1253309202444794f,0.6845471059286886f,0f,0f,0f,0f,1f],start_interpolation:0}
execute if entity @s[tag=aj.active_beacon_core.bone.23] run data modify entity @s {} merge value {transformation:[0.5869578201306511f,-0.6375470019717484f,-0.499013364214136f,0f,0.373889150942021f,0.7601486569793489f,-0.5313952597646568f,1.5f,0.7181137933470775f,0.1253309202444794f,0.6845471059286886f,0f,0f,0f,0f,1f],start_interpolation:0}
execute if entity @s[tag=aj.active_beacon_core.bone.24] run data modify entity @s {} merge value {transformation:[0.5869578201306511f,-0.6375470019717484f,-0.499013364214136f,0f,0.373889150942021f,0.7601486569793489f,-0.5313952597646568f,1.5f,0.7181137933470775f,0.1253309202444794f,0.6845471059286886f,0f,0f,0f,0f,1f],start_interpolation:0}
execute if entity @s[tag=aj.active_beacon_core.bone.25] run data modify entity @s {} merge value {transformation:[0.5869578201306511f,-0.6375470019717484f,-0.499013364214136f,0f,0.373889150942021f,0.7601486569793489f,-0.5313952597646568f,1.5f,0.7181137933470775f,0.1253309202444794f,0.6845471059286886f,0f,0f,0f,0f,1f],start_interpolation:0}
execute if entity @s[tag=aj.active_beacon_core.bone.26] run data modify entity @s {} merge value {transformation:[0.5869578201306511f,-0.6375470019717484f,-0.499013364214136f,0f,0.373889150942021f,0.7601486569793489f,-0.5313952597646568f,1.5f,0.7181137933470775f,0.1253309202444794f,0.6845471059286886f,0f,0f,0f,0f,1f],start_interpolation:0}
execute if entity @s[tag=aj.active_beacon_core.bone.27] run data modify entity @s {} merge value {transformation:[-0.2106132410120879f,-0.8406115185066612f,-0.499013364214136f,0f,0.8406115185066614f,0.10483965305922377f,-0.5313952597646568f,1.5f,0.499013364214136f,-0.5313952597646572f,0.6845471059286886f,0f,0f,0f,0f,1f],start_interpolation:0}