execute if entity @s[tag=aj.active_beacon_core.bone.exterior] run data modify entity @s {} merge value {transformation:[-0.08042710751070564f,-5.079627270730127f,0.6366461111420304f,0f,0.6366461111420304f,-0.6417061558492401f,-5.0395728924892955f,1.5f,5.079627270730127f,-6.220749277961254e-16f,0.6417061558492402f,0f,0f,0f,0f,1f],start_interpolation:0}
execute if entity @s[tag=aj.active_beacon_core.bone.1] run data modify entity @s {} merge value {transformation:[-0.9823227935622567f,-0.13992949743898445f,-0.12434494358242783f,0f,0.13992949743898456f,-0.1076560271265614f,-0.9842915805643154f,1.5f,0.12434494358242772f,-0.9842915805643154f,0.12533323356430467f,0f,0f,0f,0f,1f],start_interpolation:0}
execute if entity @s[tag=aj.active_beacon_core.bone.2] run data modify entity @s {} merge value {transformation:[-0.9823227935622567f,-0.13992949743898445f,-0.12434494358242783f,0f,0.13992949743898456f,-0.1076560271265614f,-0.9842915805643154f,1.5f,0.12434494358242772f,-0.9842915805643154f,0.12533323356430467f,0f,0f,0f,0f,1f],start_interpolation:0}
execute if entity @s[tag=aj.active_beacon_core.bone.3] run data modify entity @s {} merge value {transformation:[-0.7338080556408082f,-0.6678802830463999f,-0.12434494358242783f,0f,0.17624463247322442f,-0.010388164158298852f,-0.9842915805643154f,1.5f,0.6560972237412946f,-0.7441962197991071f,0.12533323356430467f,0f,0f,0f,0f,1f],start_interpolation:0}
execute if entity @s[tag=aj.active_beacon_core.bone.4] run data modify entity @s {} merge value {transformation:[-0.2767077318721092f,-0.9528752101548638f,-0.12434494358242783f,0f,0.1557010532612414f,0.08323020151088056f,-0.9842915805643154f,1.5f,0.9482563013951096f,-0.2917217294422588f,0.12533323356430467f,0f,0f,0f,0f,1f],start_interpolation:0}
execute if entity @s[tag=aj.active_beacon_core.bone.5] run data modify entity @s {} merge value {transformation:[-0.2767077318721092f,-0.9528752101548638f,-0.12434494358242783f,0f,0.1557010532612414f,0.08323020151088056f,-0.9842915805643154f,1.5f,0.9482563013951096f,-0.2917217294422588f,0.12533323356430467f,0f,0f,0f,0f,1f],start_interpolation:0}
execute if entity @s[tag=aj.active_beacon_core.bone.6] run data modify entity @s {} merge value {transformation:[-0.2767077318721092f,-0.9528752101548638f,-0.12434494358242783f,0f,0.1557010532612414f,0.08323020151088056f,-0.9842915805643154f,1.5f,0.9482563013951096f,-0.2917217294422588f,0.12533323356430467f,0f,0f,0f,0f,1f],start_interpolation:0}
execute if entity @s[tag=aj.active_beacon_core.bone.7] run data modify entity @s {} merge value {transformation:[-0.7338080556408082f,-0.6678802830463999f,-0.12434494358242783f,0f,0.17624463247322442f,-0.010388164158298852f,-0.9842915805643154f,1.5f,0.6560972237412946f,-0.7441962197991071f,0.12533323356430467f,0f,0f,0f,0f,1f],start_interpolation:0}
execute if entity @s[tag=aj.active_beacon_core.bone.8] run data modify entity @s {} merge value {transformation:[-0.7338080556408082f,-0.6678802830463999f,-0.12434494358242783f,0f,0.17624463247322442f,-0.010388164158298852f,-0.9842915805643154f,1.5f,0.6560972237412946f,-0.7441962197991071f,0.12533323356430467f,0f,0f,0f,0f,1f],start_interpolation:0}
execute if entity @s[tag=aj.active_beacon_core.bone.9] run data modify entity @s {} merge value {transformation:[-0.01570841943568445f,0.9921147013144778f,-0.12434494358242783f,0f,-0.12434494358242781f,-0.1253332335643047f,-0.9842915805643154f,1.5f,-0.9921147013144778f,1.2149900933518075e-16f,0.12533323356430467f,0f,0f,0f,0f,1f],start_interpolation:0}
execute if entity @s[tag=aj.active_beacon_core.bone.10] run data modify entity @s {} merge value {transformation:[-0.7338080556408082f,-0.6678802830463999f,-0.12434494358242783f,0f,0.17624463247322442f,-0.010388164158298852f,-0.9842915805643154f,1.5f,0.6560972237412946f,-0.7441962197991071f,0.12533323356430467f,0f,0f,0f,0f,1f],start_interpolation:0}
execute if entity @s[tag=aj.active_beacon_core.bone.11] run data modify entity @s {} merge value {transformation:[-0.7338080556408082f,-0.6678802830463999f,-0.12434494358242783f,0f,0.17624463247322442f,-0.010388164158298852f,-0.9842915805643154f,1.5f,0.6560972237412946f,-0.7441962197991071f,0.12533323356430467f,0f,0f,0f,0f,1f],start_interpolation:0}
execute if entity @s[tag=aj.active_beacon_core.bone.12] run data modify entity @s {} merge value {transformation:[-0.7338080556408082f,-0.6678802830463999f,-0.12434494358242783f,0f,0.17624463247322442f,-0.010388164158298852f,-0.9842915805643154f,1.5f,0.6560972237412946f,-0.7441962197991071f,0.12533323356430467f,0f,0f,0f,0f,1f],start_interpolation:0}
execute if entity @s[tag=aj.active_beacon_core.bone.13] run data modify entity @s {} merge value {transformation:[-0.7338080556408082f,-0.6678802830463999f,-0.12434494358242783f,0f,0.17624463247322442f,-0.010388164158298852f,-0.9842915805643154f,1.5f,0.6560972237412946f,-0.7441962197991071f,0.12533323356430467f,0f,0f,0f,0f,1f],start_interpolation:0}
execute if entity @s[tag=aj.active_beacon_core.bone.14] run data modify entity @s {} merge value {transformation:[-0.7338080556408082f,-0.6678802830463999f,-0.12434494358242783f,0f,0.17624463247322442f,-0.010388164158298852f,-0.9842915805643154f,1.5f,0.6560972237412946f,-0.7441962197991071f,0.12533323356430467f,0f,0f,0f,0f,1f],start_interpolation:0}
execute if entity @s[tag=aj.active_beacon_core.bone.15] run data modify entity @s {} merge value {transformation:[-0.9823227935622567f,-0.13992949743898445f,-0.12434494358242783f,0f,0.13992949743898456f,-0.1076560271265614f,-0.9842915805643154f,1.5f,0.12434494358242772f,-0.9842915805643154f,0.12533323356430467f,0f,0f,0f,0f,1f],start_interpolation:0}
execute if entity @s[tag=aj.active_beacon_core.bone.16] run data modify entity @s {} merge value {transformation:[-0.9823227935622567f,-0.13992949743898445f,-0.12434494358242783f,0f,0.13992949743898456f,-0.1076560271265614f,-0.9842915805643154f,1.5f,0.12434494358242772f,-0.9842915805643154f,0.12533323356430467f,0f,0f,0f,0f,1f],start_interpolation:0}
execute if entity @s[tag=aj.active_beacon_core.bone.17] run data modify entity @s {} merge value {transformation:[-0.9823227935622567f,-0.13992949743898445f,-0.12434494358242783f,0f,0.13992949743898456f,-0.1076560271265614f,-0.9842915805643154f,1.5f,0.12434494358242772f,-0.9842915805643154f,0.12533323356430467f,0f,0f,0f,0f,1f],start_interpolation:0}
execute if entity @s[tag=aj.active_beacon_core.bone.18] run data modify entity @s {} merge value {transformation:[-0.9823227935622567f,-0.13992949743898445f,-0.12434494358242783f,0f,0.13992949743898456f,-0.1076560271265614f,-0.9842915805643154f,1.5f,0.12434494358242772f,-0.9842915805643154f,0.12533323356430467f,0f,0f,0f,0f,1f],start_interpolation:0}
execute if entity @s[tag=aj.active_beacon_core.bone.19] run data modify entity @s {} merge value {transformation:[-0.9823227935622567f,-0.13992949743898445f,-0.12434494358242783f,0f,0.13992949743898456f,-0.1076560271265614f,-0.9842915805643154f,1.5f,0.12434494358242772f,-0.9842915805643154f,0.12533323356430467f,0f,0f,0f,0f,1f],start_interpolation:0}
execute if entity @s[tag=aj.active_beacon_core.bone.20] run data modify entity @s {} merge value {transformation:[-0.9823227935622567f,-0.13992949743898445f,-0.12434494358242783f,0f,0.13992949743898456f,-0.1076560271265614f,-0.9842915805643154f,1.5f,0.12434494358242772f,-0.9842915805643154f,0.12533323356430467f,0f,0f,0f,0f,1f],start_interpolation:0}
execute if entity @s[tag=aj.active_beacon_core.bone.21] run data modify entity @s {} merge value {transformation:[-0.2767077318721092f,-0.9528752101548638f,-0.12434494358242783f,0f,0.1557010532612414f,0.08323020151088056f,-0.9842915805643154f,1.5f,0.9482563013951096f,-0.2917217294422588f,0.12533323356430467f,0f,0f,0f,0f,1f],start_interpolation:0}
execute if entity @s[tag=aj.active_beacon_core.bone.22] run data modify entity @s {} merge value {transformation:[-0.2767077318721092f,-0.9528752101548638f,-0.12434494358242783f,0f,0.1557010532612414f,0.08323020151088056f,-0.9842915805643154f,1.5f,0.9482563013951096f,-0.2917217294422588f,0.12533323356430467f,0f,0f,0f,0f,1f],start_interpolation:0}
execute if entity @s[tag=aj.active_beacon_core.bone.23] run data modify entity @s {} merge value {transformation:[-0.2767077318721092f,-0.9528752101548638f,-0.12434494358242783f,0f,0.1557010532612414f,0.08323020151088056f,-0.9842915805643154f,1.5f,0.9482563013951096f,-0.2917217294422588f,0.12533323356430467f,0f,0f,0f,0f,1f],start_interpolation:0}
execute if entity @s[tag=aj.active_beacon_core.bone.24] run data modify entity @s {} merge value {transformation:[-0.2767077318721092f,-0.9528752101548638f,-0.12434494358242783f,0f,0.1557010532612414f,0.08323020151088056f,-0.9842915805643154f,1.5f,0.9482563013951096f,-0.2917217294422588f,0.12533323356430467f,0f,0f,0f,0f,1f],start_interpolation:0}
execute if entity @s[tag=aj.active_beacon_core.bone.25] run data modify entity @s {} merge value {transformation:[-0.2767077318721092f,-0.9528752101548638f,-0.12434494358242783f,0f,0.1557010532612414f,0.08323020151088056f,-0.9842915805643154f,1.5f,0.9482563013951096f,-0.2917217294422588f,0.12533323356430467f,0f,0f,0f,0f,1f],start_interpolation:0}
execute if entity @s[tag=aj.active_beacon_core.bone.26] run data modify entity @s {} merge value {transformation:[-0.2767077318721092f,-0.9528752101548638f,-0.12434494358242783f,0f,0.1557010532612414f,0.08323020151088056f,-0.9842915805643154f,1.5f,0.9482563013951096f,-0.2917217294422588f,0.12533323356430467f,0f,0f,0f,0f,1f],start_interpolation:0}
execute if entity @s[tag=aj.active_beacon_core.bone.27] run data modify entity @s {} merge value {transformation:[-0.9823227935622567f,-0.13992949743898445f,-0.12434494358242783f,0f,0.13992949743898456f,-0.1076560271265614f,-0.9842915805643154f,1.5f,0.12434494358242772f,-0.9842915805643154f,0.12533323356430467f,0f,0f,0f,0f,1f],start_interpolation:0}