execute if entity @s[tag=aj.active_beacon_core.bone.exterior] run data modify entity @s {} merge value {transformation:[-4.631083505599865f,1.5821670111997315f,-1.5047302458687324f,0f,-1.504730245868732f,-4.869409363431187f,-0.48891649440013496f,1.5f,-1.5821670111997321f,2.292867133862336e-16f,4.869409363431187f,0f,0f,0f,0f,1f],start_interpolation:0}
execute if entity @s[tag=aj.active_beacon_core.bone.1] run data modify entity @s {} merge value {transformation:[0.7647471974819571f,0.5734011233337105f,0.29389262614623657f,0f,-0.5734011233337106f,0.8136906811868037f,-0.09549150281252636f,1.5f,-0.2938926261462366f,-0.09549150281252632f,0.9510565162951536f,0f,0f,0f,0f,1f],start_interpolation:0}
execute if entity @s[tag=aj.active_beacon_core.bone.2] run data modify entity @s {} merge value {transformation:[0.7647471974819571f,0.5734011233337105f,0.29389262614623657f,0f,-0.5734011233337106f,0.8136906811868037f,-0.09549150281252636f,1.5f,-0.2938926261462366f,-0.09549150281252632f,0.9510565162951536f,0f,0f,0f,0f,1f],start_interpolation:0}
execute if entity @s[tag=aj.active_beacon_core.bone.3] run data modify entity @s {} merge value {transformation:[0.1637161795080234f,-0.9417134048446827f,0.29389262614623657f,0f,0.985322368142208f,0.14149630288186577f,-0.09549150281252636f,1.5f,0.04834090820338496f,0.30521248238988885f,0.9510565162951536f,0f,0f,0f,0f,1f],start_interpolation:0}
execute if entity @s[tag=aj.active_beacon_core.bone.4] run data modify entity @s {} merge value {transformation:[0.2091240906817719f,0.932681209735347f,0.29389262614623657f,0f,-0.9644674597059397f,0.24634100766818517f,-0.09549150281252636f,1.5f,-0.1614609360337465f,-0.26348030087206276f,0.9510565162951536f,0f,0f,0f,0f,1f],start_interpolation:0}
execute if entity @s[tag=aj.active_beacon_core.bone.5] run data modify entity @s {} merge value {transformation:[0.2091240906817719f,0.932681209735347f,0.29389262614623657f,0f,-0.9644674597059397f,0.24634100766818517f,-0.09549150281252636f,1.5f,-0.1614609360337465f,-0.26348030087206276f,0.9510565162951536f,0f,0f,0f,0f,1f],start_interpolation:0}
execute if entity @s[tag=aj.active_beacon_core.bone.6] run data modify entity @s {} merge value {transformation:[0.2091240906817719f,0.932681209735347f,0.29389262614623657f,0f,-0.9644674597059397f,0.24634100766818517f,-0.09549150281252636f,1.5f,-0.1614609360337465f,-0.26348030087206276f,0.9510565162951536f,0f,0f,0f,0f,1f],start_interpolation:0}
execute if entity @s[tag=aj.active_beacon_core.bone.7] run data modify entity @s {} merge value {transformation:[0.1637161795080234f,-0.9417134048446827f,0.29389262614623657f,0f,0.985322368142208f,0.14149630288186577f,-0.09549150281252636f,1.5f,0.04834090820338496f,0.30521248238988885f,0.9510565162951536f,0f,0f,0f,0f,1f],start_interpolation:0}
execute if entity @s[tag=aj.active_beacon_core.bone.8] run data modify entity @s {} merge value {transformation:[0.1637161795080234f,-0.9417134048446827f,0.29389262614623657f,0f,0.985322368142208f,0.14149630288186577f,-0.09549150281252636f,1.5f,0.04834090820338496f,0.30521248238988885f,0.9510565162951536f,0f,0f,0f,0f,1f],start_interpolation:0}
execute if entity @s[tag=aj.active_beacon_core.bone.9] run data modify entity @s {} merge value {transformation:[-0.9045084971874736f,-0.30901699437494756f,0.29389262614623657f,0f,0.2938926261462367f,-0.9510565162951536f,-0.09549150281252636f,1.5f,0.30901699437494745f,-3.090477340043429e-17f,0.9510565162951536f,0f,0f,0f,0f,1f],start_interpolation:0}
execute if entity @s[tag=aj.active_beacon_core.bone.10] run data modify entity @s {} merge value {transformation:[0.1637161795080234f,-0.9417134048446827f,0.29389262614623657f,0f,0.985322368142208f,0.14149630288186577f,-0.09549150281252636f,1.5f,0.04834090820338496f,0.30521248238988885f,0.9510565162951536f,0f,0f,0f,0f,1f],start_interpolation:0}
execute if entity @s[tag=aj.active_beacon_core.bone.11] run data modify entity @s {} merge value {transformation:[0.1637161795080234f,-0.9417134048446827f,0.29389262614623657f,0f,0.985322368142208f,0.14149630288186577f,-0.09549150281252636f,1.5f,0.04834090820338496f,0.30521248238988885f,0.9510565162951536f,0f,0f,0f,0f,1f],start_interpolation:0}
execute if entity @s[tag=aj.active_beacon_core.bone.12] run data modify entity @s {} merge value {transformation:[0.1637161795080234f,-0.9417134048446827f,0.29389262614623657f,0f,0.985322368142208f,0.14149630288186577f,-0.09549150281252636f,1.5f,0.04834090820338496f,0.30521248238988885f,0.9510565162951536f,0f,0f,0f,0f,1f],start_interpolation:0}
execute if entity @s[tag=aj.active_beacon_core.bone.13] run data modify entity @s {} merge value {transformation:[0.1637161795080234f,-0.9417134048446827f,0.29389262614623657f,0f,0.985322368142208f,0.14149630288186577f,-0.09549150281252636f,1.5f,0.04834090820338496f,0.30521248238988885f,0.9510565162951536f,0f,0f,0f,0f,1f],start_interpolation:0}
execute if entity @s[tag=aj.active_beacon_core.bone.14] run data modify entity @s {} merge value {transformation:[0.1637161795080234f,-0.9417134048446827f,0.29389262614623657f,0f,0.985322368142208f,0.14149630288186577f,-0.09549150281252636f,1.5f,0.04834090820338496f,0.30521248238988885f,0.9510565162951536f,0f,0f,0f,0f,1f],start_interpolation:0}
execute if entity @s[tag=aj.active_beacon_core.bone.15] run data modify entity @s {} merge value {transformation:[0.7647471974819571f,0.5734011233337105f,0.29389262614623657f,0f,-0.5734011233337106f,0.8136906811868037f,-0.09549150281252636f,1.5f,-0.2938926261462366f,-0.09549150281252632f,0.9510565162951536f,0f,0f,0f,0f,1f],start_interpolation:0}
execute if entity @s[tag=aj.active_beacon_core.bone.16] run data modify entity @s {} merge value {transformation:[0.7647471974819571f,0.5734011233337105f,0.29389262614623657f,0f,-0.5734011233337106f,0.8136906811868037f,-0.09549150281252636f,1.5f,-0.2938926261462366f,-0.09549150281252632f,0.9510565162951536f,0f,0f,0f,0f,1f],start_interpolation:0}
execute if entity @s[tag=aj.active_beacon_core.bone.17] run data modify entity @s {} merge value {transformation:[0.7647471974819571f,0.5734011233337105f,0.29389262614623657f,0f,-0.5734011233337106f,0.8136906811868037f,-0.09549150281252636f,1.5f,-0.2938926261462366f,-0.09549150281252632f,0.9510565162951536f,0f,0f,0f,0f,1f],start_interpolation:0}
execute if entity @s[tag=aj.active_beacon_core.bone.18] run data modify entity @s {} merge value {transformation:[0.7647471974819571f,0.5734011233337105f,0.29389262614623657f,0f,-0.5734011233337106f,0.8136906811868037f,-0.09549150281252636f,1.5f,-0.2938926261462366f,-0.09549150281252632f,0.9510565162951536f,0f,0f,0f,0f,1f],start_interpolation:0}
execute if entity @s[tag=aj.active_beacon_core.bone.19] run data modify entity @s {} merge value {transformation:[0.7647471974819571f,0.5734011233337105f,0.29389262614623657f,0f,-0.5734011233337106f,0.8136906811868037f,-0.09549150281252636f,1.5f,-0.2938926261462366f,-0.09549150281252632f,0.9510565162951536f,0f,0f,0f,0f,1f],start_interpolation:0}
execute if entity @s[tag=aj.active_beacon_core.bone.20] run data modify entity @s {} merge value {transformation:[0.7647471974819571f,0.5734011233337105f,0.29389262614623657f,0f,-0.5734011233337106f,0.8136906811868037f,-0.09549150281252636f,1.5f,-0.2938926261462366f,-0.09549150281252632f,0.9510565162951536f,0f,0f,0f,0f,1f],start_interpolation:0}
execute if entity @s[tag=aj.active_beacon_core.bone.21] run data modify entity @s {} merge value {transformation:[0.2091240906817719f,0.932681209735347f,0.29389262614623657f,0f,-0.9644674597059397f,0.24634100766818517f,-0.09549150281252636f,1.5f,-0.1614609360337465f,-0.26348030087206276f,0.9510565162951536f,0f,0f,0f,0f,1f],start_interpolation:0}
execute if entity @s[tag=aj.active_beacon_core.bone.22] run data modify entity @s {} merge value {transformation:[0.2091240906817719f,0.932681209735347f,0.29389262614623657f,0f,-0.9644674597059397f,0.24634100766818517f,-0.09549150281252636f,1.5f,-0.1614609360337465f,-0.26348030087206276f,0.9510565162951536f,0f,0f,0f,0f,1f],start_interpolation:0}
execute if entity @s[tag=aj.active_beacon_core.bone.23] run data modify entity @s {} merge value {transformation:[0.2091240906817719f,0.932681209735347f,0.29389262614623657f,0f,-0.9644674597059397f,0.24634100766818517f,-0.09549150281252636f,1.5f,-0.1614609360337465f,-0.26348030087206276f,0.9510565162951536f,0f,0f,0f,0f,1f],start_interpolation:0}
execute if entity @s[tag=aj.active_beacon_core.bone.24] run data modify entity @s {} merge value {transformation:[0.2091240906817719f,0.932681209735347f,0.29389262614623657f,0f,-0.9644674597059397f,0.24634100766818517f,-0.09549150281252636f,1.5f,-0.1614609360337465f,-0.26348030087206276f,0.9510565162951536f,0f,0f,0f,0f,1f],start_interpolation:0}
execute if entity @s[tag=aj.active_beacon_core.bone.25] run data modify entity @s {} merge value {transformation:[0.2091240906817719f,0.932681209735347f,0.29389262614623657f,0f,-0.9644674597059397f,0.24634100766818517f,-0.09549150281252636f,1.5f,-0.1614609360337465f,-0.26348030087206276f,0.9510565162951536f,0f,0f,0f,0f,1f],start_interpolation:0}
execute if entity @s[tag=aj.active_beacon_core.bone.26] run data modify entity @s {} merge value {transformation:[0.2091240906817719f,0.932681209735347f,0.29389262614623657f,0f,-0.9644674597059397f,0.24634100766818517f,-0.09549150281252636f,1.5f,-0.1614609360337465f,-0.26348030087206276f,0.9510565162951536f,0f,0f,0f,0f,1f],start_interpolation:0}
execute if entity @s[tag=aj.active_beacon_core.bone.27] run data modify entity @s {} merge value {transformation:[0.7647471974819571f,0.5734011233337105f,0.29389262614623657f,0f,-0.5734011233337106f,0.8136906811868037f,-0.09549150281252636f,1.5f,-0.2938926261462366f,-0.09549150281252632f,0.9510565162951536f,0f,0f,0f,0f,1f],start_interpolation:0}