execute if entity @s[tag=aj.active_beacon_core.bone.exterior] run data modify entity @s {} merge value {transformation:[-2.080303834660547f,-3.94502780301204f,-2.5146553618654433f,0f,-2.5146553618654433f,3.263610827513293f,-3.0396961653394534f,1.5f,3.94502780301204f,-4.831265671506009e-16f,-3.2636108275132933f,0f,0f,0f,0f,1f],start_interpolation:0}
execute if entity @s[tag=aj.active_beacon_core.bone.1] run data modify entity @s {} merge value {transformation:[-0.8526819795934136f,0.1780768961449682f,0.49114362536434447f,0f,-0.17807689614496813f,0.7847420101552763f,-0.593690657292862f,1.5f,-0.49114362536434447f,-0.5936906572928619f,-0.6374239897486899f,0f,0f,0f,0f,1f],start_interpolation:0}
execute if entity @s[tag=aj.active_beacon_core.bone.2] run data modify entity @s {} merge value {transformation:[-0.8526819795934136f,0.1780768961449682f,0.49114362536434447f,0f,-0.17807689614496813f,0.7847420101552763f,-0.593690657292862f,1.5f,-0.49114362536434447f,-0.5936906572928619f,-0.6374239897486899f,0f,0f,0f,0f,1f],start_interpolation:0}
execute if entity @s[tag=aj.active_beacon_core.bone.3] run data modify entity @s {} merge value {transformation:[0.03957110230052324f,-0.8701793304409672f,0.49114362536434447f,0f,-0.715801973657674f,-0.36763968495110544f,-0.593690657292862f,1.5f,0.6971812263468518f,-0.3280685826505823f,-0.6374239897486899f,0f,0f,0f,0f,1f],start_interpolation:0}
execute if entity @s[tag=aj.active_beacon_core.bone.4] run data modify entity @s {} merge value {transformation:[-0.3597950387708275f,-0.7933003651454267f,0.49114362536434447f,0f,-0.8046891528509398f,-0.0026020621065896976f,-0.593690657292862f,1.5f,0.47225300143030946f,-0.608824900881137f,-0.6374239897486899f,0f,0f,0f,0f,1f],start_interpolation:0}
execute if entity @s[tag=aj.active_beacon_core.bone.5] run data modify entity @s {} merge value {transformation:[-0.3597950387708275f,-0.7933003651454267f,0.49114362536434447f,0f,-0.8046891528509398f,-0.0026020621065896976f,-0.593690657292862f,1.5f,0.47225300143030946f,-0.608824900881137f,-0.6374239897486899f,0f,0f,0f,0f,1f],start_interpolation:0}
execute if entity @s[tag=aj.active_beacon_core.bone.6] run data modify entity @s {} merge value {transformation:[-0.3597950387708275f,-0.7933003651454267f,0.49114362536434447f,0f,-0.8046891528509398f,-0.0026020621065896976f,-0.593690657292862f,1.5f,0.47225300143030946f,-0.608824900881137f,-0.6374239897486899f,0f,0f,0f,0f,1f],start_interpolation:0}
execute if entity @s[tag=aj.active_beacon_core.bone.7] run data modify entity @s {} merge value {transformation:[0.03957110230052324f,-0.8701793304409672f,0.49114362536434447f,0f,-0.715801973657674f,-0.36763968495110544f,-0.593690657292862f,1.5f,0.6971812263468518f,-0.3280685826505823f,-0.6374239897486899f,0f,0f,0f,0f,1f],start_interpolation:0}
execute if entity @s[tag=aj.active_beacon_core.bone.8] run data modify entity @s {} merge value {transformation:[0.03957110230052324f,-0.8701793304409672f,0.49114362536434447f,0f,-0.715801973657674f,-0.36763968495110544f,-0.593690657292862f,1.5f,0.6971812263468518f,-0.3280685826505823f,-0.6374239897486899f,0f,0f,0f,0f,1f],start_interpolation:0}
execute if entity @s[tag=aj.active_beacon_core.bone.9] run data modify entity @s {} merge value {transformation:[-0.4063093427071379f,0.770513242775789f,0.49114362536434447f,0f,0.4911436253643444f,0.63742398974869f,-0.593690657292862f,1.5f,-0.770513242775789f,9.436065764660175e-17f,-0.6374239897486899f,0f,0f,0f,0f,1f],start_interpolation:0}
execute if entity @s[tag=aj.active_beacon_core.bone.10] run data modify entity @s {} merge value {transformation:[0.03957110230052324f,-0.8701793304409672f,0.49114362536434447f,0f,-0.715801973657674f,-0.36763968495110544f,-0.593690657292862f,1.5f,0.6971812263468518f,-0.3280685826505823f,-0.6374239897486899f,0f,0f,0f,0f,1f],start_interpolation:0}
execute if entity @s[tag=aj.active_beacon_core.bone.11] run data modify entity @s {} merge value {transformation:[0.03957110230052324f,-0.8701793304409672f,0.49114362536434447f,0f,-0.715801973657674f,-0.36763968495110544f,-0.593690657292862f,1.5f,0.6971812263468518f,-0.3280685826505823f,-0.6374239897486899f,0f,0f,0f,0f,1f],start_interpolation:0}
execute if entity @s[tag=aj.active_beacon_core.bone.12] run data modify entity @s {} merge value {transformation:[0.03957110230052324f,-0.8701793304409672f,0.49114362536434447f,0f,-0.715801973657674f,-0.36763968495110544f,-0.593690657292862f,1.5f,0.6971812263468518f,-0.3280685826505823f,-0.6374239897486899f,0f,0f,0f,0f,1f],start_interpolation:0}
execute if entity @s[tag=aj.active_beacon_core.bone.13] run data modify entity @s {} merge value {transformation:[0.03957110230052324f,-0.8701793304409672f,0.49114362536434447f,0f,-0.715801973657674f,-0.36763968495110544f,-0.593690657292862f,1.5f,0.6971812263468518f,-0.3280685826505823f,-0.6374239897486899f,0f,0f,0f,0f,1f],start_interpolation:0}
execute if entity @s[tag=aj.active_beacon_core.bone.14] run data modify entity @s {} merge value {transformation:[0.03957110230052324f,-0.8701793304409672f,0.49114362536434447f,0f,-0.715801973657674f,-0.36763968495110544f,-0.593690657292862f,1.5f,0.6971812263468518f,-0.3280685826505823f,-0.6374239897486899f,0f,0f,0f,0f,1f],start_interpolation:0}
execute if entity @s[tag=aj.active_beacon_core.bone.15] run data modify entity @s {} merge value {transformation:[-0.8526819795934136f,0.1780768961449682f,0.49114362536434447f,0f,-0.17807689614496813f,0.7847420101552763f,-0.593690657292862f,1.5f,-0.49114362536434447f,-0.5936906572928619f,-0.6374239897486899f,0f,0f,0f,0f,1f],start_interpolation:0}
execute if entity @s[tag=aj.active_beacon_core.bone.16] run data modify entity @s {} merge value {transformation:[-0.8526819795934136f,0.1780768961449682f,0.49114362536434447f,0f,-0.17807689614496813f,0.7847420101552763f,-0.593690657292862f,1.5f,-0.49114362536434447f,-0.5936906572928619f,-0.6374239897486899f,0f,0f,0f,0f,1f],start_interpolation:0}
execute if entity @s[tag=aj.active_beacon_core.bone.17] run data modify entity @s {} merge value {transformation:[-0.8526819795934136f,0.1780768961449682f,0.49114362536434447f,0f,-0.17807689614496813f,0.7847420101552763f,-0.593690657292862f,1.5f,-0.49114362536434447f,-0.5936906572928619f,-0.6374239897486899f,0f,0f,0f,0f,1f],start_interpolation:0}
execute if entity @s[tag=aj.active_beacon_core.bone.18] run data modify entity @s {} merge value {transformation:[-0.8526819795934136f,0.1780768961449682f,0.49114362536434447f,0f,-0.17807689614496813f,0.7847420101552763f,-0.593690657292862f,1.5f,-0.49114362536434447f,-0.5936906572928619f,-0.6374239897486899f,0f,0f,0f,0f,1f],start_interpolation:0}
execute if entity @s[tag=aj.active_beacon_core.bone.19] run data modify entity @s {} merge value {transformation:[-0.8526819795934136f,0.1780768961449682f,0.49114362536434447f,0f,-0.17807689614496813f,0.7847420101552763f,-0.593690657292862f,1.5f,-0.49114362536434447f,-0.5936906572928619f,-0.6374239897486899f,0f,0f,0f,0f,1f],start_interpolation:0}
execute if entity @s[tag=aj.active_beacon_core.bone.20] run data modify entity @s {} merge value {transformation:[-0.8526819795934136f,0.1780768961449682f,0.49114362536434447f,0f,-0.17807689614496813f,0.7847420101552763f,-0.593690657292862f,1.5f,-0.49114362536434447f,-0.5936906572928619f,-0.6374239897486899f,0f,0f,0f,0f,1f],start_interpolation:0}
execute if entity @s[tag=aj.active_beacon_core.bone.21] run data modify entity @s {} merge value {transformation:[-0.3597950387708275f,-0.7933003651454267f,0.49114362536434447f,0f,-0.8046891528509398f,-0.0026020621065896976f,-0.593690657292862f,1.5f,0.47225300143030946f,-0.608824900881137f,-0.6374239897486899f,0f,0f,0f,0f,1f],start_interpolation:0}
execute if entity @s[tag=aj.active_beacon_core.bone.22] run data modify entity @s {} merge value {transformation:[-0.3597950387708275f,-0.7933003651454267f,0.49114362536434447f,0f,-0.8046891528509398f,-0.0026020621065896976f,-0.593690657292862f,1.5f,0.47225300143030946f,-0.608824900881137f,-0.6374239897486899f,0f,0f,0f,0f,1f],start_interpolation:0}
execute if entity @s[tag=aj.active_beacon_core.bone.23] run data modify entity @s {} merge value {transformation:[-0.3597950387708275f,-0.7933003651454267f,0.49114362536434447f,0f,-0.8046891528509398f,-0.0026020621065896976f,-0.593690657292862f,1.5f,0.47225300143030946f,-0.608824900881137f,-0.6374239897486899f,0f,0f,0f,0f,1f],start_interpolation:0}
execute if entity @s[tag=aj.active_beacon_core.bone.24] run data modify entity @s {} merge value {transformation:[-0.3597950387708275f,-0.7933003651454267f,0.49114362536434447f,0f,-0.8046891528509398f,-0.0026020621065896976f,-0.593690657292862f,1.5f,0.47225300143030946f,-0.608824900881137f,-0.6374239897486899f,0f,0f,0f,0f,1f],start_interpolation:0}
execute if entity @s[tag=aj.active_beacon_core.bone.25] run data modify entity @s {} merge value {transformation:[-0.3597950387708275f,-0.7933003651454267f,0.49114362536434447f,0f,-0.8046891528509398f,-0.0026020621065896976f,-0.593690657292862f,1.5f,0.47225300143030946f,-0.608824900881137f,-0.6374239897486899f,0f,0f,0f,0f,1f],start_interpolation:0}
execute if entity @s[tag=aj.active_beacon_core.bone.26] run data modify entity @s {} merge value {transformation:[-0.3597950387708275f,-0.7933003651454267f,0.49114362536434447f,0f,-0.8046891528509398f,-0.0026020621065896976f,-0.593690657292862f,1.5f,0.47225300143030946f,-0.608824900881137f,-0.6374239897486899f,0f,0f,0f,0f,1f],start_interpolation:0}
execute if entity @s[tag=aj.active_beacon_core.bone.27] run data modify entity @s {} merge value {transformation:[-0.8526819795934136f,0.1780768961449682f,0.49114362536434447f,0f,-0.17807689614496813f,0.7847420101552763f,-0.593690657292862f,1.5f,-0.49114362536434447f,-0.5936906572928619f,-0.6374239897486899f,0f,0f,0f,0f,1f],start_interpolation:0}