execute if entity @s[tag=aj.active_beacon_core.bone.exterior] run data modify entity @s {} merge value {transformation:[-0.020186364634936296f,5.10989684955275f,0.32085307792461953f,0f,0.3208530779246195f,0.32148745999008554f,-5.099813635365063f,1.5f,-5.10989684955275f,9.09998976381832e-16f,-0.3214874599900855f,0f,0f,0f,0f,1f],start_interpolation:0}
execute if entity @s[tag=aj.active_beacon_core.bone.1] run data modify entity @s {} merge value {transformation:[-0.9963049116577927f,-0.05873174735725645f,-0.06266661678215223f,0f,0.058731747357256586f,0.06648560787152072f,-0.9960573506572388f,1.5f,0.06266661678215225f,-0.9960573506572388f,-0.0627905195293136f,0f,0f,0f,0f,1f],start_interpolation:0}
execute if entity @s[tag=aj.active_beacon_core.bone.2] run data modify entity @s {} merge value {transformation:[-0.9963049116577927f,-0.05873174735725645f,-0.06266661678215223f,0f,0.058731747357256586f,0.06648560787152072f,-0.9960573506572388f,1.5f,0.06266661678215225f,-0.9960573506572388f,-0.0627905195293136f,0f,0f,0f,0f,1f],start_interpolation:0}
execute if entity @s[tag=aj.active_beacon_core.bone.3] run data modify entity @s {} merge value {transformation:[0.6803222409052538f,-0.7302291035495178f,-0.06266661678215223f,0f,-0.08866506604437953f,0.0028740676797965534f,-0.9960573506572388f,1.5f,0.7275301743522389f,0.6831963085850504f,-0.0627905195293136f,0f,0f,0f,0f,1f],start_interpolation:0}
execute if entity @s[tag=aj.active_beacon_core.bone.4] run data modify entity @s {} merge value {transformation:[-0.9047202814101077f,-0.42137169760947873f,-0.06266661678215223f,0f,0.030132413010234182f,0.08343735307320639f,-0.9960573506572388f,1.5f,0.4249391133931964f,-0.9030415829660574f,-0.0627905195293136f,0f,0f,0f,0f,1f],start_interpolation:0}
execute if entity @s[tag=aj.active_beacon_core.bone.5] run data modify entity @s {} merge value {transformation:[-0.9047202814101077f,-0.42137169760947873f,-0.06266661678215223f,0f,0.030132413010234182f,0.08343735307320639f,-0.9960573506572388f,1.5f,0.4249391133931964f,-0.9030415829660574f,-0.0627905195293136f,0f,0f,0f,0f,1f],start_interpolation:0}
execute if entity @s[tag=aj.active_beacon_core.bone.6] run data modify entity @s {} merge value {transformation:[-0.9047202814101077f,-0.42137169760947873f,-0.06266661678215223f,0f,0.030132413010234182f,0.08343735307320639f,-0.9960573506572388f,1.5f,0.4249391133931964f,-0.9030415829660574f,-0.0627905195293136f,0f,0f,0f,0f,1f],start_interpolation:0}
execute if entity @s[tag=aj.active_beacon_core.bone.7] run data modify entity @s {} merge value {transformation:[0.6803222409052538f,-0.7302291035495178f,-0.06266661678215223f,0f,-0.08866506604437953f,0.0028740676797965534f,-0.9960573506572388f,1.5f,0.7275301743522389f,0.6831963085850504f,-0.0627905195293136f,0f,0f,0f,0f,1f],start_interpolation:0}
execute if entity @s[tag=aj.active_beacon_core.bone.8] run data modify entity @s {} merge value {transformation:[0.6803222409052538f,-0.7302291035495178f,-0.06266661678215223f,0f,-0.08866506604437953f,0.0028740676797965534f,-0.9960573506572388f,1.5f,0.7275301743522389f,0.6831963085850504f,-0.0627905195293136f,0f,0f,0f,0f,1f],start_interpolation:0}
execute if entity @s[tag=aj.active_beacon_core.bone.9] run data modify entity @s {} merge value {transformation:[-0.00394264934276124f,-0.9980267284282714f,-0.06266661678215223f,0f,-0.06266661678215224f,0.06279051952931358f,-0.9960573506572388f,1.5f,0.9980267284282714f,-6.671187261206091e-17f,-0.0627905195293136f,0f,0f,0f,0f,1f],start_interpolation:0}
execute if entity @s[tag=aj.active_beacon_core.bone.10] run data modify entity @s {} merge value {transformation:[0.6803222409052538f,-0.7302291035495178f,-0.06266661678215223f,0f,-0.08866506604437953f,0.0028740676797965534f,-0.9960573506572388f,1.5f,0.7275301743522389f,0.6831963085850504f,-0.0627905195293136f,0f,0f,0f,0f,1f],start_interpolation:0}
execute if entity @s[tag=aj.active_beacon_core.bone.11] run data modify entity @s {} merge value {transformation:[0.6803222409052538f,-0.7302291035495178f,-0.06266661678215223f,0f,-0.08866506604437953f,0.0028740676797965534f,-0.9960573506572388f,1.5f,0.7275301743522389f,0.6831963085850504f,-0.0627905195293136f,0f,0f,0f,0f,1f],start_interpolation:0}
execute if entity @s[tag=aj.active_beacon_core.bone.12] run data modify entity @s {} merge value {transformation:[0.6803222409052538f,-0.7302291035495178f,-0.06266661678215223f,0f,-0.08866506604437953f,0.0028740676797965534f,-0.9960573506572388f,1.5f,0.7275301743522389f,0.6831963085850504f,-0.0627905195293136f,0f,0f,0f,0f,1f],start_interpolation:0}
execute if entity @s[tag=aj.active_beacon_core.bone.13] run data modify entity @s {} merge value {transformation:[0.6803222409052538f,-0.7302291035495178f,-0.06266661678215223f,0f,-0.08866506604437953f,0.0028740676797965534f,-0.9960573506572388f,1.5f,0.7275301743522389f,0.6831963085850504f,-0.0627905195293136f,0f,0f,0f,0f,1f],start_interpolation:0}
execute if entity @s[tag=aj.active_beacon_core.bone.14] run data modify entity @s {} merge value {transformation:[0.6803222409052538f,-0.7302291035495178f,-0.06266661678215223f,0f,-0.08866506604437953f,0.0028740676797965534f,-0.9960573506572388f,1.5f,0.7275301743522389f,0.6831963085850504f,-0.0627905195293136f,0f,0f,0f,0f,1f],start_interpolation:0}
execute if entity @s[tag=aj.active_beacon_core.bone.15] run data modify entity @s {} merge value {transformation:[-0.9963049116577927f,-0.05873174735725645f,-0.06266661678215223f,0f,0.058731747357256586f,0.06648560787152072f,-0.9960573506572388f,1.5f,0.06266661678215225f,-0.9960573506572388f,-0.0627905195293136f,0f,0f,0f,0f,1f],start_interpolation:0}
execute if entity @s[tag=aj.active_beacon_core.bone.16] run data modify entity @s {} merge value {transformation:[-0.9963049116577927f,-0.05873174735725645f,-0.06266661678215223f,0f,0.058731747357256586f,0.06648560787152072f,-0.9960573506572388f,1.5f,0.06266661678215225f,-0.9960573506572388f,-0.0627905195293136f,0f,0f,0f,0f,1f],start_interpolation:0}
execute if entity @s[tag=aj.active_beacon_core.bone.17] run data modify entity @s {} merge value {transformation:[-0.9963049116577927f,-0.05873174735725645f,-0.06266661678215223f,0f,0.058731747357256586f,0.06648560787152072f,-0.9960573506572388f,1.5f,0.06266661678215225f,-0.9960573506572388f,-0.0627905195293136f,0f,0f,0f,0f,1f],start_interpolation:0}
execute if entity @s[tag=aj.active_beacon_core.bone.18] run data modify entity @s {} merge value {transformation:[-0.9963049116577927f,-0.05873174735725645f,-0.06266661678215223f,0f,0.058731747357256586f,0.06648560787152072f,-0.9960573506572388f,1.5f,0.06266661678215225f,-0.9960573506572388f,-0.0627905195293136f,0f,0f,0f,0f,1f],start_interpolation:0}
execute if entity @s[tag=aj.active_beacon_core.bone.19] run data modify entity @s {} merge value {transformation:[-0.9963049116577927f,-0.05873174735725645f,-0.06266661678215223f,0f,0.058731747357256586f,0.06648560787152072f,-0.9960573506572388f,1.5f,0.06266661678215225f,-0.9960573506572388f,-0.0627905195293136f,0f,0f,0f,0f,1f],start_interpolation:0}
execute if entity @s[tag=aj.active_beacon_core.bone.20] run data modify entity @s {} merge value {transformation:[-0.9963049116577927f,-0.05873174735725645f,-0.06266661678215223f,0f,0.058731747357256586f,0.06648560787152072f,-0.9960573506572388f,1.5f,0.06266661678215225f,-0.9960573506572388f,-0.0627905195293136f,0f,0f,0f,0f,1f],start_interpolation:0}
execute if entity @s[tag=aj.active_beacon_core.bone.21] run data modify entity @s {} merge value {transformation:[-0.9047202814101077f,-0.42137169760947873f,-0.06266661678215223f,0f,0.030132413010234182f,0.08343735307320639f,-0.9960573506572388f,1.5f,0.4249391133931964f,-0.9030415829660574f,-0.0627905195293136f,0f,0f,0f,0f,1f],start_interpolation:0}
execute if entity @s[tag=aj.active_beacon_core.bone.22] run data modify entity @s {} merge value {transformation:[-0.9047202814101077f,-0.42137169760947873f,-0.06266661678215223f,0f,0.030132413010234182f,0.08343735307320639f,-0.9960573506572388f,1.5f,0.4249391133931964f,-0.9030415829660574f,-0.0627905195293136f,0f,0f,0f,0f,1f],start_interpolation:0}
execute if entity @s[tag=aj.active_beacon_core.bone.23] run data modify entity @s {} merge value {transformation:[-0.9047202814101077f,-0.42137169760947873f,-0.06266661678215223f,0f,0.030132413010234182f,0.08343735307320639f,-0.9960573506572388f,1.5f,0.4249391133931964f,-0.9030415829660574f,-0.0627905195293136f,0f,0f,0f,0f,1f],start_interpolation:0}
execute if entity @s[tag=aj.active_beacon_core.bone.24] run data modify entity @s {} merge value {transformation:[-0.9047202814101077f,-0.42137169760947873f,-0.06266661678215223f,0f,0.030132413010234182f,0.08343735307320639f,-0.9960573506572388f,1.5f,0.4249391133931964f,-0.9030415829660574f,-0.0627905195293136f,0f,0f,0f,0f,1f],start_interpolation:0}
execute if entity @s[tag=aj.active_beacon_core.bone.25] run data modify entity @s {} merge value {transformation:[-0.9047202814101077f,-0.42137169760947873f,-0.06266661678215223f,0f,0.030132413010234182f,0.08343735307320639f,-0.9960573506572388f,1.5f,0.4249391133931964f,-0.9030415829660574f,-0.0627905195293136f,0f,0f,0f,0f,1f],start_interpolation:0}
execute if entity @s[tag=aj.active_beacon_core.bone.26] run data modify entity @s {} merge value {transformation:[-0.9047202814101077f,-0.42137169760947873f,-0.06266661678215223f,0f,0.030132413010234182f,0.08343735307320639f,-0.9960573506572388f,1.5f,0.4249391133931964f,-0.9030415829660574f,-0.0627905195293136f,0f,0f,0f,0f,1f],start_interpolation:0}
execute if entity @s[tag=aj.active_beacon_core.bone.27] run data modify entity @s {} merge value {transformation:[-0.9963049116577927f,-0.05873174735725645f,-0.06266661678215223f,0f,0.058731747357256586f,0.06648560787152072f,-0.9960573506572388f,1.5f,0.06266661678215225f,-0.9960573506572388f,-0.0627905195293136f,0f,0f,0f,0f,1f],start_interpolation:0}