execute if entity @s[tag=aj.active_beacon_core.bone.exterior] run data modify entity @s {} merge value {transformation:[-3.649994986406585f,2.743433190292463f,-2.3163572543130106f,0f,-2.31635725431301f,-4.322958978570317f,-1.4700050135934144f,1.5f,-2.7434331902924636f,3.359736675166276e-16f,4.322958978570317f,0f,0f,0f,0f,1f],start_interpolation:0}
execute if entity @s[tag=aj.active_beacon_core.bone.1] run data modify entity @s {} merge value {transformation:[0.31480228151797157f,0.8343989003063784f,0.4524135262330097f,0f,-0.8343989003063784f,0.47047435601595644f,-0.2871103542174637f,1.5f,-0.45241352623300973f,-0.2871103542174636f,0.8443279255020151f,0f,0f,0f,0f,1f],start_interpolation:0}
execute if entity @s[tag=aj.active_beacon_core.bone.2] run data modify entity @s {} merge value {transformation:[0.31480228151797157f,0.8343989003063784f,0.4524135262330097f,0f,-0.8343989003063784f,0.47047435601595644f,-0.2871103542174637f,1.5f,-0.45241352623300973f,-0.2871103542174636f,0.8443279255020151f,0f,0f,0f,0f,1f],start_interpolation:0}
execute if entity @s[tag=aj.active_beacon_core.bone.3] run data modify entity @s {} merge value {transformation:[0.31566121707406014f,-0.8340743356060878f,0.4524135262330097f,0f,0.9370221255711528f,0.19888987076078407f,-0.2871103542174637f,1.5f,0.1494909101766457f,0.5145510878348444f,0.8443279255020151f,0f,0f,0f,0f,1f],start_interpolation:0}
execute if entity @s[tag=aj.active_beacon_core.bone.4] run data modify entity @s {} merge value {transformation:[-0.24924742074696993f,0.8562696564356329f,0.4524135262330097f,0f,-0.9497383184826609f,-0.12475885101607198f,-0.2871103542174637f,1.5f,-0.1894012926479407f,-0.5012359769218016f,0.8443279255020151f,0f,0f,0f,0f,1f],start_interpolation:0}
execute if entity @s[tag=aj.active_beacon_core.bone.5] run data modify entity @s {} merge value {transformation:[-0.24924742074696993f,0.8562696564356329f,0.4524135262330097f,0f,-0.9497383184826609f,-0.12475885101607198f,-0.2871103542174637f,1.5f,-0.1894012926479407f,-0.5012359769218016f,0.8443279255020151f,0f,0f,0f,0f,1f],start_interpolation:0}
execute if entity @s[tag=aj.active_beacon_core.bone.6] run data modify entity @s {} merge value {transformation:[-0.24924742074696993f,0.8562696564356329f,0.4524135262330097f,0f,-0.9497383184826609f,-0.12475885101607198f,-0.2871103542174637f,1.5f,-0.1894012926479407f,-0.5012359769218016f,0.8443279255020151f,0f,0f,0f,0f,1f],start_interpolation:0}
execute if entity @s[tag=aj.active_beacon_core.bone.7] run data modify entity @s {} merge value {transformation:[0.31566121707406014f,-0.8340743356060878f,0.4524135262330097f,0f,0.9370221255711528f,0.19888987076078407f,-0.2871103542174637f,1.5f,0.1494909101766457f,0.5145510878348444f,0.8443279255020151f,0f,0f,0f,0f,1f],start_interpolation:0}
execute if entity @s[tag=aj.active_beacon_core.bone.8] run data modify entity @s {} merge value {transformation:[0.31566121707406014f,-0.8340743356060878f,0.4524135262330097f,0f,0.9370221255711528f,0.19888987076078407f,-0.2871103542174637f,1.5f,0.1494909101766457f,0.5145510878348444f,0.8443279255020151f,0f,0f,0f,0f,1f],start_interpolation:0}
execute if entity @s[tag=aj.active_beacon_core.bone.9] run data modify entity @s {} merge value {transformation:[-0.7128896457825363f,-0.5358267949789967f,0.4524135262330097f,0f,0.4524135262330098f,-0.8443279255020151f,-0.2871103542174637f,1.5f,0.5358267949789965f,-6.561985693684133e-17f,0.8443279255020151f,0f,0f,0f,0f,1f],start_interpolation:0}
execute if entity @s[tag=aj.active_beacon_core.bone.10] run data modify entity @s {} merge value {transformation:[0.31566121707406014f,-0.8340743356060878f,0.4524135262330097f,0f,0.9370221255711528f,0.19888987076078407f,-0.2871103542174637f,1.5f,0.1494909101766457f,0.5145510878348444f,0.8443279255020151f,0f,0f,0f,0f,1f],start_interpolation:0}
execute if entity @s[tag=aj.active_beacon_core.bone.11] run data modify entity @s {} merge value {transformation:[0.31566121707406014f,-0.8340743356060878f,0.4524135262330097f,0f,0.9370221255711528f,0.19888987076078407f,-0.2871103542174637f,1.5f,0.1494909101766457f,0.5145510878348444f,0.8443279255020151f,0f,0f,0f,0f,1f],start_interpolation:0}
execute if entity @s[tag=aj.active_beacon_core.bone.12] run data modify entity @s {} merge value {transformation:[0.31566121707406014f,-0.8340743356060878f,0.4524135262330097f,0f,0.9370221255711528f,0.19888987076078407f,-0.2871103542174637f,1.5f,0.1494909101766457f,0.5145510878348444f,0.8443279255020151f,0f,0f,0f,0f,1f],start_interpolation:0}
execute if entity @s[tag=aj.active_beacon_core.bone.13] run data modify entity @s {} merge value {transformation:[0.31566121707406014f,-0.8340743356060878f,0.4524135262330097f,0f,0.9370221255711528f,0.19888987076078407f,-0.2871103542174637f,1.5f,0.1494909101766457f,0.5145510878348444f,0.8443279255020151f,0f,0f,0f,0f,1f],start_interpolation:0}
execute if entity @s[tag=aj.active_beacon_core.bone.14] run data modify entity @s {} merge value {transformation:[0.31566121707406014f,-0.8340743356060878f,0.4524135262330097f,0f,0.9370221255711528f,0.19888987076078407f,-0.2871103542174637f,1.5f,0.1494909101766457f,0.5145510878348444f,0.8443279255020151f,0f,0f,0f,0f,1f],start_interpolation:0}
execute if entity @s[tag=aj.active_beacon_core.bone.15] run data modify entity @s {} merge value {transformation:[0.31480228151797157f,0.8343989003063784f,0.4524135262330097f,0f,-0.8343989003063784f,0.47047435601595644f,-0.2871103542174637f,1.5f,-0.45241352623300973f,-0.2871103542174636f,0.8443279255020151f,0f,0f,0f,0f,1f],start_interpolation:0}
execute if entity @s[tag=aj.active_beacon_core.bone.16] run data modify entity @s {} merge value {transformation:[0.31480228151797157f,0.8343989003063784f,0.4524135262330097f,0f,-0.8343989003063784f,0.47047435601595644f,-0.2871103542174637f,1.5f,-0.45241352623300973f,-0.2871103542174636f,0.8443279255020151f,0f,0f,0f,0f,1f],start_interpolation:0}
execute if entity @s[tag=aj.active_beacon_core.bone.17] run data modify entity @s {} merge value {transformation:[0.31480228151797157f,0.8343989003063784f,0.4524135262330097f,0f,-0.8343989003063784f,0.47047435601595644f,-0.2871103542174637f,1.5f,-0.45241352623300973f,-0.2871103542174636f,0.8443279255020151f,0f,0f,0f,0f,1f],start_interpolation:0}
execute if entity @s[tag=aj.active_beacon_core.bone.18] run data modify entity @s {} merge value {transformation:[0.31480228151797157f,0.8343989003063784f,0.4524135262330097f,0f,-0.8343989003063784f,0.47047435601595644f,-0.2871103542174637f,1.5f,-0.45241352623300973f,-0.2871103542174636f,0.8443279255020151f,0f,0f,0f,0f,1f],start_interpolation:0}
execute if entity @s[tag=aj.active_beacon_core.bone.19] run data modify entity @s {} merge value {transformation:[0.31480228151797157f,0.8343989003063784f,0.4524135262330097f,0f,-0.8343989003063784f,0.47047435601595644f,-0.2871103542174637f,1.5f,-0.45241352623300973f,-0.2871103542174636f,0.8443279255020151f,0f,0f,0f,0f,1f],start_interpolation:0}
execute if entity @s[tag=aj.active_beacon_core.bone.20] run data modify entity @s {} merge value {transformation:[0.31480228151797157f,0.8343989003063784f,0.4524135262330097f,0f,-0.8343989003063784f,0.47047435601595644f,-0.2871103542174637f,1.5f,-0.45241352623300973f,-0.2871103542174636f,0.8443279255020151f,0f,0f,0f,0f,1f],start_interpolation:0}
execute if entity @s[tag=aj.active_beacon_core.bone.21] run data modify entity @s {} merge value {transformation:[-0.24924742074696993f,0.8562696564356329f,0.4524135262330097f,0f,-0.9497383184826609f,-0.12475885101607198f,-0.2871103542174637f,1.5f,-0.1894012926479407f,-0.5012359769218016f,0.8443279255020151f,0f,0f,0f,0f,1f],start_interpolation:0}
execute if entity @s[tag=aj.active_beacon_core.bone.22] run data modify entity @s {} merge value {transformation:[-0.24924742074696993f,0.8562696564356329f,0.4524135262330097f,0f,-0.9497383184826609f,-0.12475885101607198f,-0.2871103542174637f,1.5f,-0.1894012926479407f,-0.5012359769218016f,0.8443279255020151f,0f,0f,0f,0f,1f],start_interpolation:0}
execute if entity @s[tag=aj.active_beacon_core.bone.23] run data modify entity @s {} merge value {transformation:[-0.24924742074696993f,0.8562696564356329f,0.4524135262330097f,0f,-0.9497383184826609f,-0.12475885101607198f,-0.2871103542174637f,1.5f,-0.1894012926479407f,-0.5012359769218016f,0.8443279255020151f,0f,0f,0f,0f,1f],start_interpolation:0}
execute if entity @s[tag=aj.active_beacon_core.bone.24] run data modify entity @s {} merge value {transformation:[-0.24924742074696993f,0.8562696564356329f,0.4524135262330097f,0f,-0.9497383184826609f,-0.12475885101607198f,-0.2871103542174637f,1.5f,-0.1894012926479407f,-0.5012359769218016f,0.8443279255020151f,0f,0f,0f,0f,1f],start_interpolation:0}
execute if entity @s[tag=aj.active_beacon_core.bone.25] run data modify entity @s {} merge value {transformation:[-0.24924742074696993f,0.8562696564356329f,0.4524135262330097f,0f,-0.9497383184826609f,-0.12475885101607198f,-0.2871103542174637f,1.5f,-0.1894012926479407f,-0.5012359769218016f,0.8443279255020151f,0f,0f,0f,0f,1f],start_interpolation:0}
execute if entity @s[tag=aj.active_beacon_core.bone.26] run data modify entity @s {} merge value {transformation:[-0.24924742074696993f,0.8562696564356329f,0.4524135262330097f,0f,-0.9497383184826609f,-0.12475885101607198f,-0.2871103542174637f,1.5f,-0.1894012926479407f,-0.5012359769218016f,0.8443279255020151f,0f,0f,0f,0f,1f],start_interpolation:0}
execute if entity @s[tag=aj.active_beacon_core.bone.27] run data modify entity @s {} merge value {transformation:[0.31480228151797157f,0.8343989003063784f,0.4524135262330097f,0f,-0.8343989003063784f,0.47047435601595644f,-0.2871103542174637f,1.5f,-0.45241352623300973f,-0.2871103542174636f,0.8443279255020151f,0f,0f,0f,0f,1f],start_interpolation:0}