execute if entity @s[tag=aj.active_beacon_core.bone.exterior] run data modify entity @s {} merge value {transformation:[-3.039696165339456f,3.2636108275132902f,-2.5146553618654437f,0f,-2.5146553618654433f,-3.945027803012043f,-2.080303834660544f,1.5f,-3.263610827513291f,2.5756850820565953e-16f,3.9450278030120427f,0f,0f,0f,0f,1f],start_interpolation:0}
execute if entity @s[tag=aj.active_beacon_core.bone.1] run data modify entity @s {} merge value {transformation:[0.05113717084927616f,0.8695762928124828f,0.49114362536434425f,0f,-0.8695762928124829f,0.2806239280734868f,-0.4063093427071375f,1.5f,-0.4911436253643443f,-0.4063093427071373f,0.7705132427757898f,0f,0f,0f,0f,1f],start_interpolation:0}
execute if entity @s[tag=aj.active_beacon_core.bone.2] run data modify entity @s {} merge value {transformation:[0.05113717084927616f,0.8695762928124828f,0.49114362536434425f,0f,-0.8695762928124829f,0.2806239280734868f,-0.4063093427071375f,1.5f,-0.4911436253643443f,-0.4063093427071373f,0.7705132427757898f,0f,0f,0f,0f,1f],start_interpolation:0}
execute if entity @s[tag=aj.active_beacon_core.bone.3] run data modify entity @s {} merge value {transformation:[0.39863443510417296f,-0.7745117987565753f,0.49114362536434425f,0f,0.8913300625499493f,0.2011055385204441f,-0.4063093427071375f,1.5f,0.2159196766019271f,0.5997399736246172f,0.7705132427757898f,0f,0f,0f,0f,1f],start_interpolation:0}
execute if entity @s[tag=aj.active_beacon_core.bone.4] run data modify entity @s {} merge value {transformation:[-0.45817307353925146f,0.7408477400570002f,0.49114362536434425f,0f,-0.8728038307353023f,-0.27041854796347864f,-0.4063093427071375f,1.5f,-0.16819901229608328f,-0.6148320380150659f,0.7705132427757898f,0f,0f,0f,0f,1f],start_interpolation:0}
execute if entity @s[tag=aj.active_beacon_core.bone.5] run data modify entity @s {} merge value {transformation:[-0.45817307353925146f,0.7408477400570002f,0.49114362536434425f,0f,-0.8728038307353023f,-0.27041854796347864f,-0.4063093427071375f,1.5f,-0.16819901229608328f,-0.6148320380150659f,0.7705132427757898f,0f,0f,0f,0f,1f],start_interpolation:0}
execute if entity @s[tag=aj.active_beacon_core.bone.6] run data modify entity @s {} merge value {transformation:[-0.45817307353925146f,0.7408477400570002f,0.49114362536434425f,0f,-0.8728038307353023f,-0.27041854796347864f,-0.4063093427071375f,1.5f,-0.16819901229608328f,-0.6148320380150659f,0.7705132427757898f,0f,0f,0f,0f,1f],start_interpolation:0}
execute if entity @s[tag=aj.active_beacon_core.bone.7] run data modify entity @s {} merge value {transformation:[0.39863443510417296f,-0.7745117987565753f,0.49114362536434425f,0f,0.8913300625499493f,0.2011055385204441f,-0.4063093427071375f,1.5f,0.2159196766019271f,0.5997399736246172f,0.7705132427757898f,0f,0f,0f,0f,1f],start_interpolation:0}
execute if entity @s[tag=aj.active_beacon_core.bone.8] run data modify entity @s {} merge value {transformation:[0.39863443510417296f,-0.7745117987565753f,0.49114362536434425f,0f,0.8913300625499493f,0.2011055385204441f,-0.4063093427071375f,1.5f,0.2159196766019271f,0.5997399736246172f,0.7705132427757898f,0f,0f,0f,0f,1f],start_interpolation:0}
execute if entity @s[tag=aj.active_beacon_core.bone.9] run data modify entity @s {} merge value {transformation:[-0.5936906572928627f,-0.6374239897486895f,0.49114362536434425f,0f,0.49114362536434436f,-0.7705132427757897f,-0.4063093427071375f,1.5f,0.6374239897486894f,-1.058175004901757e-16f,0.7705132427757898f,0f,0f,0f,0f,1f],start_interpolation:0}
execute if entity @s[tag=aj.active_beacon_core.bone.10] run data modify entity @s {} merge value {transformation:[0.39863443510417296f,-0.7745117987565753f,0.49114362536434425f,0f,0.8913300625499493f,0.2011055385204441f,-0.4063093427071375f,1.5f,0.2159196766019271f,0.5997399736246172f,0.7705132427757898f,0f,0f,0f,0f,1f],start_interpolation:0}
execute if entity @s[tag=aj.active_beacon_core.bone.11] run data modify entity @s {} merge value {transformation:[0.39863443510417296f,-0.7745117987565753f,0.49114362536434425f,0f,0.8913300625499493f,0.2011055385204441f,-0.4063093427071375f,1.5f,0.2159196766019271f,0.5997399736246172f,0.7705132427757898f,0f,0f,0f,0f,1f],start_interpolation:0}
execute if entity @s[tag=aj.active_beacon_core.bone.12] run data modify entity @s {} merge value {transformation:[0.39863443510417296f,-0.7745117987565753f,0.49114362536434425f,0f,0.8913300625499493f,0.2011055385204441f,-0.4063093427071375f,1.5f,0.2159196766019271f,0.5997399736246172f,0.7705132427757898f,0f,0f,0f,0f,1f],start_interpolation:0}
execute if entity @s[tag=aj.active_beacon_core.bone.13] run data modify entity @s {} merge value {transformation:[0.39863443510417296f,-0.7745117987565753f,0.49114362536434425f,0f,0.8913300625499493f,0.2011055385204441f,-0.4063093427071375f,1.5f,0.2159196766019271f,0.5997399736246172f,0.7705132427757898f,0f,0f,0f,0f,1f],start_interpolation:0}
execute if entity @s[tag=aj.active_beacon_core.bone.14] run data modify entity @s {} merge value {transformation:[0.39863443510417296f,-0.7745117987565753f,0.49114362536434425f,0f,0.8913300625499493f,0.2011055385204441f,-0.4063093427071375f,1.5f,0.2159196766019271f,0.5997399736246172f,0.7705132427757898f,0f,0f,0f,0f,1f],start_interpolation:0}
execute if entity @s[tag=aj.active_beacon_core.bone.15] run data modify entity @s {} merge value {transformation:[0.05113717084927616f,0.8695762928124828f,0.49114362536434425f,0f,-0.8695762928124829f,0.2806239280734868f,-0.4063093427071375f,1.5f,-0.4911436253643443f,-0.4063093427071373f,0.7705132427757898f,0f,0f,0f,0f,1f],start_interpolation:0}
execute if entity @s[tag=aj.active_beacon_core.bone.16] run data modify entity @s {} merge value {transformation:[0.05113717084927616f,0.8695762928124828f,0.49114362536434425f,0f,-0.8695762928124829f,0.2806239280734868f,-0.4063093427071375f,1.5f,-0.4911436253643443f,-0.4063093427071373f,0.7705132427757898f,0f,0f,0f,0f,1f],start_interpolation:0}
execute if entity @s[tag=aj.active_beacon_core.bone.17] run data modify entity @s {} merge value {transformation:[0.05113717084927616f,0.8695762928124828f,0.49114362536434425f,0f,-0.8695762928124829f,0.2806239280734868f,-0.4063093427071375f,1.5f,-0.4911436253643443f,-0.4063093427071373f,0.7705132427757898f,0f,0f,0f,0f,1f],start_interpolation:0}
execute if entity @s[tag=aj.active_beacon_core.bone.18] run data modify entity @s {} merge value {transformation:[0.05113717084927616f,0.8695762928124828f,0.49114362536434425f,0f,-0.8695762928124829f,0.2806239280734868f,-0.4063093427071375f,1.5f,-0.4911436253643443f,-0.4063093427071373f,0.7705132427757898f,0f,0f,0f,0f,1f],start_interpolation:0}
execute if entity @s[tag=aj.active_beacon_core.bone.19] run data modify entity @s {} merge value {transformation:[0.05113717084927616f,0.8695762928124828f,0.49114362536434425f,0f,-0.8695762928124829f,0.2806239280734868f,-0.4063093427071375f,1.5f,-0.4911436253643443f,-0.4063093427071373f,0.7705132427757898f,0f,0f,0f,0f,1f],start_interpolation:0}
execute if entity @s[tag=aj.active_beacon_core.bone.20] run data modify entity @s {} merge value {transformation:[0.05113717084927616f,0.8695762928124828f,0.49114362536434425f,0f,-0.8695762928124829f,0.2806239280734868f,-0.4063093427071375f,1.5f,-0.4911436253643443f,-0.4063093427071373f,0.7705132427757898f,0f,0f,0f,0f,1f],start_interpolation:0}
execute if entity @s[tag=aj.active_beacon_core.bone.21] run data modify entity @s {} merge value {transformation:[-0.45817307353925146f,0.7408477400570002f,0.49114362536434425f,0f,-0.8728038307353023f,-0.27041854796347864f,-0.4063093427071375f,1.5f,-0.16819901229608328f,-0.6148320380150659f,0.7705132427757898f,0f,0f,0f,0f,1f],start_interpolation:0}
execute if entity @s[tag=aj.active_beacon_core.bone.22] run data modify entity @s {} merge value {transformation:[-0.45817307353925146f,0.7408477400570002f,0.49114362536434425f,0f,-0.8728038307353023f,-0.27041854796347864f,-0.4063093427071375f,1.5f,-0.16819901229608328f,-0.6148320380150659f,0.7705132427757898f,0f,0f,0f,0f,1f],start_interpolation:0}
execute if entity @s[tag=aj.active_beacon_core.bone.23] run data modify entity @s {} merge value {transformation:[-0.45817307353925146f,0.7408477400570002f,0.49114362536434425f,0f,-0.8728038307353023f,-0.27041854796347864f,-0.4063093427071375f,1.5f,-0.16819901229608328f,-0.6148320380150659f,0.7705132427757898f,0f,0f,0f,0f,1f],start_interpolation:0}
execute if entity @s[tag=aj.active_beacon_core.bone.24] run data modify entity @s {} merge value {transformation:[-0.45817307353925146f,0.7408477400570002f,0.49114362536434425f,0f,-0.8728038307353023f,-0.27041854796347864f,-0.4063093427071375f,1.5f,-0.16819901229608328f,-0.6148320380150659f,0.7705132427757898f,0f,0f,0f,0f,1f],start_interpolation:0}
execute if entity @s[tag=aj.active_beacon_core.bone.25] run data modify entity @s {} merge value {transformation:[-0.45817307353925146f,0.7408477400570002f,0.49114362536434425f,0f,-0.8728038307353023f,-0.27041854796347864f,-0.4063093427071375f,1.5f,-0.16819901229608328f,-0.6148320380150659f,0.7705132427757898f,0f,0f,0f,0f,1f],start_interpolation:0}
execute if entity @s[tag=aj.active_beacon_core.bone.26] run data modify entity @s {} merge value {transformation:[-0.45817307353925146f,0.7408477400570002f,0.49114362536434425f,0f,-0.8728038307353023f,-0.27041854796347864f,-0.4063093427071375f,1.5f,-0.16819901229608328f,-0.6148320380150659f,0.7705132427757898f,0f,0f,0f,0f,1f],start_interpolation:0}
execute if entity @s[tag=aj.active_beacon_core.bone.27] run data modify entity @s {} merge value {transformation:[0.05113717084927616f,0.8695762928124828f,0.49114362536434425f,0f,-0.8695762928124829f,0.2806239280734868f,-0.4063093427071375f,1.5f,-0.4911436253643443f,-0.4063093427071373f,0.7705132427757898f,0f,0f,0f,0f,1f],start_interpolation:0}