execute if entity @s[tag=aj.active_beacon_core.bone.exterior] run data modify entity @s {} merge value {transformation:[-4.426159686198817f,-1.8847977097455464f,1.7524405911774386f,0f,1.7524405911774392f,-4.760455607747847f,-0.693840313801183f,1.5f,1.884797709745546f,-2.3082114822801455e-16f,4.760455607747847f,0f,0f,0f,0f,1f],start_interpolation:0}
execute if entity @s[tag=aj.active_beacon_core.bone.1] run data modify entity @s {} merge value {transformation:[0.668261501018164f,-0.6605114542520174f,-0.3422735529643437f,0f,0.6605114542520172f,0.7384850151299118f,-0.13551568628929356f,1.5f,0.34227355296434364f,-0.13551568628929364f,0.9297764858882513f,0f,0f,0f,0f,1f],start_interpolation:0}
execute if entity @s[tag=aj.active_beacon_core.bone.2] run data modify entity @s {} merge value {transformation:[0.668261501018164f,-0.6605114542520174f,-0.3422735529643437f,0f,0.6605114542520172f,0.7384850151299118f,-0.13551568628929356f,1.5f,0.34227355296434364f,-0.13551568628929364f,0.9297764858882513f,0f,0f,0f,0f,1f],start_interpolation:0}
execute if entity @s[tag=aj.active_beacon_core.bone.3] run data modify entity @s {} merge value {transformation:[-0.19961584764051013f,-0.9181515824263033f,-0.3422735529643437f,0f,0.9774432564177369f,-0.1619882071418499f,-0.13551568628929356f,1.5f,0.06897966261333635f,-0.3616040547823598f,0.9297764858882513f,0f,0f,0f,0f,1f],start_interpolation:0}
execute if entity @s[tag=aj.active_beacon_core.bone.4] run data modify entity @s {} merge value {transformation:[0.9348987346807205f,0.09387848972769092f,-0.3422735529643437f,0f,-0.1479866373050452f,0.9796608872200041f,-0.13551568628929356f,1.5f,0.3225900046057417f,0.1773453557828936f,0.9297764858882513f,0f,0f,0f,0f,1f],start_interpolation:0}
execute if entity @s[tag=aj.active_beacon_core.bone.5] run data modify entity @s {} merge value {transformation:[0.9348987346807205f,0.09387848972769092f,-0.3422735529643437f,0f,-0.1479866373050452f,0.9796608872200041f,-0.13551568628929356f,1.5f,0.3225900046057417f,0.1773453557828936f,0.9297764858882513f,0f,0f,0f,0f,1f],start_interpolation:0}
execute if entity @s[tag=aj.active_beacon_core.bone.6] run data modify entity @s {} merge value {transformation:[0.9348987346807205f,0.09387848972769092f,-0.3422735529643437f,0f,-0.1479866373050452f,0.9796608872200041f,-0.13551568628929356f,1.5f,0.3225900046057417f,0.1773453557828936f,0.9297764858882513f,0f,0f,0f,0f,1f],start_interpolation:0}
execute if entity @s[tag=aj.active_beacon_core.bone.7] run data modify entity @s {} merge value {transformation:[-0.19961584764051013f,-0.9181515824263033f,-0.3422735529643437f,0f,0.9774432564177369f,-0.1619882071418499f,-0.13551568628929356f,1.5f,0.06897966261333635f,-0.3616040547823598f,0.9297764858882513f,0f,0f,0f,0f,1f],start_interpolation:0}
execute if entity @s[tag=aj.active_beacon_core.bone.8] run data modify entity @s {} merge value {transformation:[-0.19961584764051013f,-0.9181515824263033f,-0.3422735529643437f,0f,0.9774432564177369f,-0.1619882071418499f,-0.13551568628929356f,1.5f,0.06897966261333635f,-0.3616040547823598f,0.9297764858882513f,0f,0f,0f,0f,1f],start_interpolation:0}
execute if entity @s[tag=aj.active_beacon_core.bone.9] run data modify entity @s {} merge value {transformation:[-0.8644843137107064f,0.36812455268467703f,-0.3422735529643437f,0f,-0.3422735529643436f,-0.9297764858882513f,-0.13551568628929356f,1.5f,-0.36812455268467714f,4.508225551328409e-17f,0.9297764858882513f,0f,0f,0f,0f,1f],start_interpolation:0}
execute if entity @s[tag=aj.active_beacon_core.bone.10] run data modify entity @s {} merge value {transformation:[-0.19961584764051013f,-0.9181515824263033f,-0.3422735529643437f,0f,0.9774432564177369f,-0.1619882071418499f,-0.13551568628929356f,1.5f,0.06897966261333635f,-0.3616040547823598f,0.9297764858882513f,0f,0f,0f,0f,1f],start_interpolation:0}
execute if entity @s[tag=aj.active_beacon_core.bone.11] run data modify entity @s {} merge value {transformation:[-0.19961584764051013f,-0.9181515824263033f,-0.3422735529643437f,0f,0.9774432564177369f,-0.1619882071418499f,-0.13551568628929356f,1.5f,0.06897966261333635f,-0.3616040547823598f,0.9297764858882513f,0f,0f,0f,0f,1f],start_interpolation:0}
execute if entity @s[tag=aj.active_beacon_core.bone.12] run data modify entity @s {} merge value {transformation:[-0.19961584764051013f,-0.9181515824263033f,-0.3422735529643437f,0f,0.9774432564177369f,-0.1619882071418499f,-0.13551568628929356f,1.5f,0.06897966261333635f,-0.3616040547823598f,0.9297764858882513f,0f,0f,0f,0f,1f],start_interpolation:0}
execute if entity @s[tag=aj.active_beacon_core.bone.13] run data modify entity @s {} merge value {transformation:[-0.19961584764051013f,-0.9181515824263033f,-0.3422735529643437f,0f,0.9774432564177369f,-0.1619882071418499f,-0.13551568628929356f,1.5f,0.06897966261333635f,-0.3616040547823598f,0.9297764858882513f,0f,0f,0f,0f,1f],start_interpolation:0}
execute if entity @s[tag=aj.active_beacon_core.bone.14] run data modify entity @s {} merge value {transformation:[-0.19961584764051013f,-0.9181515824263033f,-0.3422735529643437f,0f,0.9774432564177369f,-0.1619882071418499f,-0.13551568628929356f,1.5f,0.06897966261333635f,-0.3616040547823598f,0.9297764858882513f,0f,0f,0f,0f,1f],start_interpolation:0}
execute if entity @s[tag=aj.active_beacon_core.bone.15] run data modify entity @s {} merge value {transformation:[0.668261501018164f,-0.6605114542520174f,-0.3422735529643437f,0f,0.6605114542520172f,0.7384850151299118f,-0.13551568628929356f,1.5f,0.34227355296434364f,-0.13551568628929364f,0.9297764858882513f,0f,0f,0f,0f,1f],start_interpolation:0}
execute if entity @s[tag=aj.active_beacon_core.bone.16] run data modify entity @s {} merge value {transformation:[0.668261501018164f,-0.6605114542520174f,-0.3422735529643437f,0f,0.6605114542520172f,0.7384850151299118f,-0.13551568628929356f,1.5f,0.34227355296434364f,-0.13551568628929364f,0.9297764858882513f,0f,0f,0f,0f,1f],start_interpolation:0}
execute if entity @s[tag=aj.active_beacon_core.bone.17] run data modify entity @s {} merge value {transformation:[0.668261501018164f,-0.6605114542520174f,-0.3422735529643437f,0f,0.6605114542520172f,0.7384850151299118f,-0.13551568628929356f,1.5f,0.34227355296434364f,-0.13551568628929364f,0.9297764858882513f,0f,0f,0f,0f,1f],start_interpolation:0}
execute if entity @s[tag=aj.active_beacon_core.bone.18] run data modify entity @s {} merge value {transformation:[0.668261501018164f,-0.6605114542520174f,-0.3422735529643437f,0f,0.6605114542520172f,0.7384850151299118f,-0.13551568628929356f,1.5f,0.34227355296434364f,-0.13551568628929364f,0.9297764858882513f,0f,0f,0f,0f,1f],start_interpolation:0}
execute if entity @s[tag=aj.active_beacon_core.bone.19] run data modify entity @s {} merge value {transformation:[0.668261501018164f,-0.6605114542520174f,-0.3422735529643437f,0f,0.6605114542520172f,0.7384850151299118f,-0.13551568628929356f,1.5f,0.34227355296434364f,-0.13551568628929364f,0.9297764858882513f,0f,0f,0f,0f,1f],start_interpolation:0}
execute if entity @s[tag=aj.active_beacon_core.bone.20] run data modify entity @s {} merge value {transformation:[0.668261501018164f,-0.6605114542520174f,-0.3422735529643437f,0f,0.6605114542520172f,0.7384850151299118f,-0.13551568628929356f,1.5f,0.34227355296434364f,-0.13551568628929364f,0.9297764858882513f,0f,0f,0f,0f,1f],start_interpolation:0}
execute if entity @s[tag=aj.active_beacon_core.bone.21] run data modify entity @s {} merge value {transformation:[0.9348987346807205f,0.09387848972769092f,-0.3422735529643437f,0f,-0.1479866373050452f,0.9796608872200041f,-0.13551568628929356f,1.5f,0.3225900046057417f,0.1773453557828936f,0.9297764858882513f,0f,0f,0f,0f,1f],start_interpolation:0}
execute if entity @s[tag=aj.active_beacon_core.bone.22] run data modify entity @s {} merge value {transformation:[0.9348987346807205f,0.09387848972769092f,-0.3422735529643437f,0f,-0.1479866373050452f,0.9796608872200041f,-0.13551568628929356f,1.5f,0.3225900046057417f,0.1773453557828936f,0.9297764858882513f,0f,0f,0f,0f,1f],start_interpolation:0}
execute if entity @s[tag=aj.active_beacon_core.bone.23] run data modify entity @s {} merge value {transformation:[0.9348987346807205f,0.09387848972769092f,-0.3422735529643437f,0f,-0.1479866373050452f,0.9796608872200041f,-0.13551568628929356f,1.5f,0.3225900046057417f,0.1773453557828936f,0.9297764858882513f,0f,0f,0f,0f,1f],start_interpolation:0}
execute if entity @s[tag=aj.active_beacon_core.bone.24] run data modify entity @s {} merge value {transformation:[0.9348987346807205f,0.09387848972769092f,-0.3422735529643437f,0f,-0.1479866373050452f,0.9796608872200041f,-0.13551568628929356f,1.5f,0.3225900046057417f,0.1773453557828936f,0.9297764858882513f,0f,0f,0f,0f,1f],start_interpolation:0}
execute if entity @s[tag=aj.active_beacon_core.bone.25] run data modify entity @s {} merge value {transformation:[0.9348987346807205f,0.09387848972769092f,-0.3422735529643437f,0f,-0.1479866373050452f,0.9796608872200041f,-0.13551568628929356f,1.5f,0.3225900046057417f,0.1773453557828936f,0.9297764858882513f,0f,0f,0f,0f,1f],start_interpolation:0}
execute if entity @s[tag=aj.active_beacon_core.bone.26] run data modify entity @s {} merge value {transformation:[0.9348987346807205f,0.09387848972769092f,-0.3422735529643437f,0f,-0.1479866373050452f,0.9796608872200041f,-0.13551568628929356f,1.5f,0.3225900046057417f,0.1773453557828936f,0.9297764858882513f,0f,0f,0f,0f,1f],start_interpolation:0}
execute if entity @s[tag=aj.active_beacon_core.bone.27] run data modify entity @s {} merge value {transformation:[0.668261501018164f,-0.6605114542520174f,-0.3422735529643437f,0f,0.6605114542520172f,0.7384850151299118f,-0.13551568628929356f,1.5f,0.34227355296434364f,-0.13551568628929364f,0.9297764858882513f,0f,0f,0f,0f,1f],start_interpolation:0}