execute if entity @s[tag=aj.active_beacon_core.bone.exterior] run data modify entity @s {} merge value {transformation:[-3.3510835055998656f,3.009460491737461f,2.434704681715593f,0f,2.4347046817155924f,4.142167011199731f,-1.768916494400134f,1.5f,-3.009460491737462f,2.264440686846501e-16f,-4.142167011199731f,0f,0f,0f,0f,1f],start_interpolation:0}
execute if entity @s[tag=aj.active_beacon_core.bone.1] run data modify entity @s {} merge value {transformation:[-0.875f,-0.0908178160006699f,-0.4755282581475765f,0f,0.09081781600067018f,0.9340169943749472f,-0.34549150281252616f,1.5f,0.4755282581475765f,-0.3454915028125261f,-0.8090169943749476f,0f,0f,0f,0f,1f],start_interpolation:0}
execute if entity @s[tag=aj.active_beacon_core.bone.2] run data modify entity @s {} merge value {transformation:[-0.875f,-0.0908178160006699f,-0.4755282581475765f,0f,0.09081781600067018f,0.9340169943749472f,-0.34549150281252616f,1.5f,0.4755282581475765f,-0.3454915028125261f,-0.8090169943749476f,0f,0f,0f,0f,1f],start_interpolation:0}
execute if entity @s[tag=aj.active_beacon_core.bone.3] run data modify entity @s {} merge value {transformation:[-0.44083893921935513f,-0.7612712429686842f,-0.4755282581475765f,0f,-0.7022542485937366f,0.6224745712206952f,-0.34549150281252616f,1.5f,0.5590169943749471f,0.18163563200134006f,-0.8090169943749476f,0f,0f,0f,0f,1f],start_interpolation:0}
execute if entity @s[tag=aj.active_beacon_core.bone.4] run data modify entity @s {} merge value {transformation:[-0.8500202615585586f,-0.22657985489237814f,-0.4755282581475765f,0f,-0.05641275087135267f,0.9367247317240368f,-0.34549150281252616f,1.5f,0.5237204946142991f,-0.2668489204277954f,-0.8090169943749476f,0f,0f,0f,0f,1f],start_interpolation:0}
execute if entity @s[tag=aj.active_beacon_core.bone.5] run data modify entity @s {} merge value {transformation:[-0.8500202615585586f,-0.22657985489237814f,-0.4755282581475765f,0f,-0.05641275087135267f,0.9367247317240368f,-0.34549150281252616f,1.5f,0.5237204946142991f,-0.2668489204277954f,-0.8090169943749476f,0f,0f,0f,0f,1f],start_interpolation:0}
execute if entity @s[tag=aj.active_beacon_core.bone.6] run data modify entity @s {} merge value {transformation:[-0.8500202615585586f,-0.22657985489237814f,-0.4755282581475765f,0f,-0.05641275087135267f,0.9367247317240368f,-0.34549150281252616f,1.5f,0.5237204946142991f,-0.2668489204277954f,-0.8090169943749476f,0f,0f,0f,0f,1f],start_interpolation:0}
execute if entity @s[tag=aj.active_beacon_core.bone.7] run data modify entity @s {} merge value {transformation:[-0.44083893921935513f,-0.7612712429686842f,-0.4755282581475765f,0f,-0.7022542485937366f,0.6224745712206952f,-0.34549150281252616f,1.5f,0.5590169943749471f,0.18163563200134006f,-0.8090169943749476f,0f,0f,0f,0f,1f],start_interpolation:0}
execute if entity @s[tag=aj.active_beacon_core.bone.8] run data modify entity @s {} merge value {transformation:[-0.44083893921935513f,-0.7612712429686842f,-0.4755282581475765f,0f,-0.7022542485937366f,0.6224745712206952f,-0.34549150281252616f,1.5f,0.5590169943749471f,0.18163563200134006f,-0.8090169943749476f,0f,0f,0f,0f,1f],start_interpolation:0}
execute if entity @s[tag=aj.active_beacon_core.bone.9] run data modify entity @s {} merge value {transformation:[-0.654508497187474f,-0.5877852522924729f,-0.4755282581475765f,0f,-0.4755282581475766f,0.8090169943749475f,-0.34549150281252616f,1.5f,0.5877852522924728f,-9.973850839622855e-17f,-0.8090169943749476f,0f,0f,0f,0f,1f],start_interpolation:0}
execute if entity @s[tag=aj.active_beacon_core.bone.10] run data modify entity @s {} merge value {transformation:[-0.44083893921935513f,-0.7612712429686842f,-0.4755282581475765f,0f,-0.7022542485937366f,0.6224745712206952f,-0.34549150281252616f,1.5f,0.5590169943749471f,0.18163563200134006f,-0.8090169943749476f,0f,0f,0f,0f,1f],start_interpolation:0}
execute if entity @s[tag=aj.active_beacon_core.bone.11] run data modify entity @s {} merge value {transformation:[-0.44083893921935513f,-0.7612712429686842f,-0.4755282581475765f,0f,-0.7022542485937366f,0.6224745712206952f,-0.34549150281252616f,1.5f,0.5590169943749471f,0.18163563200134006f,-0.8090169943749476f,0f,0f,0f,0f,1f],start_interpolation:0}
execute if entity @s[tag=aj.active_beacon_core.bone.12] run data modify entity @s {} merge value {transformation:[-0.44083893921935513f,-0.7612712429686842f,-0.4755282581475765f,0f,-0.7022542485937366f,0.6224745712206952f,-0.34549150281252616f,1.5f,0.5590169943749471f,0.18163563200134006f,-0.8090169943749476f,0f,0f,0f,0f,1f],start_interpolation:0}
execute if entity @s[tag=aj.active_beacon_core.bone.13] run data modify entity @s {} merge value {transformation:[-0.44083893921935513f,-0.7612712429686842f,-0.4755282581475765f,0f,-0.7022542485937366f,0.6224745712206952f,-0.34549150281252616f,1.5f,0.5590169943749471f,0.18163563200134006f,-0.8090169943749476f,0f,0f,0f,0f,1f],start_interpolation:0}
execute if entity @s[tag=aj.active_beacon_core.bone.14] run data modify entity @s {} merge value {transformation:[-0.44083893921935513f,-0.7612712429686842f,-0.4755282581475765f,0f,-0.7022542485937366f,0.6224745712206952f,-0.34549150281252616f,1.5f,0.5590169943749471f,0.18163563200134006f,-0.8090169943749476f,0f,0f,0f,0f,1f],start_interpolation:0}
execute if entity @s[tag=aj.active_beacon_core.bone.15] run data modify entity @s {} merge value {transformation:[-0.875f,-0.0908178160006699f,-0.4755282581475765f,0f,0.09081781600067018f,0.9340169943749472f,-0.34549150281252616f,1.5f,0.4755282581475765f,-0.3454915028125261f,-0.8090169943749476f,0f,0f,0f,0f,1f],start_interpolation:0}
execute if entity @s[tag=aj.active_beacon_core.bone.16] run data modify entity @s {} merge value {transformation:[-0.875f,-0.0908178160006699f,-0.4755282581475765f,0f,0.09081781600067018f,0.9340169943749472f,-0.34549150281252616f,1.5f,0.4755282581475765f,-0.3454915028125261f,-0.8090169943749476f,0f,0f,0f,0f,1f],start_interpolation:0}
execute if entity @s[tag=aj.active_beacon_core.bone.17] run data modify entity @s {} merge value {transformation:[-0.875f,-0.0908178160006699f,-0.4755282581475765f,0f,0.09081781600067018f,0.9340169943749472f,-0.34549150281252616f,1.5f,0.4755282581475765f,-0.3454915028125261f,-0.8090169943749476f,0f,0f,0f,0f,1f],start_interpolation:0}
execute if entity @s[tag=aj.active_beacon_core.bone.18] run data modify entity @s {} merge value {transformation:[-0.875f,-0.0908178160006699f,-0.4755282581475765f,0f,0.09081781600067018f,0.9340169943749472f,-0.34549150281252616f,1.5f,0.4755282581475765f,-0.3454915028125261f,-0.8090169943749476f,0f,0f,0f,0f,1f],start_interpolation:0}
execute if entity @s[tag=aj.active_beacon_core.bone.19] run data modify entity @s {} merge value {transformation:[-0.875f,-0.0908178160006699f,-0.4755282581475765f,0f,0.09081781600067018f,0.9340169943749472f,-0.34549150281252616f,1.5f,0.4755282581475765f,-0.3454915028125261f,-0.8090169943749476f,0f,0f,0f,0f,1f],start_interpolation:0}
execute if entity @s[tag=aj.active_beacon_core.bone.20] run data modify entity @s {} merge value {transformation:[-0.875f,-0.0908178160006699f,-0.4755282581475765f,0f,0.09081781600067018f,0.9340169943749472f,-0.34549150281252616f,1.5f,0.4755282581475765f,-0.3454915028125261f,-0.8090169943749476f,0f,0f,0f,0f,1f],start_interpolation:0}
execute if entity @s[tag=aj.active_beacon_core.bone.21] run data modify entity @s {} merge value {transformation:[-0.8500202615585586f,-0.22657985489237814f,-0.4755282581475765f,0f,-0.05641275087135267f,0.9367247317240368f,-0.34549150281252616f,1.5f,0.5237204946142991f,-0.2668489204277954f,-0.8090169943749476f,0f,0f,0f,0f,1f],start_interpolation:0}
execute if entity @s[tag=aj.active_beacon_core.bone.22] run data modify entity @s {} merge value {transformation:[-0.8500202615585586f,-0.22657985489237814f,-0.4755282581475765f,0f,-0.05641275087135267f,0.9367247317240368f,-0.34549150281252616f,1.5f,0.5237204946142991f,-0.2668489204277954f,-0.8090169943749476f,0f,0f,0f,0f,1f],start_interpolation:0}
execute if entity @s[tag=aj.active_beacon_core.bone.23] run data modify entity @s {} merge value {transformation:[-0.8500202615585586f,-0.22657985489237814f,-0.4755282581475765f,0f,-0.05641275087135267f,0.9367247317240368f,-0.34549150281252616f,1.5f,0.5237204946142991f,-0.2668489204277954f,-0.8090169943749476f,0f,0f,0f,0f,1f],start_interpolation:0}
execute if entity @s[tag=aj.active_beacon_core.bone.24] run data modify entity @s {} merge value {transformation:[-0.8500202615585586f,-0.22657985489237814f,-0.4755282581475765f,0f,-0.05641275087135267f,0.9367247317240368f,-0.34549150281252616f,1.5f,0.5237204946142991f,-0.2668489204277954f,-0.8090169943749476f,0f,0f,0f,0f,1f],start_interpolation:0}
execute if entity @s[tag=aj.active_beacon_core.bone.25] run data modify entity @s {} merge value {transformation:[-0.8500202615585586f,-0.22657985489237814f,-0.4755282581475765f,0f,-0.05641275087135267f,0.9367247317240368f,-0.34549150281252616f,1.5f,0.5237204946142991f,-0.2668489204277954f,-0.8090169943749476f,0f,0f,0f,0f,1f],start_interpolation:0}
execute if entity @s[tag=aj.active_beacon_core.bone.26] run data modify entity @s {} merge value {transformation:[-0.8500202615585586f,-0.22657985489237814f,-0.4755282581475765f,0f,-0.05641275087135267f,0.9367247317240368f,-0.34549150281252616f,1.5f,0.5237204946142991f,-0.2668489204277954f,-0.8090169943749476f,0f,0f,0f,0f,1f],start_interpolation:0}
execute if entity @s[tag=aj.active_beacon_core.bone.27] run data modify entity @s {} merge value {transformation:[-0.875f,-0.0908178160006699f,-0.4755282581475765f,0f,0.09081781600067018f,0.9340169943749472f,-0.34549150281252616f,1.5f,0.4755282581475765f,-0.3454915028125261f,-0.8090169943749476f,0f,0f,0f,0f,1f],start_interpolation:0}