execute if entity @s[tag=aj.active_beacon_core.bone.exterior] run data modify entity @s {} merge value {transformation:[-0.3166548990877078f,4.959145784978593f,-1.2332894057003903f,0f,-1.23328940570039f,-1.2732922222840557f,-4.803345100912292f,1.5f,-4.959145784978593f,6.073202012079121e-16f,1.2732922222840555f,0f,0f,0f,0f,1f],start_interpolation:0}
execute if entity @s[tag=aj.active_beacon_core.bone.1] run data modify entity @s {} merge value {transformation:[-0.9227727011304632f,0.3007804704776624f,0.2408768370508574f,0f,-0.3007804704776623f,-0.17146258829531758f,-0.938153340021932f,1.5f,-0.24087683705085763f,-0.9381533400219321f,0.24868988716485466f,0f,0f,0f,0f,1f],start_interpolation:0}
execute if entity @s[tag=aj.active_beacon_core.bone.2] run data modify entity @s {} merge value {transformation:[-0.9227727011304632f,0.3007804704776624f,0.2408768370508574f,0f,-0.3007804704776623f,-0.17146258829531758f,-0.938153340021932f,1.5f,-0.24087683705085763f,-0.9381533400219321f,0.24868988716485466f,0f,0f,0f,0f,1f],start_interpolation:0}
execute if entity @s[tag=aj.active_beacon_core.bone.3] run data modify entity @s {} merge value {transformation:[0.7274245855230437f,-0.6425198998856012f,0.2408768370508574f,0f,0.34413867336054393f,0.037906254145435164f,-0.938153340021932f,1.5f,0.5936514515052358f,0.7653308396684788f,0.24868988716485466f,0f,0f,0f,0f,1f],start_interpolation:0}
execute if entity @s[tag=aj.active_beacon_core.bone.4] run data modify entity @s {} merge value {transformation:[-0.9610004422650793f,-0.13585469936184394f,0.2408768370508574f,0f,-0.1946760479832039f,-0.2863032429912989f,-0.938153340021932f,1.5f,0.1964163595731364f,-0.9484587253612929f,0.24868988716485466f,0f,0f,0f,0f,1f],start_interpolation:0}
execute if entity @s[tag=aj.active_beacon_core.bone.5] run data modify entity @s {} merge value {transformation:[-0.9610004422650793f,-0.13585469936184394f,0.2408768370508574f,0f,-0.1946760479832039f,-0.2863032429912989f,-0.938153340021932f,1.5f,0.1964163595731364f,-0.9484587253612929f,0.24868988716485466f,0f,0f,0f,0f,1f],start_interpolation:0}
execute if entity @s[tag=aj.active_beacon_core.bone.6] run data modify entity @s {} merge value {transformation:[-0.9610004422650793f,-0.13585469936184394f,0.2408768370508574f,0f,-0.1946760479832039f,-0.2863032429912989f,-0.938153340021932f,1.5f,0.1964163595731364f,-0.9484587253612929f,0.24868988716485466f,0f,0f,0f,0f,1f],start_interpolation:0}
execute if entity @s[tag=aj.active_beacon_core.bone.7] run data modify entity @s {} merge value {transformation:[0.7274245855230437f,-0.6425198998856012f,0.2408768370508574f,0f,0.34413867336054393f,0.037906254145435164f,-0.938153340021932f,1.5f,0.5936514515052358f,0.7653308396684788f,0.24868988716485466f,0f,0f,0f,0f,1f],start_interpolation:0}
execute if entity @s[tag=aj.active_beacon_core.bone.8] run data modify entity @s {} merge value {transformation:[0.7274245855230437f,-0.6425198998856012f,0.2408768370508574f,0f,0.34413867336054393f,0.037906254145435164f,-0.938153340021932f,1.5f,0.5936514515052358f,0.7653308396684788f,0.24868988716485466f,0f,0f,0f,0f,1f],start_interpolation:0}
execute if entity @s[tag=aj.active_beacon_core.bone.9] run data modify entity @s {} merge value {transformation:[-0.06184665997806816f,-0.9685831611286313f,0.2408768370508574f,0f,0.24087683705085744f,-0.24868988716485463f,-0.938153340021932f,1.5f,0.9685831611286313f,-1.1861722679842034e-16f,0.24868988716485466f,0f,0f,0f,0f,1f],start_interpolation:0}
execute if entity @s[tag=aj.active_beacon_core.bone.10] run data modify entity @s {} merge value {transformation:[0.7274245855230437f,-0.6425198998856012f,0.2408768370508574f,0f,0.34413867336054393f,0.037906254145435164f,-0.938153340021932f,1.5f,0.5936514515052358f,0.7653308396684788f,0.24868988716485466f,0f,0f,0f,0f,1f],start_interpolation:0}
execute if entity @s[tag=aj.active_beacon_core.bone.11] run data modify entity @s {} merge value {transformation:[0.7274245855230437f,-0.6425198998856012f,0.2408768370508574f,0f,0.34413867336054393f,0.037906254145435164f,-0.938153340021932f,1.5f,0.5936514515052358f,0.7653308396684788f,0.24868988716485466f,0f,0f,0f,0f,1f],start_interpolation:0}
execute if entity @s[tag=aj.active_beacon_core.bone.12] run data modify entity @s {} merge value {transformation:[0.7274245855230437f,-0.6425198998856012f,0.2408768370508574f,0f,0.34413867336054393f,0.037906254145435164f,-0.938153340021932f,1.5f,0.5936514515052358f,0.7653308396684788f,0.24868988716485466f,0f,0f,0f,0f,1f],start_interpolation:0}
execute if entity @s[tag=aj.active_beacon_core.bone.13] run data modify entity @s {} merge value {transformation:[0.7274245855230437f,-0.6425198998856012f,0.2408768370508574f,0f,0.34413867336054393f,0.037906254145435164f,-0.938153340021932f,1.5f,0.5936514515052358f,0.7653308396684788f,0.24868988716485466f,0f,0f,0f,0f,1f],start_interpolation:0}
execute if entity @s[tag=aj.active_beacon_core.bone.14] run data modify entity @s {} merge value {transformation:[0.7274245855230437f,-0.6425198998856012f,0.2408768370508574f,0f,0.34413867336054393f,0.037906254145435164f,-0.938153340021932f,1.5f,0.5936514515052358f,0.7653308396684788f,0.24868988716485466f,0f,0f,0f,0f,1f],start_interpolation:0}
execute if entity @s[tag=aj.active_beacon_core.bone.15] run data modify entity @s {} merge value {transformation:[-0.9227727011304632f,0.3007804704776624f,0.2408768370508574f,0f,-0.3007804704776623f,-0.17146258829531758f,-0.938153340021932f,1.5f,-0.24087683705085763f,-0.9381533400219321f,0.24868988716485466f,0f,0f,0f,0f,1f],start_interpolation:0}
execute if entity @s[tag=aj.active_beacon_core.bone.16] run data modify entity @s {} merge value {transformation:[-0.9227727011304632f,0.3007804704776624f,0.2408768370508574f,0f,-0.3007804704776623f,-0.17146258829531758f,-0.938153340021932f,1.5f,-0.24087683705085763f,-0.9381533400219321f,0.24868988716485466f,0f,0f,0f,0f,1f],start_interpolation:0}
execute if entity @s[tag=aj.active_beacon_core.bone.17] run data modify entity @s {} merge value {transformation:[-0.9227727011304632f,0.3007804704776624f,0.2408768370508574f,0f,-0.3007804704776623f,-0.17146258829531758f,-0.938153340021932f,1.5f,-0.24087683705085763f,-0.9381533400219321f,0.24868988716485466f,0f,0f,0f,0f,1f],start_interpolation:0}
execute if entity @s[tag=aj.active_beacon_core.bone.18] run data modify entity @s {} merge value {transformation:[-0.9227727011304632f,0.3007804704776624f,0.2408768370508574f,0f,-0.3007804704776623f,-0.17146258829531758f,-0.938153340021932f,1.5f,-0.24087683705085763f,-0.9381533400219321f,0.24868988716485466f,0f,0f,0f,0f,1f],start_interpolation:0}
execute if entity @s[tag=aj.active_beacon_core.bone.19] run data modify entity @s {} merge value {transformation:[-0.9227727011304632f,0.3007804704776624f,0.2408768370508574f,0f,-0.3007804704776623f,-0.17146258829531758f,-0.938153340021932f,1.5f,-0.24087683705085763f,-0.9381533400219321f,0.24868988716485466f,0f,0f,0f,0f,1f],start_interpolation:0}
execute if entity @s[tag=aj.active_beacon_core.bone.20] run data modify entity @s {} merge value {transformation:[-0.9227727011304632f,0.3007804704776624f,0.2408768370508574f,0f,-0.3007804704776623f,-0.17146258829531758f,-0.938153340021932f,1.5f,-0.24087683705085763f,-0.9381533400219321f,0.24868988716485466f,0f,0f,0f,0f,1f],start_interpolation:0}
execute if entity @s[tag=aj.active_beacon_core.bone.21] run data modify entity @s {} merge value {transformation:[-0.9610004422650793f,-0.13585469936184394f,0.2408768370508574f,0f,-0.1946760479832039f,-0.2863032429912989f,-0.938153340021932f,1.5f,0.1964163595731364f,-0.9484587253612929f,0.24868988716485466f,0f,0f,0f,0f,1f],start_interpolation:0}
execute if entity @s[tag=aj.active_beacon_core.bone.22] run data modify entity @s {} merge value {transformation:[-0.9610004422650793f,-0.13585469936184394f,0.2408768370508574f,0f,-0.1946760479832039f,-0.2863032429912989f,-0.938153340021932f,1.5f,0.1964163595731364f,-0.9484587253612929f,0.24868988716485466f,0f,0f,0f,0f,1f],start_interpolation:0}
execute if entity @s[tag=aj.active_beacon_core.bone.23] run data modify entity @s {} merge value {transformation:[-0.9610004422650793f,-0.13585469936184394f,0.2408768370508574f,0f,-0.1946760479832039f,-0.2863032429912989f,-0.938153340021932f,1.5f,0.1964163595731364f,-0.9484587253612929f,0.24868988716485466f,0f,0f,0f,0f,1f],start_interpolation:0}
execute if entity @s[tag=aj.active_beacon_core.bone.24] run data modify entity @s {} merge value {transformation:[-0.9610004422650793f,-0.13585469936184394f,0.2408768370508574f,0f,-0.1946760479832039f,-0.2863032429912989f,-0.938153340021932f,1.5f,0.1964163595731364f,-0.9484587253612929f,0.24868988716485466f,0f,0f,0f,0f,1f],start_interpolation:0}
execute if entity @s[tag=aj.active_beacon_core.bone.25] run data modify entity @s {} merge value {transformation:[-0.9610004422650793f,-0.13585469936184394f,0.2408768370508574f,0f,-0.1946760479832039f,-0.2863032429912989f,-0.938153340021932f,1.5f,0.1964163595731364f,-0.9484587253612929f,0.24868988716485466f,0f,0f,0f,0f,1f],start_interpolation:0}
execute if entity @s[tag=aj.active_beacon_core.bone.26] run data modify entity @s {} merge value {transformation:[-0.9610004422650793f,-0.13585469936184394f,0.2408768370508574f,0f,-0.1946760479832039f,-0.2863032429912989f,-0.938153340021932f,1.5f,0.1964163595731364f,-0.9484587253612929f,0.24868988716485466f,0f,0f,0f,0f,1f],start_interpolation:0}
execute if entity @s[tag=aj.active_beacon_core.bone.27] run data modify entity @s {} merge value {transformation:[-0.9227727011304632f,0.3007804704776624f,0.2408768370508574f,0f,-0.3007804704776623f,-0.17146258829531758f,-0.938153340021932f,1.5f,-0.24087683705085763f,-0.9381533400219321f,0.24868988716485466f,0f,0f,0f,0f,1f],start_interpolation:0}