execute if entity @s[tag=aj.active_beacon_core.bone.exterior] run data modify entity @s {} merge value {transformation:[-0.6938403138011865f,4.760455607747847f,1.7524405911774434f,0f,1.7524405911774432f,1.8847977097455515f,-4.4261596861988135f,1.5f,-4.760455607747847f,5.829876722511469e-16f,-1.8847977097455513f,0f,0f,0f,0f,1f],start_interpolation:0}
execute if entity @s[tag=aj.active_beacon_core.bone.1] run data modify entity @s {} merge value {transformation:[-0.9143709651077093f,-0.2162742543835495f,-0.3422735529643443f,0f,0.21627425438354964f,0.45375358757696865f,-0.8644843137107057f,1.5f,0.34227355296434425f,-0.8644843137107057f,-0.3681245526846781f,0f,0f,0f,0f,1f],start_interpolation:0}
execute if entity @s[tag=aj.active_beacon_core.bone.2] run data modify entity @s {} merge value {transformation:[-0.9143709651077093f,-0.2162742543835495f,-0.3422735529643443f,0f,0.21627425438354964f,0.45375358757696865f,-0.8644843137107057f,1.5f,0.34227355296434425f,-0.8644843137107057f,-0.3681245526846781f,0f,0f,0f,0f,1f],start_interpolation:0}
execute if entity @s[tag=aj.active_beacon_core.bone.3] run data modify entity @s {} merge value {transformation:[0.4105295161961912f,-0.8451711845968752f,-0.3422735529643443f,0f,-0.490004498788053f,0.11208239163936082f,-0.8644843137107057f,1.5f,0.769000069895439f,0.5226119078355521f,-0.3681245526846781f,0f,0f,0f,0f,1f],start_interpolation:0}
execute if entity @s[tag=aj.active_beacon_core.bone.4] run data modify entity @s {} merge value {transformation:[-0.8103560292860432f,-0.47557535758376024f,-0.3422735529643443f,0f,0.07329156915405732f,0.497287861544062f,-0.8644843137107057f,1.5f,0.5813359198352475f,-0.7256258416153688f,-0.3681245526846781f,0f,0f,0f,0f,1f],start_interpolation:0}
execute if entity @s[tag=aj.active_beacon_core.bone.5] run data modify entity @s {} merge value {transformation:[-0.8103560292860432f,-0.47557535758376024f,-0.3422735529643443f,0f,0.07329156915405732f,0.497287861544062f,-0.8644843137107057f,1.5f,0.5813359198352475f,-0.7256258416153688f,-0.3681245526846781f,0f,0f,0f,0f,1f],start_interpolation:0}
execute if entity @s[tag=aj.active_beacon_core.bone.6] run data modify entity @s {} merge value {transformation:[-0.8103560292860432f,-0.47557535758376024f,-0.3422735529643443f,0f,0.07329156915405732f,0.497287861544062f,-0.8644843137107057f,1.5f,0.5813359198352475f,-0.7256258416153688f,-0.3681245526846781f,0f,0f,0f,0f,1f],start_interpolation:0}
execute if entity @s[tag=aj.active_beacon_core.bone.7] run data modify entity @s {} merge value {transformation:[0.4105295161961912f,-0.8451711845968752f,-0.3422735529643443f,0f,-0.490004498788053f,0.11208239163936082f,-0.8644843137107057f,1.5f,0.769000069895439f,0.5226119078355521f,-0.3681245526846781f,0f,0f,0f,0f,1f],start_interpolation:0}
execute if entity @s[tag=aj.active_beacon_core.bone.8] run data modify entity @s {} merge value {transformation:[0.4105295161961912f,-0.8451711845968752f,-0.3422735529643443f,0f,-0.490004498788053f,0.11208239163936082f,-0.8644843137107057f,1.5f,0.769000069895439f,0.5226119078355521f,-0.3681245526846781f,0f,0f,0f,0f,1f],start_interpolation:0}
execute if entity @s[tag=aj.active_beacon_core.bone.9] run data modify entity @s {} merge value {transformation:[-0.13551568628929445f,-0.9297764858882513f,-0.3422735529643443f,0f,-0.34227355296434436f,0.36812455268467803f,-0.8644843137107057f,1.5f,0.9297764858882513f,-1.1386477973655213e-16f,-0.3681245526846781f,0f,0f,0f,0f,1f],start_interpolation:0}
execute if entity @s[tag=aj.active_beacon_core.bone.10] run data modify entity @s {} merge value {transformation:[0.4105295161961912f,-0.8451711845968752f,-0.3422735529643443f,0f,-0.490004498788053f,0.11208239163936082f,-0.8644843137107057f,1.5f,0.769000069895439f,0.5226119078355521f,-0.3681245526846781f,0f,0f,0f,0f,1f],start_interpolation:0}
execute if entity @s[tag=aj.active_beacon_core.bone.11] run data modify entity @s {} merge value {transformation:[0.4105295161961912f,-0.8451711845968752f,-0.3422735529643443f,0f,-0.490004498788053f,0.11208239163936082f,-0.8644843137107057f,1.5f,0.769000069895439f,0.5226119078355521f,-0.3681245526846781f,0f,0f,0f,0f,1f],start_interpolation:0}
execute if entity @s[tag=aj.active_beacon_core.bone.12] run data modify entity @s {} merge value {transformation:[0.4105295161961912f,-0.8451711845968752f,-0.3422735529643443f,0f,-0.490004498788053f,0.11208239163936082f,-0.8644843137107057f,1.5f,0.769000069895439f,0.5226119078355521f,-0.3681245526846781f,0f,0f,0f,0f,1f],start_interpolation:0}
execute if entity @s[tag=aj.active_beacon_core.bone.13] run data modify entity @s {} merge value {transformation:[0.4105295161961912f,-0.8451711845968752f,-0.3422735529643443f,0f,-0.490004498788053f,0.11208239163936082f,-0.8644843137107057f,1.5f,0.769000069895439f,0.5226119078355521f,-0.3681245526846781f,0f,0f,0f,0f,1f],start_interpolation:0}
execute if entity @s[tag=aj.active_beacon_core.bone.14] run data modify entity @s {} merge value {transformation:[0.4105295161961912f,-0.8451711845968752f,-0.3422735529643443f,0f,-0.490004498788053f,0.11208239163936082f,-0.8644843137107057f,1.5f,0.769000069895439f,0.5226119078355521f,-0.3681245526846781f,0f,0f,0f,0f,1f],start_interpolation:0}
execute if entity @s[tag=aj.active_beacon_core.bone.15] run data modify entity @s {} merge value {transformation:[-0.9143709651077093f,-0.2162742543835495f,-0.3422735529643443f,0f,0.21627425438354964f,0.45375358757696865f,-0.8644843137107057f,1.5f,0.34227355296434425f,-0.8644843137107057f,-0.3681245526846781f,0f,0f,0f,0f,1f],start_interpolation:0}
execute if entity @s[tag=aj.active_beacon_core.bone.16] run data modify entity @s {} merge value {transformation:[-0.9143709651077093f,-0.2162742543835495f,-0.3422735529643443f,0f,0.21627425438354964f,0.45375358757696865f,-0.8644843137107057f,1.5f,0.34227355296434425f,-0.8644843137107057f,-0.3681245526846781f,0f,0f,0f,0f,1f],start_interpolation:0}
execute if entity @s[tag=aj.active_beacon_core.bone.17] run data modify entity @s {} merge value {transformation:[-0.9143709651077093f,-0.2162742543835495f,-0.3422735529643443f,0f,0.21627425438354964f,0.45375358757696865f,-0.8644843137107057f,1.5f,0.34227355296434425f,-0.8644843137107057f,-0.3681245526846781f,0f,0f,0f,0f,1f],start_interpolation:0}
execute if entity @s[tag=aj.active_beacon_core.bone.18] run data modify entity @s {} merge value {transformation:[-0.9143709651077093f,-0.2162742543835495f,-0.3422735529643443f,0f,0.21627425438354964f,0.45375358757696865f,-0.8644843137107057f,1.5f,0.34227355296434425f,-0.8644843137107057f,-0.3681245526846781f,0f,0f,0f,0f,1f],start_interpolation:0}
execute if entity @s[tag=aj.active_beacon_core.bone.19] run data modify entity @s {} merge value {transformation:[-0.9143709651077093f,-0.2162742543835495f,-0.3422735529643443f,0f,0.21627425438354964f,0.45375358757696865f,-0.8644843137107057f,1.5f,0.34227355296434425f,-0.8644843137107057f,-0.3681245526846781f,0f,0f,0f,0f,1f],start_interpolation:0}
execute if entity @s[tag=aj.active_beacon_core.bone.20] run data modify entity @s {} merge value {transformation:[-0.9143709651077093f,-0.2162742543835495f,-0.3422735529643443f,0f,0.21627425438354964f,0.45375358757696865f,-0.8644843137107057f,1.5f,0.34227355296434425f,-0.8644843137107057f,-0.3681245526846781f,0f,0f,0f,0f,1f],start_interpolation:0}
execute if entity @s[tag=aj.active_beacon_core.bone.21] run data modify entity @s {} merge value {transformation:[-0.8103560292860432f,-0.47557535758376024f,-0.3422735529643443f,0f,0.07329156915405732f,0.497287861544062f,-0.8644843137107057f,1.5f,0.5813359198352475f,-0.7256258416153688f,-0.3681245526846781f,0f,0f,0f,0f,1f],start_interpolation:0}
execute if entity @s[tag=aj.active_beacon_core.bone.22] run data modify entity @s {} merge value {transformation:[-0.8103560292860432f,-0.47557535758376024f,-0.3422735529643443f,0f,0.07329156915405732f,0.497287861544062f,-0.8644843137107057f,1.5f,0.5813359198352475f,-0.7256258416153688f,-0.3681245526846781f,0f,0f,0f,0f,1f],start_interpolation:0}
execute if entity @s[tag=aj.active_beacon_core.bone.23] run data modify entity @s {} merge value {transformation:[-0.8103560292860432f,-0.47557535758376024f,-0.3422735529643443f,0f,0.07329156915405732f,0.497287861544062f,-0.8644843137107057f,1.5f,0.5813359198352475f,-0.7256258416153688f,-0.3681245526846781f,0f,0f,0f,0f,1f],start_interpolation:0}
execute if entity @s[tag=aj.active_beacon_core.bone.24] run data modify entity @s {} merge value {transformation:[-0.8103560292860432f,-0.47557535758376024f,-0.3422735529643443f,0f,0.07329156915405732f,0.497287861544062f,-0.8644843137107057f,1.5f,0.5813359198352475f,-0.7256258416153688f,-0.3681245526846781f,0f,0f,0f,0f,1f],start_interpolation:0}
execute if entity @s[tag=aj.active_beacon_core.bone.25] run data modify entity @s {} merge value {transformation:[-0.8103560292860432f,-0.47557535758376024f,-0.3422735529643443f,0f,0.07329156915405732f,0.497287861544062f,-0.8644843137107057f,1.5f,0.5813359198352475f,-0.7256258416153688f,-0.3681245526846781f,0f,0f,0f,0f,1f],start_interpolation:0}
execute if entity @s[tag=aj.active_beacon_core.bone.26] run data modify entity @s {} merge value {transformation:[-0.8103560292860432f,-0.47557535758376024f,-0.3422735529643443f,0f,0.07329156915405732f,0.497287861544062f,-0.8644843137107057f,1.5f,0.5813359198352475f,-0.7256258416153688f,-0.3681245526846781f,0f,0f,0f,0f,1f],start_interpolation:0}
execute if entity @s[tag=aj.active_beacon_core.bone.27] run data modify entity @s {} merge value {transformation:[-0.9143709651077093f,-0.2162742543835495f,-0.3422735529643443f,0f,0.21627425438354964f,0.45375358757696865f,-0.8644843137107057f,1.5f,0.34227355296434425f,-0.8644843137107057f,-0.3681245526846781f,0f,0f,0f,0f,1f],start_interpolation:0}