execute if entity @s[tag=aj.active_beacon_core.bone.exterior] run data modify entity @s {} merge value {transformation:[-0.3166548990877113f,-4.959145784978591f,1.2332894057003936f,0f,1.2332894057003938f,-1.273292222284059f,-4.803345100912289f,1.5f,4.959145784978591f,-3.231031069038718e-16f,1.2732922222840592f,0f,0f,0f,0f,1f],start_interpolation:0}
execute if entity @s[tag=aj.active_beacon_core.bone.1] run data modify entity @s {} merge value {transformation:[-0.9227727011304625f,-0.3007804704776631f,-0.2408768370508582f,0f,0.3007804704776632f,-0.17146258829531788f,-0.9381533400219315f,1.5f,0.2408768370508579f,-0.9381533400219315f,0.24868988716485527f,0f,0f,0f,0f,1f],start_interpolation:0}
execute if entity @s[tag=aj.active_beacon_core.bone.2] run data modify entity @s {} merge value {transformation:[-0.9227727011304625f,-0.3007804704776631f,-0.2408768370508582f,0f,0.3007804704776632f,-0.17146258829531788f,-0.9381533400219315f,1.5f,0.2408768370508579f,-0.9381533400219315f,0.24868988716485527f,0f,0f,0f,0f,1f],start_interpolation:0}
execute if entity @s[tag=aj.active_beacon_core.bone.3] run data modify entity @s {} merge value {transformation:[-0.7274245855230435f,-0.6425198998856008f,-0.2408768370508582f,0f,0.3441386733605448f,-0.03790625414543547f,-0.9381533400219315f,1.5f,0.5936514515052349f,-0.7653308396684789f,0.24868988716485527f,0f,0f,0f,0f,1f],start_interpolation:0}
execute if entity @s[tag=aj.active_beacon_core.bone.4] run data modify entity @s {} merge value {transformation:[-0.1358546993618435f,-0.961000442265079f,-0.2408768370508582f,0f,0.28630324299129967f,0.19467604798320448f,-0.9381533400219315f,1.5f,0.9484587253612926f,-0.19641635957313644f,0.24868988716485527f,0f,0f,0f,0f,1f],start_interpolation:0}
execute if entity @s[tag=aj.active_beacon_core.bone.5] run data modify entity @s {} merge value {transformation:[-0.1358546993618435f,-0.961000442265079f,-0.2408768370508582f,0f,0.28630324299129967f,0.19467604798320448f,-0.9381533400219315f,1.5f,0.9484587253612926f,-0.19641635957313644f,0.24868988716485527f,0f,0f,0f,0f,1f],start_interpolation:0}
execute if entity @s[tag=aj.active_beacon_core.bone.6] run data modify entity @s {} merge value {transformation:[-0.1358546993618435f,-0.961000442265079f,-0.2408768370508582f,0f,0.28630324299129967f,0.19467604798320448f,-0.9381533400219315f,1.5f,0.9484587253612926f,-0.19641635957313644f,0.24868988716485527f,0f,0f,0f,0f,1f],start_interpolation:0}
execute if entity @s[tag=aj.active_beacon_core.bone.7] run data modify entity @s {} merge value {transformation:[-0.7274245855230435f,-0.6425198998856008f,-0.2408768370508582f,0f,0.3441386733605448f,-0.03790625414543547f,-0.9381533400219315f,1.5f,0.5936514515052349f,-0.7653308396684789f,0.24868988716485527f,0f,0f,0f,0f,1f],start_interpolation:0}
execute if entity @s[tag=aj.active_beacon_core.bone.8] run data modify entity @s {} merge value {transformation:[-0.7274245855230435f,-0.6425198998856008f,-0.2408768370508582f,0f,0.3441386733605448f,-0.03790625414543547f,-0.9381533400219315f,1.5f,0.5936514515052349f,-0.7653308396684789f,0.24868988716485527f,0f,0f,0f,0f,1f],start_interpolation:0}
execute if entity @s[tag=aj.active_beacon_core.bone.9] run data modify entity @s {} merge value {transformation:[-0.06184665997806837f,0.968583161128631f,-0.2408768370508582f,0f,-0.24087683705085816f,-0.2486898871648553f,-0.9381533400219315f,1.5f,-0.968583161128631f,1.7412837802967812e-16f,0.24868988716485527f,0f,0f,0f,0f,1f],start_interpolation:0}
execute if entity @s[tag=aj.active_beacon_core.bone.10] run data modify entity @s {} merge value {transformation:[-0.7274245855230435f,-0.6425198998856008f,-0.2408768370508582f,0f,0.3441386733605448f,-0.03790625414543547f,-0.9381533400219315f,1.5f,0.5936514515052349f,-0.7653308396684789f,0.24868988716485527f,0f,0f,0f,0f,1f],start_interpolation:0}
execute if entity @s[tag=aj.active_beacon_core.bone.11] run data modify entity @s {} merge value {transformation:[-0.7274245855230435f,-0.6425198998856008f,-0.2408768370508582f,0f,0.3441386733605448f,-0.03790625414543547f,-0.9381533400219315f,1.5f,0.5936514515052349f,-0.7653308396684789f,0.24868988716485527f,0f,0f,0f,0f,1f],start_interpolation:0}
execute if entity @s[tag=aj.active_beacon_core.bone.12] run data modify entity @s {} merge value {transformation:[-0.7274245855230435f,-0.6425198998856008f,-0.2408768370508582f,0f,0.3441386733605448f,-0.03790625414543547f,-0.9381533400219315f,1.5f,0.5936514515052349f,-0.7653308396684789f,0.24868988716485527f,0f,0f,0f,0f,1f],start_interpolation:0}
execute if entity @s[tag=aj.active_beacon_core.bone.13] run data modify entity @s {} merge value {transformation:[-0.7274245855230435f,-0.6425198998856008f,-0.2408768370508582f,0f,0.3441386733605448f,-0.03790625414543547f,-0.9381533400219315f,1.5f,0.5936514515052349f,-0.7653308396684789f,0.24868988716485527f,0f,0f,0f,0f,1f],start_interpolation:0}
execute if entity @s[tag=aj.active_beacon_core.bone.14] run data modify entity @s {} merge value {transformation:[-0.7274245855230435f,-0.6425198998856008f,-0.2408768370508582f,0f,0.3441386733605448f,-0.03790625414543547f,-0.9381533400219315f,1.5f,0.5936514515052349f,-0.7653308396684789f,0.24868988716485527f,0f,0f,0f,0f,1f],start_interpolation:0}
execute if entity @s[tag=aj.active_beacon_core.bone.15] run data modify entity @s {} merge value {transformation:[-0.9227727011304625f,-0.3007804704776631f,-0.2408768370508582f,0f,0.3007804704776632f,-0.17146258829531788f,-0.9381533400219315f,1.5f,0.2408768370508579f,-0.9381533400219315f,0.24868988716485527f,0f,0f,0f,0f,1f],start_interpolation:0}
execute if entity @s[tag=aj.active_beacon_core.bone.16] run data modify entity @s {} merge value {transformation:[-0.9227727011304625f,-0.3007804704776631f,-0.2408768370508582f,0f,0.3007804704776632f,-0.17146258829531788f,-0.9381533400219315f,1.5f,0.2408768370508579f,-0.9381533400219315f,0.24868988716485527f,0f,0f,0f,0f,1f],start_interpolation:0}
execute if entity @s[tag=aj.active_beacon_core.bone.17] run data modify entity @s {} merge value {transformation:[-0.9227727011304625f,-0.3007804704776631f,-0.2408768370508582f,0f,0.3007804704776632f,-0.17146258829531788f,-0.9381533400219315f,1.5f,0.2408768370508579f,-0.9381533400219315f,0.24868988716485527f,0f,0f,0f,0f,1f],start_interpolation:0}
execute if entity @s[tag=aj.active_beacon_core.bone.18] run data modify entity @s {} merge value {transformation:[-0.9227727011304625f,-0.3007804704776631f,-0.2408768370508582f,0f,0.3007804704776632f,-0.17146258829531788f,-0.9381533400219315f,1.5f,0.2408768370508579f,-0.9381533400219315f,0.24868988716485527f,0f,0f,0f,0f,1f],start_interpolation:0}
execute if entity @s[tag=aj.active_beacon_core.bone.19] run data modify entity @s {} merge value {transformation:[-0.9227727011304625f,-0.3007804704776631f,-0.2408768370508582f,0f,0.3007804704776632f,-0.17146258829531788f,-0.9381533400219315f,1.5f,0.2408768370508579f,-0.9381533400219315f,0.24868988716485527f,0f,0f,0f,0f,1f],start_interpolation:0}
execute if entity @s[tag=aj.active_beacon_core.bone.20] run data modify entity @s {} merge value {transformation:[-0.9227727011304625f,-0.3007804704776631f,-0.2408768370508582f,0f,0.3007804704776632f,-0.17146258829531788f,-0.9381533400219315f,1.5f,0.2408768370508579f,-0.9381533400219315f,0.24868988716485527f,0f,0f,0f,0f,1f],start_interpolation:0}
execute if entity @s[tag=aj.active_beacon_core.bone.21] run data modify entity @s {} merge value {transformation:[-0.1358546993618435f,-0.961000442265079f,-0.2408768370508582f,0f,0.28630324299129967f,0.19467604798320448f,-0.9381533400219315f,1.5f,0.9484587253612926f,-0.19641635957313644f,0.24868988716485527f,0f,0f,0f,0f,1f],start_interpolation:0}
execute if entity @s[tag=aj.active_beacon_core.bone.22] run data modify entity @s {} merge value {transformation:[-0.1358546993618435f,-0.961000442265079f,-0.2408768370508582f,0f,0.28630324299129967f,0.19467604798320448f,-0.9381533400219315f,1.5f,0.9484587253612926f,-0.19641635957313644f,0.24868988716485527f,0f,0f,0f,0f,1f],start_interpolation:0}
execute if entity @s[tag=aj.active_beacon_core.bone.23] run data modify entity @s {} merge value {transformation:[-0.1358546993618435f,-0.961000442265079f,-0.2408768370508582f,0f,0.28630324299129967f,0.19467604798320448f,-0.9381533400219315f,1.5f,0.9484587253612926f,-0.19641635957313644f,0.24868988716485527f,0f,0f,0f,0f,1f],start_interpolation:0}
execute if entity @s[tag=aj.active_beacon_core.bone.24] run data modify entity @s {} merge value {transformation:[-0.1358546993618435f,-0.961000442265079f,-0.2408768370508582f,0f,0.28630324299129967f,0.19467604798320448f,-0.9381533400219315f,1.5f,0.9484587253612926f,-0.19641635957313644f,0.24868988716485527f,0f,0f,0f,0f,1f],start_interpolation:0}
execute if entity @s[tag=aj.active_beacon_core.bone.25] run data modify entity @s {} merge value {transformation:[-0.1358546993618435f,-0.961000442265079f,-0.2408768370508582f,0f,0.28630324299129967f,0.19467604798320448f,-0.9381533400219315f,1.5f,0.9484587253612926f,-0.19641635957313644f,0.24868988716485527f,0f,0f,0f,0f,1f],start_interpolation:0}
execute if entity @s[tag=aj.active_beacon_core.bone.26] run data modify entity @s {} merge value {transformation:[-0.1358546993618435f,-0.961000442265079f,-0.2408768370508582f,0f,0.28630324299129967f,0.19467604798320448f,-0.9381533400219315f,1.5f,0.9484587253612926f,-0.19641635957313644f,0.24868988716485527f,0f,0f,0f,0f,1f],start_interpolation:0}
execute if entity @s[tag=aj.active_beacon_core.bone.27] run data modify entity @s {} merge value {transformation:[-0.9227727011304625f,-0.3007804704776631f,-0.2408768370508582f,0f,0.3007804704776632f,-0.17146258829531788f,-0.9381533400219315f,1.5f,0.2408768370508579f,-0.9381533400219315f,0.24868988716485527f,0f,0f,0f,0f,1f],start_interpolation:0}