execute if entity @s[tag=aj.active_beacon_core.bone.exterior] run data modify entity @s {} merge value {transformation:[-4.631083505599865f,-1.5821670111997315f,-1.5047302458687313f,0f,-1.504730245868732f,4.869409363431187f,-0.48891649440013524f,1.5f,1.582167011199731f,-1.5823243981022357e-16f,-4.869409363431187f,0f,0f,0f,0f,1f],start_interpolation:0}
execute if entity @s[tag=aj.active_beacon_core.bone.1] run data modify entity @s {} merge value {transformation:[-0.9557302031070097f,0.014384128958762843f,0.2938926261462368f,0f,-0.014384128958762898f,0.9953263131881438f,-0.09549150281252641f,1.5f,-0.2938926261462368f,-0.09549150281252639f,-0.9510565162951535f,0f,0f,0f,0f,1f],start_interpolation:0}
execute if entity @s[tag=aj.active_beacon_core.bone.2] run data modify entity @s {} merge value {transformation:[-0.9557302031070097f,0.014384128958762843f,0.2938926261462368f,0f,-0.014384128958762898f,0.9953263131881438f,-0.09549150281252641f,1.5f,-0.2938926261462368f,-0.09549150281252639f,-0.9510565162951535f,0f,0f,0f,0f,1f],start_interpolation:0}
execute if entity @s[tag=aj.active_beacon_core.bone.3] run data modify entity @s {} merge value {transformation:[0.8450315884379127f,-0.44670878527175467f,0.2938926261462368f,0f,-0.4390523375811818f,-0.8933724966412977f,-0.09549150281252641f,1.5f,0.3052124823898891f,-0.04834090820338505f,-0.9510565162951535f,0f,0f,0f,0f,1f],start_interpolation:0}
execute if entity @s[tag=aj.active_beacon_core.bone.4] run data modify entity @s {} merge value {transformation:[-0.08932551498520941f,-0.9516554400987237f,0.2938926261462368f,0f,-0.9933866200888858f,0.0637526149972287f,-0.09549150281252641f,1.5f,0.0721385846895178f,-0.30047883022189714f,-0.9510565162951535f,0f,0f,0f,0f,1f],start_interpolation:0}
execute if entity @s[tag=aj.active_beacon_core.bone.5] run data modify entity @s {} merge value {transformation:[-0.08932551498520941f,-0.9516554400987237f,0.2938926261462368f,0f,-0.9933866200888858f,0.0637526149972287f,-0.09549150281252641f,1.5f,0.0721385846895178f,-0.30047883022189714f,-0.9510565162951535f,0f,0f,0f,0f,1f],start_interpolation:0}
execute if entity @s[tag=aj.active_beacon_core.bone.6] run data modify entity @s {} merge value {transformation:[-0.08932551498520941f,-0.9516554400987237f,0.2938926261462368f,0f,-0.9933866200888858f,0.0637526149972287f,-0.09549150281252641f,1.5f,0.0721385846895178f,-0.30047883022189714f,-0.9510565162951535f,0f,0f,0f,0f,1f],start_interpolation:0}
execute if entity @s[tag=aj.active_beacon_core.bone.7] run data modify entity @s {} merge value {transformation:[0.8450315884379127f,-0.44670878527175467f,0.2938926261462368f,0f,-0.4390523375811818f,-0.8933724966412977f,-0.09549150281252641f,1.5f,0.3052124823898891f,-0.04834090820338505f,-0.9510565162951535f,0f,0f,0f,0f,1f],start_interpolation:0}
execute if entity @s[tag=aj.active_beacon_core.bone.8] run data modify entity @s {} merge value {transformation:[0.8450315884379127f,-0.44670878527175467f,0.2938926261462368f,0f,-0.4390523375811818f,-0.8933724966412977f,-0.09549150281252641f,1.5f,0.3052124823898891f,-0.04834090820338505f,-0.9510565162951535f,0f,0f,0f,0f,1f],start_interpolation:0}
execute if entity @s[tag=aj.active_beacon_core.bone.9] run data modify entity @s {} merge value {transformation:[-0.9045084971874736f,0.30901699437494756f,0.2938926261462368f,0f,0.2938926261462367f,0.9510565162951535f,-0.09549150281252641f,1.5f,-0.3090169943749477f,4.4782561208248746e-17f,-0.9510565162951535f,0f,0f,0f,0f,1f],start_interpolation:0}
execute if entity @s[tag=aj.active_beacon_core.bone.10] run data modify entity @s {} merge value {transformation:[0.8450315884379127f,-0.44670878527175467f,0.2938926261462368f,0f,-0.4390523375811818f,-0.8933724966412977f,-0.09549150281252641f,1.5f,0.3052124823898891f,-0.04834090820338505f,-0.9510565162951535f,0f,0f,0f,0f,1f],start_interpolation:0}
execute if entity @s[tag=aj.active_beacon_core.bone.11] run data modify entity @s {} merge value {transformation:[0.8450315884379127f,-0.44670878527175467f,0.2938926261462368f,0f,-0.4390523375811818f,-0.8933724966412977f,-0.09549150281252641f,1.5f,0.3052124823898891f,-0.04834090820338505f,-0.9510565162951535f,0f,0f,0f,0f,1f],start_interpolation:0}
execute if entity @s[tag=aj.active_beacon_core.bone.12] run data modify entity @s {} merge value {transformation:[0.8450315884379127f,-0.44670878527175467f,0.2938926261462368f,0f,-0.4390523375811818f,-0.8933724966412977f,-0.09549150281252641f,1.5f,0.3052124823898891f,-0.04834090820338505f,-0.9510565162951535f,0f,0f,0f,0f,1f],start_interpolation:0}
execute if entity @s[tag=aj.active_beacon_core.bone.13] run data modify entity @s {} merge value {transformation:[0.8450315884379127f,-0.44670878527175467f,0.2938926261462368f,0f,-0.4390523375811818f,-0.8933724966412977f,-0.09549150281252641f,1.5f,0.3052124823898891f,-0.04834090820338505f,-0.9510565162951535f,0f,0f,0f,0f,1f],start_interpolation:0}
execute if entity @s[tag=aj.active_beacon_core.bone.14] run data modify entity @s {} merge value {transformation:[0.8450315884379127f,-0.44670878527175467f,0.2938926261462368f,0f,-0.4390523375811818f,-0.8933724966412977f,-0.09549150281252641f,1.5f,0.3052124823898891f,-0.04834090820338505f,-0.9510565162951535f,0f,0f,0f,0f,1f],start_interpolation:0}
execute if entity @s[tag=aj.active_beacon_core.bone.15] run data modify entity @s {} merge value {transformation:[-0.9557302031070097f,0.014384128958762843f,0.2938926261462368f,0f,-0.014384128958762898f,0.9953263131881438f,-0.09549150281252641f,1.5f,-0.2938926261462368f,-0.09549150281252639f,-0.9510565162951535f,0f,0f,0f,0f,1f],start_interpolation:0}
execute if entity @s[tag=aj.active_beacon_core.bone.16] run data modify entity @s {} merge value {transformation:[-0.9557302031070097f,0.014384128958762843f,0.2938926261462368f,0f,-0.014384128958762898f,0.9953263131881438f,-0.09549150281252641f,1.5f,-0.2938926261462368f,-0.09549150281252639f,-0.9510565162951535f,0f,0f,0f,0f,1f],start_interpolation:0}
execute if entity @s[tag=aj.active_beacon_core.bone.17] run data modify entity @s {} merge value {transformation:[-0.9557302031070097f,0.014384128958762843f,0.2938926261462368f,0f,-0.014384128958762898f,0.9953263131881438f,-0.09549150281252641f,1.5f,-0.2938926261462368f,-0.09549150281252639f,-0.9510565162951535f,0f,0f,0f,0f,1f],start_interpolation:0}
execute if entity @s[tag=aj.active_beacon_core.bone.18] run data modify entity @s {} merge value {transformation:[-0.9557302031070097f,0.014384128958762843f,0.2938926261462368f,0f,-0.014384128958762898f,0.9953263131881438f,-0.09549150281252641f,1.5f,-0.2938926261462368f,-0.09549150281252639f,-0.9510565162951535f,0f,0f,0f,0f,1f],start_interpolation:0}
execute if entity @s[tag=aj.active_beacon_core.bone.19] run data modify entity @s {} merge value {transformation:[-0.9557302031070097f,0.014384128958762843f,0.2938926261462368f,0f,-0.014384128958762898f,0.9953263131881438f,-0.09549150281252641f,1.5f,-0.2938926261462368f,-0.09549150281252639f,-0.9510565162951535f,0f,0f,0f,0f,1f],start_interpolation:0}
execute if entity @s[tag=aj.active_beacon_core.bone.20] run data modify entity @s {} merge value {transformation:[-0.9557302031070097f,0.014384128958762843f,0.2938926261462368f,0f,-0.014384128958762898f,0.9953263131881438f,-0.09549150281252641f,1.5f,-0.2938926261462368f,-0.09549150281252639f,-0.9510565162951535f,0f,0f,0f,0f,1f],start_interpolation:0}
execute if entity @s[tag=aj.active_beacon_core.bone.21] run data modify entity @s {} merge value {transformation:[-0.08932551498520941f,-0.9516554400987237f,0.2938926261462368f,0f,-0.9933866200888858f,0.0637526149972287f,-0.09549150281252641f,1.5f,0.0721385846895178f,-0.30047883022189714f,-0.9510565162951535f,0f,0f,0f,0f,1f],start_interpolation:0}
execute if entity @s[tag=aj.active_beacon_core.bone.22] run data modify entity @s {} merge value {transformation:[-0.08932551498520941f,-0.9516554400987237f,0.2938926261462368f,0f,-0.9933866200888858f,0.0637526149972287f,-0.09549150281252641f,1.5f,0.0721385846895178f,-0.30047883022189714f,-0.9510565162951535f,0f,0f,0f,0f,1f],start_interpolation:0}
execute if entity @s[tag=aj.active_beacon_core.bone.23] run data modify entity @s {} merge value {transformation:[-0.08932551498520941f,-0.9516554400987237f,0.2938926261462368f,0f,-0.9933866200888858f,0.0637526149972287f,-0.09549150281252641f,1.5f,0.0721385846895178f,-0.30047883022189714f,-0.9510565162951535f,0f,0f,0f,0f,1f],start_interpolation:0}
execute if entity @s[tag=aj.active_beacon_core.bone.24] run data modify entity @s {} merge value {transformation:[-0.08932551498520941f,-0.9516554400987237f,0.2938926261462368f,0f,-0.9933866200888858f,0.0637526149972287f,-0.09549150281252641f,1.5f,0.0721385846895178f,-0.30047883022189714f,-0.9510565162951535f,0f,0f,0f,0f,1f],start_interpolation:0}
execute if entity @s[tag=aj.active_beacon_core.bone.25] run data modify entity @s {} merge value {transformation:[-0.08932551498520941f,-0.9516554400987237f,0.2938926261462368f,0f,-0.9933866200888858f,0.0637526149972287f,-0.09549150281252641f,1.5f,0.0721385846895178f,-0.30047883022189714f,-0.9510565162951535f,0f,0f,0f,0f,1f],start_interpolation:0}
execute if entity @s[tag=aj.active_beacon_core.bone.26] run data modify entity @s {} merge value {transformation:[-0.08932551498520941f,-0.9516554400987237f,0.2938926261462368f,0f,-0.9933866200888858f,0.0637526149972287f,-0.09549150281252641f,1.5f,0.0721385846895178f,-0.30047883022189714f,-0.9510565162951535f,0f,0f,0f,0f,1f],start_interpolation:0}
execute if entity @s[tag=aj.active_beacon_core.bone.27] run data modify entity @s {} merge value {transformation:[-0.9557302031070097f,0.014384128958762843f,0.2938926261462368f,0f,-0.014384128958762898f,0.9953263131881438f,-0.09549150281252641f,1.5f,-0.2938926261462368f,-0.09549150281252639f,-0.9510565162951535f,0f,0f,0f,0f,1f],start_interpolation:0}