execute if entity @s[tag=aj.active_beacon_core.bone.exterior] run data modify entity @s {} merge value {transformation:[-2.720743729995042f,3.5048811823548864f,2.5549484247763763f,0f,2.554948424776376f,3.7323193723976273f,-2.3992562700049573f,1.5f,-3.504881182354887f,4.292241521362703e-16f,-3.7323193723976265f,0f,0f,0f,0f,1f],start_interpolation:0}
execute if entity @s[tag=aj.active_beacon_core.bone.1] run data modify entity @s {} merge value {transformation:[-0.8559752133642297f,-0.13524827703801628f,-0.4990133642141358f,0f,0.13524827703801623f,0.8729934140571821f,-0.4686047402353432f,1.5f,0.4990133642141357f,-0.46860474023534326f,-0.7289686274214117f,0f,0f,0f,0f,1f],start_interpolation:0}
execute if entity @s[tag=aj.active_beacon_core.bone.2] run data modify entity @s {} merge value {transformation:[-0.8559752133642297f,-0.13524827703801628f,-0.4990133642141358f,0f,0.13524827703801623f,0.8729934140571821f,-0.4686047402353432f,1.5f,0.4990133642141357f,-0.46860474023534326f,-0.7289686274214117f,0f,0f,0f,0f,1f],start_interpolation:0}
execute if entity @s[tag=aj.active_beacon_core.bone.3] run data modify entity @s {} merge value {transformation:[-0.24208022008006785f,-0.8320954448749713f,-0.4990133642141358f,0f,-0.7323221420809642f,0.4940788172416571f,-0.4686047402353432f,1.5f,0.6364758025753487f,0.2519985971615893f,-0.7289686274214117f,0f,0f,0f,0f,1f],start_interpolation:0}
execute if entity @s[tag=aj.active_beacon_core.bone.4] run data modify entity @s {} merge value {transformation:[-0.8154705390806141f,-0.2932464189504505f,-0.4990133642141358f,0f,-0.03072999533324955f,0.8828733005453189f,-0.4686047402353432f,1.5f,0.5779822378571778f,-0.366798681781917f,-0.7289686274214117f,0f,0f,0f,0f,1f],start_interpolation:0}
execute if entity @s[tag=aj.active_beacon_core.bone.5] run data modify entity @s {} merge value {transformation:[-0.8154705390806141f,-0.2932464189504505f,-0.4990133642141358f,0f,-0.03072999533324955f,0.8828733005453189f,-0.4686047402353432f,1.5f,0.5779822378571778f,-0.366798681781917f,-0.7289686274214117f,0f,0f,0f,0f,1f],start_interpolation:0}
execute if entity @s[tag=aj.active_beacon_core.bone.6] run data modify entity @s {} merge value {transformation:[-0.8154705390806141f,-0.2932464189504505f,-0.4990133642141358f,0f,-0.03072999533324955f,0.8828733005453189f,-0.4686047402353432f,1.5f,0.5779822378571778f,-0.366798681781917f,-0.7289686274214117f,0f,0f,0f,0f,1f],start_interpolation:0}
execute if entity @s[tag=aj.active_beacon_core.bone.7] run data modify entity @s {} merge value {transformation:[-0.24208022008006785f,-0.8320954448749713f,-0.4990133642141358f,0f,-0.7323221420809642f,0.4940788172416571f,-0.4686047402353432f,1.5f,0.6364758025753487f,0.2519985971615893f,-0.7289686274214117f,0f,0f,0f,0f,1f],start_interpolation:0}
execute if entity @s[tag=aj.active_beacon_core.bone.8] run data modify entity @s {} merge value {transformation:[-0.24208022008006785f,-0.8320954448749713f,-0.4990133642141358f,0f,-0.7323221420809642f,0.4940788172416571f,-0.4686047402353432f,1.5f,0.6364758025753487f,0.2519985971615893f,-0.7289686274214117f,0f,0f,0f,0f,1f],start_interpolation:0}
execute if entity @s[tag=aj.active_beacon_core.bone.9] run data modify entity @s {} merge value {transformation:[-0.5313952597646568f,-0.6845471059286887f,-0.4990133642141358f,0f,-0.4990133642141359f,0.7289686274214116f,-0.4686047402353432f,1.5f,0.6845471059286886f,-8.383284221411528e-17f,-0.7289686274214117f,0f,0f,0f,0f,1f],start_interpolation:0}
execute if entity @s[tag=aj.active_beacon_core.bone.10] run data modify entity @s {} merge value {transformation:[-0.24208022008006785f,-0.8320954448749713f,-0.4990133642141358f,0f,-0.7323221420809642f,0.4940788172416571f,-0.4686047402353432f,1.5f,0.6364758025753487f,0.2519985971615893f,-0.7289686274214117f,0f,0f,0f,0f,1f],start_interpolation:0}
execute if entity @s[tag=aj.active_beacon_core.bone.11] run data modify entity @s {} merge value {transformation:[-0.24208022008006785f,-0.8320954448749713f,-0.4990133642141358f,0f,-0.7323221420809642f,0.4940788172416571f,-0.4686047402353432f,1.5f,0.6364758025753487f,0.2519985971615893f,-0.7289686274214117f,0f,0f,0f,0f,1f],start_interpolation:0}
execute if entity @s[tag=aj.active_beacon_core.bone.12] run data modify entity @s {} merge value {transformation:[-0.24208022008006785f,-0.8320954448749713f,-0.4990133642141358f,0f,-0.7323221420809642f,0.4940788172416571f,-0.4686047402353432f,1.5f,0.6364758025753487f,0.2519985971615893f,-0.7289686274214117f,0f,0f,0f,0f,1f],start_interpolation:0}
execute if entity @s[tag=aj.active_beacon_core.bone.13] run data modify entity @s {} merge value {transformation:[-0.24208022008006785f,-0.8320954448749713f,-0.4990133642141358f,0f,-0.7323221420809642f,0.4940788172416571f,-0.4686047402353432f,1.5f,0.6364758025753487f,0.2519985971615893f,-0.7289686274214117f,0f,0f,0f,0f,1f],start_interpolation:0}
execute if entity @s[tag=aj.active_beacon_core.bone.14] run data modify entity @s {} merge value {transformation:[-0.24208022008006785f,-0.8320954448749713f,-0.4990133642141358f,0f,-0.7323221420809642f,0.4940788172416571f,-0.4686047402353432f,1.5f,0.6364758025753487f,0.2519985971615893f,-0.7289686274214117f,0f,0f,0f,0f,1f],start_interpolation:0}
execute if entity @s[tag=aj.active_beacon_core.bone.15] run data modify entity @s {} merge value {transformation:[-0.8559752133642297f,-0.13524827703801628f,-0.4990133642141358f,0f,0.13524827703801623f,0.8729934140571821f,-0.4686047402353432f,1.5f,0.4990133642141357f,-0.46860474023534326f,-0.7289686274214117f,0f,0f,0f,0f,1f],start_interpolation:0}
execute if entity @s[tag=aj.active_beacon_core.bone.16] run data modify entity @s {} merge value {transformation:[-0.8559752133642297f,-0.13524827703801628f,-0.4990133642141358f,0f,0.13524827703801623f,0.8729934140571821f,-0.4686047402353432f,1.5f,0.4990133642141357f,-0.46860474023534326f,-0.7289686274214117f,0f,0f,0f,0f,1f],start_interpolation:0}
execute if entity @s[tag=aj.active_beacon_core.bone.17] run data modify entity @s {} merge value {transformation:[-0.8559752133642297f,-0.13524827703801628f,-0.4990133642141358f,0f,0.13524827703801623f,0.8729934140571821f,-0.4686047402353432f,1.5f,0.4990133642141357f,-0.46860474023534326f,-0.7289686274214117f,0f,0f,0f,0f,1f],start_interpolation:0}
execute if entity @s[tag=aj.active_beacon_core.bone.18] run data modify entity @s {} merge value {transformation:[-0.8559752133642297f,-0.13524827703801628f,-0.4990133642141358f,0f,0.13524827703801623f,0.8729934140571821f,-0.4686047402353432f,1.5f,0.4990133642141357f,-0.46860474023534326f,-0.7289686274214117f,0f,0f,0f,0f,1f],start_interpolation:0}
execute if entity @s[tag=aj.active_beacon_core.bone.19] run data modify entity @s {} merge value {transformation:[-0.8559752133642297f,-0.13524827703801628f,-0.4990133642141358f,0f,0.13524827703801623f,0.8729934140571821f,-0.4686047402353432f,1.5f,0.4990133642141357f,-0.46860474023534326f,-0.7289686274214117f,0f,0f,0f,0f,1f],start_interpolation:0}
execute if entity @s[tag=aj.active_beacon_core.bone.20] run data modify entity @s {} merge value {transformation:[-0.8559752133642297f,-0.13524827703801628f,-0.4990133642141358f,0f,0.13524827703801623f,0.8729934140571821f,-0.4686047402353432f,1.5f,0.4990133642141357f,-0.46860474023534326f,-0.7289686274214117f,0f,0f,0f,0f,1f],start_interpolation:0}
execute if entity @s[tag=aj.active_beacon_core.bone.21] run data modify entity @s {} merge value {transformation:[-0.8154705390806141f,-0.2932464189504505f,-0.4990133642141358f,0f,-0.03072999533324955f,0.8828733005453189f,-0.4686047402353432f,1.5f,0.5779822378571778f,-0.366798681781917f,-0.7289686274214117f,0f,0f,0f,0f,1f],start_interpolation:0}
execute if entity @s[tag=aj.active_beacon_core.bone.22] run data modify entity @s {} merge value {transformation:[-0.8154705390806141f,-0.2932464189504505f,-0.4990133642141358f,0f,-0.03072999533324955f,0.8828733005453189f,-0.4686047402353432f,1.5f,0.5779822378571778f,-0.366798681781917f,-0.7289686274214117f,0f,0f,0f,0f,1f],start_interpolation:0}
execute if entity @s[tag=aj.active_beacon_core.bone.23] run data modify entity @s {} merge value {transformation:[-0.8154705390806141f,-0.2932464189504505f,-0.4990133642141358f,0f,-0.03072999533324955f,0.8828733005453189f,-0.4686047402353432f,1.5f,0.5779822378571778f,-0.366798681781917f,-0.7289686274214117f,0f,0f,0f,0f,1f],start_interpolation:0}
execute if entity @s[tag=aj.active_beacon_core.bone.24] run data modify entity @s {} merge value {transformation:[-0.8154705390806141f,-0.2932464189504505f,-0.4990133642141358f,0f,-0.03072999533324955f,0.8828733005453189f,-0.4686047402353432f,1.5f,0.5779822378571778f,-0.366798681781917f,-0.7289686274214117f,0f,0f,0f,0f,1f],start_interpolation:0}
execute if entity @s[tag=aj.active_beacon_core.bone.25] run data modify entity @s {} merge value {transformation:[-0.8154705390806141f,-0.2932464189504505f,-0.4990133642141358f,0f,-0.03072999533324955f,0.8828733005453189f,-0.4686047402353432f,1.5f,0.5779822378571778f,-0.366798681781917f,-0.7289686274214117f,0f,0f,0f,0f,1f],start_interpolation:0}
execute if entity @s[tag=aj.active_beacon_core.bone.26] run data modify entity @s {} merge value {transformation:[-0.8154705390806141f,-0.2932464189504505f,-0.4990133642141358f,0f,-0.03072999533324955f,0.8828733005453189f,-0.4686047402353432f,1.5f,0.5779822378571778f,-0.366798681781917f,-0.7289686274214117f,0f,0f,0f,0f,1f],start_interpolation:0}
execute if entity @s[tag=aj.active_beacon_core.bone.27] run data modify entity @s {} merge value {transformation:[-0.8559752133642297f,-0.13524827703801628f,-0.4990133642141358f,0f,0.13524827703801623f,0.8729934140571821f,-0.4686047402353432f,1.5f,0.4990133642141357f,-0.46860474023534326f,-0.7289686274214117f,0f,0f,0f,0f,1f],start_interpolation:0}