execute if entity @s[tag=aj.active_beacon_core.bone.exterior] run data modify entity @s {} merge value {transformation:[-4.940227803873923f,0.9593923306789099f,0.9423988548727761f,0f,0.9423988548727755f,5.0293107237308865f,-0.17977219612607634f,1.5f,-0.9593923306789105f,9.972810629524211e-17f,-5.0293107237308865f,0f,0f,0f,0f,1f],start_interpolation:0}
execute if entity @s[tag=aj.active_beacon_core.bone.1] run data modify entity @s {} merge value {transformation:[-0.9829091764778947f,-0.003260248951158673f,-0.18406227634233885f,0f,0.003260248951158673f,0.9993780742507942f,-0.035111757055874285f,1.5f,0.18406227634233885f,-0.03511175705587429f,-0.9822872507286887f,0f,0f,0f,0f,1f],start_interpolation:0}
execute if entity @s[tag=aj.active_beacon_core.bone.2] run data modify entity @s {} merge value {transformation:[-0.9829091764778947f,-0.003260248951158673f,-0.18406227634233885f,0f,0.003260248951158673f,0.9993780742507942f,-0.035111757055874285f,1.5f,0.18406227634233885f,-0.03511175705587429f,-0.9822872507286887f,0f,0f,0f,0f,1f],start_interpolation:0}
execute if entity @s[tag=aj.active_beacon_core.bone.3] run data modify entity @s {} merge value {transformation:[-0.9429718953047992f,-0.27735371476320825f,-0.18406227634233885f,0f,-0.27568679780505145f,0.9606060347678678f,-0.035111757055874285f,1.5f,0.18654970967887163f,0.017634139463068427f,-0.9822872507286887f,0f,0f,0f,0f,1f],start_interpolation:0}
execute if entity @s[tag=aj.active_beacon_core.bone.4] run data modify entity @s {} merge value {transformation:[-0.981664445634458f,-0.04955799234097916f,-0.18406227634233885f,0f,-0.04382052432782485f,0.998422218384629f,-0.035111757055874285f,1.5f,0.18551193445389588f,-0.02640225806721233f,-0.9822872507286887f,0f,0f,0f,0f,1f],start_interpolation:0}
execute if entity @s[tag=aj.active_beacon_core.bone.5] run data modify entity @s {} merge value {transformation:[-0.981664445634458f,-0.04955799234097916f,-0.18406227634233885f,0f,-0.04382052432782485f,0.998422218384629f,-0.035111757055874285f,1.5f,0.18551193445389588f,-0.02640225806721233f,-0.9822872507286887f,0f,0f,0f,0f,1f],start_interpolation:0}
execute if entity @s[tag=aj.active_beacon_core.bone.6] run data modify entity @s {} merge value {transformation:[-0.981664445634458f,-0.04955799234097916f,-0.18406227634233885f,0f,-0.04382052432782485f,0.998422218384629f,-0.035111757055874285f,1.5f,0.18551193445389588f,-0.02640225806721233f,-0.9822872507286887f,0f,0f,0f,0f,1f],start_interpolation:0}
execute if entity @s[tag=aj.active_beacon_core.bone.7] run data modify entity @s {} merge value {transformation:[-0.9429718953047992f,-0.27735371476320825f,-0.18406227634233885f,0f,-0.27568679780505145f,0.9606060347678678f,-0.035111757055874285f,1.5f,0.18654970967887163f,0.017634139463068427f,-0.9822872507286887f,0f,0f,0f,0f,1f],start_interpolation:0}
execute if entity @s[tag=aj.active_beacon_core.bone.8] run data modify entity @s {} merge value {transformation:[-0.9429718953047992f,-0.27735371476320825f,-0.18406227634233885f,0f,-0.27568679780505145f,0.9606060347678678f,-0.035111757055874285f,1.5f,0.18654970967887163f,0.017634139463068427f,-0.9822872507286887f,0f,0f,0f,0f,1f],start_interpolation:0}
execute if entity @s[tag=aj.active_beacon_core.bone.9] run data modify entity @s {} merge value {transformation:[-0.9648882429441257f,-0.1873813145857246f,-0.18406227634233885f,0f,-0.18406227634233896f,0.9822872507286887f,-0.035111757055874285f,1.5f,0.1873813145857245f,-2.6417039664696702e-17f,-0.9822872507286887f,0f,0f,0f,0f,1f],start_interpolation:0}
execute if entity @s[tag=aj.active_beacon_core.bone.10] run data modify entity @s {} merge value {transformation:[-0.9429718953047992f,-0.27735371476320825f,-0.18406227634233885f,0f,-0.27568679780505145f,0.9606060347678678f,-0.035111757055874285f,1.5f,0.18654970967887163f,0.017634139463068427f,-0.9822872507286887f,0f,0f,0f,0f,1f],start_interpolation:0}
execute if entity @s[tag=aj.active_beacon_core.bone.11] run data modify entity @s {} merge value {transformation:[-0.9429718953047992f,-0.27735371476320825f,-0.18406227634233885f,0f,-0.27568679780505145f,0.9606060347678678f,-0.035111757055874285f,1.5f,0.18654970967887163f,0.017634139463068427f,-0.9822872507286887f,0f,0f,0f,0f,1f],start_interpolation:0}
execute if entity @s[tag=aj.active_beacon_core.bone.12] run data modify entity @s {} merge value {transformation:[-0.9429718953047992f,-0.27735371476320825f,-0.18406227634233885f,0f,-0.27568679780505145f,0.9606060347678678f,-0.035111757055874285f,1.5f,0.18654970967887163f,0.017634139463068427f,-0.9822872507286887f,0f,0f,0f,0f,1f],start_interpolation:0}
execute if entity @s[tag=aj.active_beacon_core.bone.13] run data modify entity @s {} merge value {transformation:[-0.9429718953047992f,-0.27735371476320825f,-0.18406227634233885f,0f,-0.27568679780505145f,0.9606060347678678f,-0.035111757055874285f,1.5f,0.18654970967887163f,0.017634139463068427f,-0.9822872507286887f,0f,0f,0f,0f,1f],start_interpolation:0}
execute if entity @s[tag=aj.active_beacon_core.bone.14] run data modify entity @s {} merge value {transformation:[-0.9429718953047992f,-0.27735371476320825f,-0.18406227634233885f,0f,-0.27568679780505145f,0.9606060347678678f,-0.035111757055874285f,1.5f,0.18654970967887163f,0.017634139463068427f,-0.9822872507286887f,0f,0f,0f,0f,1f],start_interpolation:0}
execute if entity @s[tag=aj.active_beacon_core.bone.15] run data modify entity @s {} merge value {transformation:[-0.9829091764778947f,-0.003260248951158673f,-0.18406227634233885f,0f,0.003260248951158673f,0.9993780742507942f,-0.035111757055874285f,1.5f,0.18406227634233885f,-0.03511175705587429f,-0.9822872507286887f,0f,0f,0f,0f,1f],start_interpolation:0}
execute if entity @s[tag=aj.active_beacon_core.bone.16] run data modify entity @s {} merge value {transformation:[-0.9829091764778947f,-0.003260248951158673f,-0.18406227634233885f,0f,0.003260248951158673f,0.9993780742507942f,-0.035111757055874285f,1.5f,0.18406227634233885f,-0.03511175705587429f,-0.9822872507286887f,0f,0f,0f,0f,1f],start_interpolation:0}
execute if entity @s[tag=aj.active_beacon_core.bone.17] run data modify entity @s {} merge value {transformation:[-0.9829091764778947f,-0.003260248951158673f,-0.18406227634233885f,0f,0.003260248951158673f,0.9993780742507942f,-0.035111757055874285f,1.5f,0.18406227634233885f,-0.03511175705587429f,-0.9822872507286887f,0f,0f,0f,0f,1f],start_interpolation:0}
execute if entity @s[tag=aj.active_beacon_core.bone.18] run data modify entity @s {} merge value {transformation:[-0.9829091764778947f,-0.003260248951158673f,-0.18406227634233885f,0f,0.003260248951158673f,0.9993780742507942f,-0.035111757055874285f,1.5f,0.18406227634233885f,-0.03511175705587429f,-0.9822872507286887f,0f,0f,0f,0f,1f],start_interpolation:0}
execute if entity @s[tag=aj.active_beacon_core.bone.19] run data modify entity @s {} merge value {transformation:[-0.9829091764778947f,-0.003260248951158673f,-0.18406227634233885f,0f,0.003260248951158673f,0.9993780742507942f,-0.035111757055874285f,1.5f,0.18406227634233885f,-0.03511175705587429f,-0.9822872507286887f,0f,0f,0f,0f,1f],start_interpolation:0}
execute if entity @s[tag=aj.active_beacon_core.bone.20] run data modify entity @s {} merge value {transformation:[-0.9829091764778947f,-0.003260248951158673f,-0.18406227634233885f,0f,0.003260248951158673f,0.9993780742507942f,-0.035111757055874285f,1.5f,0.18406227634233885f,-0.03511175705587429f,-0.9822872507286887f,0f,0f,0f,0f,1f],start_interpolation:0}
execute if entity @s[tag=aj.active_beacon_core.bone.21] run data modify entity @s {} merge value {transformation:[-0.981664445634458f,-0.04955799234097916f,-0.18406227634233885f,0f,-0.04382052432782485f,0.998422218384629f,-0.035111757055874285f,1.5f,0.18551193445389588f,-0.02640225806721233f,-0.9822872507286887f,0f,0f,0f,0f,1f],start_interpolation:0}
execute if entity @s[tag=aj.active_beacon_core.bone.22] run data modify entity @s {} merge value {transformation:[-0.981664445634458f,-0.04955799234097916f,-0.18406227634233885f,0f,-0.04382052432782485f,0.998422218384629f,-0.035111757055874285f,1.5f,0.18551193445389588f,-0.02640225806721233f,-0.9822872507286887f,0f,0f,0f,0f,1f],start_interpolation:0}
execute if entity @s[tag=aj.active_beacon_core.bone.23] run data modify entity @s {} merge value {transformation:[-0.981664445634458f,-0.04955799234097916f,-0.18406227634233885f,0f,-0.04382052432782485f,0.998422218384629f,-0.035111757055874285f,1.5f,0.18551193445389588f,-0.02640225806721233f,-0.9822872507286887f,0f,0f,0f,0f,1f],start_interpolation:0}
execute if entity @s[tag=aj.active_beacon_core.bone.24] run data modify entity @s {} merge value {transformation:[-0.981664445634458f,-0.04955799234097916f,-0.18406227634233885f,0f,-0.04382052432782485f,0.998422218384629f,-0.035111757055874285f,1.5f,0.18551193445389588f,-0.02640225806721233f,-0.9822872507286887f,0f,0f,0f,0f,1f],start_interpolation:0}
execute if entity @s[tag=aj.active_beacon_core.bone.25] run data modify entity @s {} merge value {transformation:[-0.981664445634458f,-0.04955799234097916f,-0.18406227634233885f,0f,-0.04382052432782485f,0.998422218384629f,-0.035111757055874285f,1.5f,0.18551193445389588f,-0.02640225806721233f,-0.9822872507286887f,0f,0f,0f,0f,1f],start_interpolation:0}
execute if entity @s[tag=aj.active_beacon_core.bone.26] run data modify entity @s {} merge value {transformation:[-0.981664445634458f,-0.04955799234097916f,-0.18406227634233885f,0f,-0.04382052432782485f,0.998422218384629f,-0.035111757055874285f,1.5f,0.18551193445389588f,-0.02640225806721233f,-0.9822872507286887f,0f,0f,0f,0f,1f],start_interpolation:0}
execute if entity @s[tag=aj.active_beacon_core.bone.27] run data modify entity @s {} merge value {transformation:[-0.9829091764778947f,-0.003260248951158673f,-0.18406227634233885f,0f,0.003260248951158673f,0.9993780742507942f,-0.035111757055874285f,1.5f,0.18406227634233885f,-0.03511175705587429f,-0.9822872507286887f,0f,0f,0f,0f,1f],start_interpolation:0}