execute if entity @s[tag=aj.active_beacon_core.bone.exterior] run data modify entity @s {} merge value {transformation:[-5.0395728924892955f,-0.641706155849238f,0.6366461111420277f,0f,0.6366461111420284f,-5.079627270730127f,-0.08042710751070441f,1.5f,0.6417061558492374f,-8.746812317239344e-17f,5.079627270730127f,0f,0f,0f,0f,1f],start_interpolation:0}
execute if entity @s[tag=aj.active_beacon_core.bone.1] run data modify entity @s {} merge value {transformation:[0.9608217280222366f,-0.24770939014467303f,-0.12434494358242755f,0f,0.247709390144673f,0.9687070267077588f,-0.015708419435684455f,1.5f,0.12434494358242754f,-0.01570841943568448f,0.9921147013144778f,0f,0f,0f,0f,1f],start_interpolation:0}
execute if entity @s[tag=aj.active_beacon_core.bone.2] run data modify entity @s {} merge value {transformation:[0.9608217280222366f,-0.24770939014467303f,-0.12434494358242755f,0f,0.247709390144673f,0.9687070267077588f,-0.015708419435684455f,1.5f,0.12434494358242754f,-0.01570841943568448f,0.9921147013144778f,0f,0f,0f,0f,1f],start_interpolation:0}
execute if entity @s[tag=aj.active_beacon_core.bone.3] run data modify entity @s {} merge value {transformation:[-0.06328173734555656f,-0.9902190448198878f,-0.12434494358242755f,0f,0.9979646731868639f,-0.06180417971196232f,-0.015708419435684455f,1.5f,0.007869738849791448f,-0.12508591705751915f,0.9921147013144778f,0f,0f,0f,0f,1f],start_interpolation:0}
execute if entity @s[tag=aj.active_beacon_core.bone.4] run data modify entity @s {} merge value {transformation:[0.8383001073641811f,0.5308401501381421f,-0.12434494358242755f,0f,-0.5365882854977351f,0.8436979657587387f,-0.015708419435684455f,1.5f,0.09657091622120761f,0.07989040978666326f,0.9921147013144778f,0f,0f,0f,0f,1f],start_interpolation:0}
execute if entity @s[tag=aj.active_beacon_core.bone.5] run data modify entity @s {} merge value {transformation:[0.8383001073641811f,0.5308401501381421f,-0.12434494358242755f,0f,-0.5365882854977351f,0.8436979657587387f,-0.015708419435684455f,1.5f,0.09657091622120761f,0.07989040978666326f,0.9921147013144778f,0f,0f,0f,0f,1f],start_interpolation:0}
execute if entity @s[tag=aj.active_beacon_core.bone.6] run data modify entity @s {} merge value {transformation:[0.8383001073641811f,0.5308401501381421f,-0.12434494358242755f,0f,-0.5365882854977351f,0.8436979657587387f,-0.015708419435684455f,1.5f,0.09657091622120761f,0.07989040978666326f,0.9921147013144778f,0f,0f,0f,0f,1f],start_interpolation:0}
execute if entity @s[tag=aj.active_beacon_core.bone.7] run data modify entity @s {} merge value {transformation:[-0.06328173734555656f,-0.9902190448198878f,-0.12434494358242755f,0f,0.9979646731868639f,-0.06180417971196232f,-0.015708419435684455f,1.5f,0.007869738849791448f,-0.12508591705751915f,0.9921147013144778f,0f,0f,0f,0f,1f],start_interpolation:0}
execute if entity @s[tag=aj.active_beacon_core.bone.8] run data modify entity @s {} merge value {transformation:[-0.06328173734555656f,-0.9902190448198878f,-0.12434494358242755f,0f,0.9979646731868639f,-0.06180417971196232f,-0.015708419435684455f,1.5f,0.007869738849791448f,-0.12508591705751915f,0.9921147013144778f,0f,0f,0f,0f,1f],start_interpolation:0}
execute if entity @s[tag=aj.active_beacon_core.bone.9] run data modify entity @s {} merge value {transformation:[-0.9842915805643155f,0.12533323356430429f,-0.12434494358242755f,0f,-0.12434494358242743f,-0.9921147013144778f,-0.015708419435684455f,1.5f,-0.1253332335643044f,1.3614170855154479e-17f,0.9921147013144778f,0f,0f,0f,0f,1f],start_interpolation:0}
execute if entity @s[tag=aj.active_beacon_core.bone.10] run data modify entity @s {} merge value {transformation:[-0.06328173734555656f,-0.9902190448198878f,-0.12434494358242755f,0f,0.9979646731868639f,-0.06180417971196232f,-0.015708419435684455f,1.5f,0.007869738849791448f,-0.12508591705751915f,0.9921147013144778f,0f,0f,0f,0f,1f],start_interpolation:0}
execute if entity @s[tag=aj.active_beacon_core.bone.11] run data modify entity @s {} merge value {transformation:[-0.06328173734555656f,-0.9902190448198878f,-0.12434494358242755f,0f,0.9979646731868639f,-0.06180417971196232f,-0.015708419435684455f,1.5f,0.007869738849791448f,-0.12508591705751915f,0.9921147013144778f,0f,0f,0f,0f,1f],start_interpolation:0}
execute if entity @s[tag=aj.active_beacon_core.bone.12] run data modify entity @s {} merge value {transformation:[-0.06328173734555656f,-0.9902190448198878f,-0.12434494358242755f,0f,0.9979646731868639f,-0.06180417971196232f,-0.015708419435684455f,1.5f,0.007869738849791448f,-0.12508591705751915f,0.9921147013144778f,0f,0f,0f,0f,1f],start_interpolation:0}
execute if entity @s[tag=aj.active_beacon_core.bone.13] run data modify entity @s {} merge value {transformation:[-0.06328173734555656f,-0.9902190448198878f,-0.12434494358242755f,0f,0.9979646731868639f,-0.06180417971196232f,-0.015708419435684455f,1.5f,0.007869738849791448f,-0.12508591705751915f,0.9921147013144778f,0f,0f,0f,0f,1f],start_interpolation:0}
execute if entity @s[tag=aj.active_beacon_core.bone.14] run data modify entity @s {} merge value {transformation:[-0.06328173734555656f,-0.9902190448198878f,-0.12434494358242755f,0f,0.9979646731868639f,-0.06180417971196232f,-0.015708419435684455f,1.5f,0.007869738849791448f,-0.12508591705751915f,0.9921147013144778f,0f,0f,0f,0f,1f],start_interpolation:0}
execute if entity @s[tag=aj.active_beacon_core.bone.15] run data modify entity @s {} merge value {transformation:[0.9608217280222366f,-0.24770939014467303f,-0.12434494358242755f,0f,0.247709390144673f,0.9687070267077588f,-0.015708419435684455f,1.5f,0.12434494358242754f,-0.01570841943568448f,0.9921147013144778f,0f,0f,0f,0f,1f],start_interpolation:0}
execute if entity @s[tag=aj.active_beacon_core.bone.16] run data modify entity @s {} merge value {transformation:[0.9608217280222366f,-0.24770939014467303f,-0.12434494358242755f,0f,0.247709390144673f,0.9687070267077588f,-0.015708419435684455f,1.5f,0.12434494358242754f,-0.01570841943568448f,0.9921147013144778f,0f,0f,0f,0f,1f],start_interpolation:0}
execute if entity @s[tag=aj.active_beacon_core.bone.17] run data modify entity @s {} merge value {transformation:[0.9608217280222366f,-0.24770939014467303f,-0.12434494358242755f,0f,0.247709390144673f,0.9687070267077588f,-0.015708419435684455f,1.5f,0.12434494358242754f,-0.01570841943568448f,0.9921147013144778f,0f,0f,0f,0f,1f],start_interpolation:0}
execute if entity @s[tag=aj.active_beacon_core.bone.18] run data modify entity @s {} merge value {transformation:[0.9608217280222366f,-0.24770939014467303f,-0.12434494358242755f,0f,0.247709390144673f,0.9687070267077588f,-0.015708419435684455f,1.5f,0.12434494358242754f,-0.01570841943568448f,0.9921147013144778f,0f,0f,0f,0f,1f],start_interpolation:0}
execute if entity @s[tag=aj.active_beacon_core.bone.19] run data modify entity @s {} merge value {transformation:[0.9608217280222366f,-0.24770939014467303f,-0.12434494358242755f,0f,0.247709390144673f,0.9687070267077588f,-0.015708419435684455f,1.5f,0.12434494358242754f,-0.01570841943568448f,0.9921147013144778f,0f,0f,0f,0f,1f],start_interpolation:0}
execute if entity @s[tag=aj.active_beacon_core.bone.20] run data modify entity @s {} merge value {transformation:[0.9608217280222366f,-0.24770939014467303f,-0.12434494358242755f,0f,0.247709390144673f,0.9687070267077588f,-0.015708419435684455f,1.5f,0.12434494358242754f,-0.01570841943568448f,0.9921147013144778f,0f,0f,0f,0f,1f],start_interpolation:0}
execute if entity @s[tag=aj.active_beacon_core.bone.21] run data modify entity @s {} merge value {transformation:[0.8383001073641811f,0.5308401501381421f,-0.12434494358242755f,0f,-0.5365882854977351f,0.8436979657587387f,-0.015708419435684455f,1.5f,0.09657091622120761f,0.07989040978666326f,0.9921147013144778f,0f,0f,0f,0f,1f],start_interpolation:0}
execute if entity @s[tag=aj.active_beacon_core.bone.22] run data modify entity @s {} merge value {transformation:[0.8383001073641811f,0.5308401501381421f,-0.12434494358242755f,0f,-0.5365882854977351f,0.8436979657587387f,-0.015708419435684455f,1.5f,0.09657091622120761f,0.07989040978666326f,0.9921147013144778f,0f,0f,0f,0f,1f],start_interpolation:0}
execute if entity @s[tag=aj.active_beacon_core.bone.23] run data modify entity @s {} merge value {transformation:[0.8383001073641811f,0.5308401501381421f,-0.12434494358242755f,0f,-0.5365882854977351f,0.8436979657587387f,-0.015708419435684455f,1.5f,0.09657091622120761f,0.07989040978666326f,0.9921147013144778f,0f,0f,0f,0f,1f],start_interpolation:0}
execute if entity @s[tag=aj.active_beacon_core.bone.24] run data modify entity @s {} merge value {transformation:[0.8383001073641811f,0.5308401501381421f,-0.12434494358242755f,0f,-0.5365882854977351f,0.8436979657587387f,-0.015708419435684455f,1.5f,0.09657091622120761f,0.07989040978666326f,0.9921147013144778f,0f,0f,0f,0f,1f],start_interpolation:0}
execute if entity @s[tag=aj.active_beacon_core.bone.25] run data modify entity @s {} merge value {transformation:[0.8383001073641811f,0.5308401501381421f,-0.12434494358242755f,0f,-0.5365882854977351f,0.8436979657587387f,-0.015708419435684455f,1.5f,0.09657091622120761f,0.07989040978666326f,0.9921147013144778f,0f,0f,0f,0f,1f],start_interpolation:0}
execute if entity @s[tag=aj.active_beacon_core.bone.26] run data modify entity @s {} merge value {transformation:[0.8383001073641811f,0.5308401501381421f,-0.12434494358242755f,0f,-0.5365882854977351f,0.8436979657587387f,-0.015708419435684455f,1.5f,0.09657091622120761f,0.07989040978666326f,0.9921147013144778f,0f,0f,0f,0f,1f],start_interpolation:0}
execute if entity @s[tag=aj.active_beacon_core.bone.27] run data modify entity @s {} merge value {transformation:[0.9608217280222366f,-0.24770939014467303f,-0.12434494358242755f,0f,0.247709390144673f,0.9687070267077588f,-0.015708419435684455f,1.5f,0.12434494358242754f,-0.01570841943568448f,0.9921147013144778f,0f,0f,0f,0f,1f],start_interpolation:0}