execute if entity @s[tag=aj.active_beacon_core.bone.exterior] run data modify entity @s {} merge value {transformation:[-2.0803038346605445f,3.945027803012042f,-2.514655361865444f,0f,-2.514655361865444f,-3.263610827513294f,-3.0396961653394556f,1.5f,-3.945027803012042f,1.9890947284656107e-16f,3.2636108275132933f,0f,0f,0f,0f,1f],start_interpolation:0}
execute if entity @s[tag=aj.active_beacon_core.bone.1] run data modify entity @s {} merge value {transformation:[-0.33469933499231086f,0.8042103545837209f,0.49114362536434447f,0f,-0.8042103545837211f,0.027876675258999672f,-0.5936906572928624f,1.5f,-0.49114362536434475f,-0.5936906572928623f,0.6374239897486903f,0f,0f,0f,0f,1f],start_interpolation:0}
execute if entity @s[tag=aj.active_beacon_core.bone.2] run data modify entity @s {} merge value {transformation:[-0.33469933499231086f,0.8042103545837209f,0.49114362536434447f,0f,-0.8042103545837211f,0.027876675258999672f,-0.5936906572928624f,1.5f,-0.49114362536434475f,-0.5936906572928623f,0.6374239897486903f,0f,0f,0f,0f,1f],start_interpolation:0}
execute if entity @s[tag=aj.active_beacon_core.bone.3] run data modify entity @s {} merge value {transformation:[0.5241831222527367f,-0.6957082676016877f,0.49114362536434447f,0f,0.7858772546797697f,0.17299810409411548f,-0.5936906572928624f,1.5f,0.3280685826505825f,0.697181226346852f,0.6374239897486903f,0f,0f,0f,0f,1f],start_interpolation:0}
execute if entity @s[tag=aj.active_beacon_core.bone.4] run data modify entity @s {} merge value {transformation:[-0.7135134519664794f,0.49967638840238116f,0.49114362536434447f,0f,-0.693954329911613f,-0.40738040139419335f,-0.5936906572928624f,1.5f,-0.09657091622120746f,-0.764437515715352f,0.6374239897486903f,0f,0f,0f,0f,1f],start_interpolation:0}
execute if entity @s[tag=aj.active_beacon_core.bone.5] run data modify entity @s {} merge value {transformation:[-0.7135134519664794f,0.49967638840238116f,0.49114362536434447f,0f,-0.693954329911613f,-0.40738040139419335f,-0.5936906572928624f,1.5f,-0.09657091622120746f,-0.764437515715352f,0.6374239897486903f,0f,0f,0f,0f,1f],start_interpolation:0}
execute if entity @s[tag=aj.active_beacon_core.bone.6] run data modify entity @s {} merge value {transformation:[-0.7135134519664794f,0.49967638840238116f,0.49114362536434447f,0f,-0.693954329911613f,-0.40738040139419335f,-0.5936906572928624f,1.5f,-0.09657091622120746f,-0.764437515715352f,0.6374239897486903f,0f,0f,0f,0f,1f],start_interpolation:0}
execute if entity @s[tag=aj.active_beacon_core.bone.7] run data modify entity @s {} merge value {transformation:[0.5241831222527367f,-0.6957082676016877f,0.49114362536434447f,0f,0.7858772546797697f,0.17299810409411548f,-0.5936906572928624f,1.5f,0.3280685826505825f,0.697181226346852f,0.6374239897486903f,0f,0f,0f,0f,1f],start_interpolation:0}
execute if entity @s[tag=aj.active_beacon_core.bone.8] run data modify entity @s {} merge value {transformation:[0.5241831222527367f,-0.6957082676016877f,0.49114362536434447f,0f,0.7858772546797697f,0.17299810409411548f,-0.5936906572928624f,1.5f,0.3280685826505825f,0.697181226346852f,0.6374239897486903f,0f,0f,0f,0f,1f],start_interpolation:0}
execute if entity @s[tag=aj.active_beacon_core.bone.9] run data modify entity @s {} merge value {transformation:[-0.4063093427071378f,-0.7705132427757894f,0.49114362536434447f,0f,0.4911436253643445f,-0.6374239897486902f,-0.5936906572928624f,1.5f,0.7705132427757894f,-1.4987180887785961e-16f,0.6374239897486903f,0f,0f,0f,0f,1f],start_interpolation:0}
execute if entity @s[tag=aj.active_beacon_core.bone.10] run data modify entity @s {} merge value {transformation:[0.5241831222527367f,-0.6957082676016877f,0.49114362536434447f,0f,0.7858772546797697f,0.17299810409411548f,-0.5936906572928624f,1.5f,0.3280685826505825f,0.697181226346852f,0.6374239897486903f,0f,0f,0f,0f,1f],start_interpolation:0}
execute if entity @s[tag=aj.active_beacon_core.bone.11] run data modify entity @s {} merge value {transformation:[0.5241831222527367f,-0.6957082676016877f,0.49114362536434447f,0f,0.7858772546797697f,0.17299810409411548f,-0.5936906572928624f,1.5f,0.3280685826505825f,0.697181226346852f,0.6374239897486903f,0f,0f,0f,0f,1f],start_interpolation:0}
execute if entity @s[tag=aj.active_beacon_core.bone.12] run data modify entity @s {} merge value {transformation:[0.5241831222527367f,-0.6957082676016877f,0.49114362536434447f,0f,0.7858772546797697f,0.17299810409411548f,-0.5936906572928624f,1.5f,0.3280685826505825f,0.697181226346852f,0.6374239897486903f,0f,0f,0f,0f,1f],start_interpolation:0}
execute if entity @s[tag=aj.active_beacon_core.bone.13] run data modify entity @s {} merge value {transformation:[0.5241831222527367f,-0.6957082676016877f,0.49114362536434447f,0f,0.7858772546797697f,0.17299810409411548f,-0.5936906572928624f,1.5f,0.3280685826505825f,0.697181226346852f,0.6374239897486903f,0f,0f,0f,0f,1f],start_interpolation:0}
execute if entity @s[tag=aj.active_beacon_core.bone.14] run data modify entity @s {} merge value {transformation:[0.5241831222527367f,-0.6957082676016877f,0.49114362536434447f,0f,0.7858772546797697f,0.17299810409411548f,-0.5936906572928624f,1.5f,0.3280685826505825f,0.697181226346852f,0.6374239897486903f,0f,0f,0f,0f,1f],start_interpolation:0}
execute if entity @s[tag=aj.active_beacon_core.bone.15] run data modify entity @s {} merge value {transformation:[-0.33469933499231086f,0.8042103545837209f,0.49114362536434447f,0f,-0.8042103545837211f,0.027876675258999672f,-0.5936906572928624f,1.5f,-0.49114362536434475f,-0.5936906572928623f,0.6374239897486903f,0f,0f,0f,0f,1f],start_interpolation:0}
execute if entity @s[tag=aj.active_beacon_core.bone.16] run data modify entity @s {} merge value {transformation:[-0.33469933499231086f,0.8042103545837209f,0.49114362536434447f,0f,-0.8042103545837211f,0.027876675258999672f,-0.5936906572928624f,1.5f,-0.49114362536434475f,-0.5936906572928623f,0.6374239897486903f,0f,0f,0f,0f,1f],start_interpolation:0}
execute if entity @s[tag=aj.active_beacon_core.bone.17] run data modify entity @s {} merge value {transformation:[-0.33469933499231086f,0.8042103545837209f,0.49114362536434447f,0f,-0.8042103545837211f,0.027876675258999672f,-0.5936906572928624f,1.5f,-0.49114362536434475f,-0.5936906572928623f,0.6374239897486903f,0f,0f,0f,0f,1f],start_interpolation:0}
execute if entity @s[tag=aj.active_beacon_core.bone.18] run data modify entity @s {} merge value {transformation:[-0.33469933499231086f,0.8042103545837209f,0.49114362536434447f,0f,-0.8042103545837211f,0.027876675258999672f,-0.5936906572928624f,1.5f,-0.49114362536434475f,-0.5936906572928623f,0.6374239897486903f,0f,0f,0f,0f,1f],start_interpolation:0}
execute if entity @s[tag=aj.active_beacon_core.bone.19] run data modify entity @s {} merge value {transformation:[-0.33469933499231086f,0.8042103545837209f,0.49114362536434447f,0f,-0.8042103545837211f,0.027876675258999672f,-0.5936906572928624f,1.5f,-0.49114362536434475f,-0.5936906572928623f,0.6374239897486903f,0f,0f,0f,0f,1f],start_interpolation:0}
execute if entity @s[tag=aj.active_beacon_core.bone.20] run data modify entity @s {} merge value {transformation:[-0.33469933499231086f,0.8042103545837209f,0.49114362536434447f,0f,-0.8042103545837211f,0.027876675258999672f,-0.5936906572928624f,1.5f,-0.49114362536434475f,-0.5936906572928623f,0.6374239897486903f,0f,0f,0f,0f,1f],start_interpolation:0}
execute if entity @s[tag=aj.active_beacon_core.bone.21] run data modify entity @s {} merge value {transformation:[-0.7135134519664794f,0.49967638840238116f,0.49114362536434447f,0f,-0.693954329911613f,-0.40738040139419335f,-0.5936906572928624f,1.5f,-0.09657091622120746f,-0.764437515715352f,0.6374239897486903f,0f,0f,0f,0f,1f],start_interpolation:0}
execute if entity @s[tag=aj.active_beacon_core.bone.22] run data modify entity @s {} merge value {transformation:[-0.7135134519664794f,0.49967638840238116f,0.49114362536434447f,0f,-0.693954329911613f,-0.40738040139419335f,-0.5936906572928624f,1.5f,-0.09657091622120746f,-0.764437515715352f,0.6374239897486903f,0f,0f,0f,0f,1f],start_interpolation:0}
execute if entity @s[tag=aj.active_beacon_core.bone.23] run data modify entity @s {} merge value {transformation:[-0.7135134519664794f,0.49967638840238116f,0.49114362536434447f,0f,-0.693954329911613f,-0.40738040139419335f,-0.5936906572928624f,1.5f,-0.09657091622120746f,-0.764437515715352f,0.6374239897486903f,0f,0f,0f,0f,1f],start_interpolation:0}
execute if entity @s[tag=aj.active_beacon_core.bone.24] run data modify entity @s {} merge value {transformation:[-0.7135134519664794f,0.49967638840238116f,0.49114362536434447f,0f,-0.693954329911613f,-0.40738040139419335f,-0.5936906572928624f,1.5f,-0.09657091622120746f,-0.764437515715352f,0.6374239897486903f,0f,0f,0f,0f,1f],start_interpolation:0}
execute if entity @s[tag=aj.active_beacon_core.bone.25] run data modify entity @s {} merge value {transformation:[-0.7135134519664794f,0.49967638840238116f,0.49114362536434447f,0f,-0.693954329911613f,-0.40738040139419335f,-0.5936906572928624f,1.5f,-0.09657091622120746f,-0.764437515715352f,0.6374239897486903f,0f,0f,0f,0f,1f],start_interpolation:0}
execute if entity @s[tag=aj.active_beacon_core.bone.26] run data modify entity @s {} merge value {transformation:[-0.7135134519664794f,0.49967638840238116f,0.49114362536434447f,0f,-0.693954329911613f,-0.40738040139419335f,-0.5936906572928624f,1.5f,-0.09657091622120746f,-0.764437515715352f,0.6374239897486903f,0f,0f,0f,0f,1f],start_interpolation:0}
execute if entity @s[tag=aj.active_beacon_core.bone.27] run data modify entity @s {} merge value {transformation:[-0.33469933499231086f,0.8042103545837209f,0.49114362536434447f,0f,-0.8042103545837211f,0.027876675258999672f,-0.5936906572928624f,1.5f,-0.49114362536434475f,-0.5936906572928623f,0.6374239897486903f,0f,0f,0f,0f,1f],start_interpolation:0}