execute if entity @s[tag=aj.active_beacon_core.bone.exterior] run data modify entity @s {} merge value {transformation:[-5.099813635365063f,-0.32148745999008854f,-0.32085307792462225f,0f,-0.32085307792462286f,5.109896849552751f,-0.02018636463493725f,1.5f,0.3214874599900879f,-3.937085888428747e-17f,-5.109896849552751f,0f,0f,0f,0f,1f],start_interpolation:0}
execute if entity @s[tag=aj.active_beacon_core.bone.1] run data modify entity @s {} merge value {transformation:[-0.9980345083461369f,0.00012365825339263892f,0.06266661678215303f,0f,-0.00012365825339261116f,0.9999922200821347f,-0.003942649342761182f,1.5f,-0.06266661678215303f,-0.003942649342761183f,-0.9980267284282716f,0f,0f,0f,0f,1f],start_interpolation:0}
execute if entity @s[tag=aj.active_beacon_core.bone.2] run data modify entity @s {} merge value {transformation:[-0.9980345083461369f,0.00012365825339263892f,0.06266661678215303f,0f,-0.00012365825339261116f,0.9999922200821347f,-0.003942649342761182f,1.5f,-0.06266661678215303f,-0.003942649342761183f,-0.9980267284282716f,0f,0f,0f,0f,1f],start_interpolation:0}
execute if entity @s[tag=aj.active_beacon_core.bone.3] run data modify entity @s {} merge value {transformation:[0.9935935586010943f,-0.09404645366781576f,0.06266661678215303f,0f,-0.09398447170988047f,-0.9955658564824201f,-0.003942649342761182f,1.5f,0.06275953619832222f,-0.0019722978813258327f,-0.9980267284282716f,0f,0f,0f,0f,1f],start_interpolation:0}
execute if entity @s[tag=aj.active_beacon_core.bone.4] run data modify entity @s {} merge value {transformation:[-0.015800087708721357f,-0.9979094409662008f,0.06266661678215303f,0f,-0.9998707958630088f,0.015583552112202186f,-0.003942649342761182f,1.5f,0.002957838513240486f,-0.06272081420143388f,-0.9980267284282716f,0f,0f,0f,0f,1f],start_interpolation:0}
execute if entity @s[tag=aj.active_beacon_core.bone.5] run data modify entity @s {} merge value {transformation:[-0.015800087708721357f,-0.9979094409662008f,0.06266661678215303f,0f,-0.9998707958630088f,0.015583552112202186f,-0.003942649342761182f,1.5f,0.002957838513240486f,-0.06272081420143388f,-0.9980267284282716f,0f,0f,0f,0f,1f],start_interpolation:0}
execute if entity @s[tag=aj.active_beacon_core.bone.6] run data modify entity @s {} merge value {transformation:[-0.015800087708721357f,-0.9979094409662008f,0.06266661678215303f,0f,-0.9998707958630088f,0.015583552112202186f,-0.003942649342761182f,1.5f,0.002957838513240486f,-0.06272081420143388f,-0.9980267284282716f,0f,0f,0f,0f,1f],start_interpolation:0}
execute if entity @s[tag=aj.active_beacon_core.bone.7] run data modify entity @s {} merge value {transformation:[0.9935935586010943f,-0.09404645366781576f,0.06266661678215303f,0f,-0.09398447170988047f,-0.9955658564824201f,-0.003942649342761182f,1.5f,0.06275953619832222f,-0.0019722978813258327f,-0.9980267284282716f,0f,0f,0f,0f,1f],start_interpolation:0}
execute if entity @s[tag=aj.active_beacon_core.bone.8] run data modify entity @s {} merge value {transformation:[0.9935935586010943f,-0.09404645366781576f,0.06266661678215303f,0f,-0.09398447170988047f,-0.9955658564824201f,-0.003942649342761182f,1.5f,0.06275953619832222f,-0.0019722978813258327f,-0.9980267284282716f,0f,0f,0f,0f,1f],start_interpolation:0}
execute if entity @s[tag=aj.active_beacon_core.bone.9] run data modify entity @s {} merge value {transformation:[-0.9960573506572388f,0.06279051952931416f,0.06266661678215303f,0f,0.0626666167821529f,0.9980267284282716f,-0.003942649342761182f,1.5f,-0.06279051952931429f,7.689620875837397e-18f,-0.9980267284282716f,0f,0f,0f,0f,1f],start_interpolation:0}
execute if entity @s[tag=aj.active_beacon_core.bone.10] run data modify entity @s {} merge value {transformation:[0.9935935586010943f,-0.09404645366781576f,0.06266661678215303f,0f,-0.09398447170988047f,-0.9955658564824201f,-0.003942649342761182f,1.5f,0.06275953619832222f,-0.0019722978813258327f,-0.9980267284282716f,0f,0f,0f,0f,1f],start_interpolation:0}
execute if entity @s[tag=aj.active_beacon_core.bone.11] run data modify entity @s {} merge value {transformation:[0.9935935586010943f,-0.09404645366781576f,0.06266661678215303f,0f,-0.09398447170988047f,-0.9955658564824201f,-0.003942649342761182f,1.5f,0.06275953619832222f,-0.0019722978813258327f,-0.9980267284282716f,0f,0f,0f,0f,1f],start_interpolation:0}
execute if entity @s[tag=aj.active_beacon_core.bone.12] run data modify entity @s {} merge value {transformation:[0.9935935586010943f,-0.09404645366781576f,0.06266661678215303f,0f,-0.09398447170988047f,-0.9955658564824201f,-0.003942649342761182f,1.5f,0.06275953619832222f,-0.0019722978813258327f,-0.9980267284282716f,0f,0f,0f,0f,1f],start_interpolation:0}
execute if entity @s[tag=aj.active_beacon_core.bone.13] run data modify entity @s {} merge value {transformation:[0.9935935586010943f,-0.09404645366781576f,0.06266661678215303f,0f,-0.09398447170988047f,-0.9955658564824201f,-0.003942649342761182f,1.5f,0.06275953619832222f,-0.0019722978813258327f,-0.9980267284282716f,0f,0f,0f,0f,1f],start_interpolation:0}
execute if entity @s[tag=aj.active_beacon_core.bone.14] run data modify entity @s {} merge value {transformation:[0.9935935586010943f,-0.09404645366781576f,0.06266661678215303f,0f,-0.09398447170988047f,-0.9955658564824201f,-0.003942649342761182f,1.5f,0.06275953619832222f,-0.0019722978813258327f,-0.9980267284282716f,0f,0f,0f,0f,1f],start_interpolation:0}
execute if entity @s[tag=aj.active_beacon_core.bone.15] run data modify entity @s {} merge value {transformation:[-0.9980345083461369f,0.00012365825339263892f,0.06266661678215303f,0f,-0.00012365825339261116f,0.9999922200821347f,-0.003942649342761182f,1.5f,-0.06266661678215303f,-0.003942649342761183f,-0.9980267284282716f,0f,0f,0f,0f,1f],start_interpolation:0}
execute if entity @s[tag=aj.active_beacon_core.bone.16] run data modify entity @s {} merge value {transformation:[-0.9980345083461369f,0.00012365825339263892f,0.06266661678215303f,0f,-0.00012365825339261116f,0.9999922200821347f,-0.003942649342761182f,1.5f,-0.06266661678215303f,-0.003942649342761183f,-0.9980267284282716f,0f,0f,0f,0f,1f],start_interpolation:0}
execute if entity @s[tag=aj.active_beacon_core.bone.17] run data modify entity @s {} merge value {transformation:[-0.9980345083461369f,0.00012365825339263892f,0.06266661678215303f,0f,-0.00012365825339261116f,0.9999922200821347f,-0.003942649342761182f,1.5f,-0.06266661678215303f,-0.003942649342761183f,-0.9980267284282716f,0f,0f,0f,0f,1f],start_interpolation:0}
execute if entity @s[tag=aj.active_beacon_core.bone.18] run data modify entity @s {} merge value {transformation:[-0.9980345083461369f,0.00012365825339263892f,0.06266661678215303f,0f,-0.00012365825339261116f,0.9999922200821347f,-0.003942649342761182f,1.5f,-0.06266661678215303f,-0.003942649342761183f,-0.9980267284282716f,0f,0f,0f,0f,1f],start_interpolation:0}
execute if entity @s[tag=aj.active_beacon_core.bone.19] run data modify entity @s {} merge value {transformation:[-0.9980345083461369f,0.00012365825339263892f,0.06266661678215303f,0f,-0.00012365825339261116f,0.9999922200821347f,-0.003942649342761182f,1.5f,-0.06266661678215303f,-0.003942649342761183f,-0.9980267284282716f,0f,0f,0f,0f,1f],start_interpolation:0}
execute if entity @s[tag=aj.active_beacon_core.bone.20] run data modify entity @s {} merge value {transformation:[-0.9980345083461369f,0.00012365825339263892f,0.06266661678215303f,0f,-0.00012365825339261116f,0.9999922200821347f,-0.003942649342761182f,1.5f,-0.06266661678215303f,-0.003942649342761183f,-0.9980267284282716f,0f,0f,0f,0f,1f],start_interpolation:0}
execute if entity @s[tag=aj.active_beacon_core.bone.21] run data modify entity @s {} merge value {transformation:[-0.015800087708721357f,-0.9979094409662008f,0.06266661678215303f,0f,-0.9998707958630088f,0.015583552112202186f,-0.003942649342761182f,1.5f,0.002957838513240486f,-0.06272081420143388f,-0.9980267284282716f,0f,0f,0f,0f,1f],start_interpolation:0}
execute if entity @s[tag=aj.active_beacon_core.bone.22] run data modify entity @s {} merge value {transformation:[-0.015800087708721357f,-0.9979094409662008f,0.06266661678215303f,0f,-0.9998707958630088f,0.015583552112202186f,-0.003942649342761182f,1.5f,0.002957838513240486f,-0.06272081420143388f,-0.9980267284282716f,0f,0f,0f,0f,1f],start_interpolation:0}
execute if entity @s[tag=aj.active_beacon_core.bone.23] run data modify entity @s {} merge value {transformation:[-0.015800087708721357f,-0.9979094409662008f,0.06266661678215303f,0f,-0.9998707958630088f,0.015583552112202186f,-0.003942649342761182f,1.5f,0.002957838513240486f,-0.06272081420143388f,-0.9980267284282716f,0f,0f,0f,0f,1f],start_interpolation:0}
execute if entity @s[tag=aj.active_beacon_core.bone.24] run data modify entity @s {} merge value {transformation:[-0.015800087708721357f,-0.9979094409662008f,0.06266661678215303f,0f,-0.9998707958630088f,0.015583552112202186f,-0.003942649342761182f,1.5f,0.002957838513240486f,-0.06272081420143388f,-0.9980267284282716f,0f,0f,0f,0f,1f],start_interpolation:0}
execute if entity @s[tag=aj.active_beacon_core.bone.25] run data modify entity @s {} merge value {transformation:[-0.015800087708721357f,-0.9979094409662008f,0.06266661678215303f,0f,-0.9998707958630088f,0.015583552112202186f,-0.003942649342761182f,1.5f,0.002957838513240486f,-0.06272081420143388f,-0.9980267284282716f,0f,0f,0f,0f,1f],start_interpolation:0}
execute if entity @s[tag=aj.active_beacon_core.bone.26] run data modify entity @s {} merge value {transformation:[-0.015800087708721357f,-0.9979094409662008f,0.06266661678215303f,0f,-0.9998707958630088f,0.015583552112202186f,-0.003942649342761182f,1.5f,0.002957838513240486f,-0.06272081420143388f,-0.9980267284282716f,0f,0f,0f,0f,1f],start_interpolation:0}
execute if entity @s[tag=aj.active_beacon_core.bone.27] run data modify entity @s {} merge value {transformation:[-0.9980345083461369f,0.00012365825339263892f,0.06266661678215303f,0f,-0.00012365825339261116f,0.9999922200821347f,-0.003942649342761182f,1.5f,-0.06266661678215303f,-0.003942649342761183f,-0.9980267284282716f,0f,0f,0f,0f,1f],start_interpolation:0}