execute if entity @s[tag=aj.active_beacon_core.bone.exterior] run data modify entity @s {} merge value {transformation:[-1.4700050135934197f,-4.322958978570314f,-2.3163572543130115f,0f,-2.316357254313012f,2.7434331902924676f,-3.649994986406581f,1.5f,4.322958978570314f,-5.294097875951447e-16f,-2.7434331902924676f,0f,0f,0f,0f,1f],start_interpolation:0}
execute if entity @s[tag=aj.active_beacon_core.bone.1] run data modify entity @s {} merge value {transformation:[-0.866731066688164f,0.20999823646642976f,0.4524135262330102f,0f,-0.20999823646642984f,0.6690957282908333f,-0.7128896457825353f,1.5f,-0.4524135262330103f,-0.7128896457825353f,-0.5358267949789975f,0f,0f,0f,0f,1f],start_interpolation:0}
execute if entity @s[tag=aj.active_beacon_core.bone.2] run data modify entity @s {} merge value {transformation:[-0.866731066688164f,0.20999823646642976f,0.4524135262330102f,0f,-0.20999823646642984f,0.6690957282908333f,-0.7128896457825353f,1.5f,-0.4524135262330103f,-0.7128896457825353f,-0.5358267949789975f,0f,0f,0f,0f,1f],start_interpolation:0}
execute if entity @s[tag=aj.active_beacon_core.bone.3] run data modify entity @s {} merge value {transformation:[-0.15516135894675032f,-0.8782066692819015f,0.4524135262330102f,0f,-0.654589522343465f,-0.2515967213105243f,-0.7128896457825353f,1.5f,0.7398902012649932f,-0.40675808025727456f,-0.5358267949789975f,0f,0f,0f,0f,1f],start_interpolation:0}
execute if entity @s[tag=aj.active_beacon_core.bone.4] run data modify entity @s {} merge value {transformation:[-0.41894800688504535f,-0.787276678689558f,0.4524135262330102f,0f,-0.700299293337254f,-0.03700341453695938f,-0.7128896457825353f,1.5f,0.5779822378571774f,-0.6154885689467715f,-0.5358267949789975f,0f,0f,0f,0f,1f],start_interpolation:0}
execute if entity @s[tag=aj.active_beacon_core.bone.5] run data modify entity @s {} merge value {transformation:[-0.41894800688504535f,-0.787276678689558f,0.4524135262330102f,0f,-0.700299293337254f,-0.03700341453695938f,-0.7128896457825353f,1.5f,0.5779822378571774f,-0.6154885689467715f,-0.5358267949789975f,0f,0f,0f,0f,1f],start_interpolation:0}
execute if entity @s[tag=aj.active_beacon_core.bone.6] run data modify entity @s {} merge value {transformation:[-0.41894800688504535f,-0.787276678689558f,0.4524135262330102f,0f,-0.700299293337254f,-0.03700341453695938f,-0.7128896457825353f,1.5f,0.5779822378571774f,-0.6154885689467715f,-0.5358267949789975f,0f,0f,0f,0f,1f],start_interpolation:0}
execute if entity @s[tag=aj.active_beacon_core.bone.7] run data modify entity @s {} merge value {transformation:[-0.15516135894675032f,-0.8782066692819015f,0.4524135262330102f,0f,-0.654589522343465f,-0.2515967213105243f,-0.7128896457825353f,1.5f,0.7398902012649932f,-0.40675808025727456f,-0.5358267949789975f,0f,0f,0f,0f,1f],start_interpolation:0}
execute if entity @s[tag=aj.active_beacon_core.bone.8] run data modify entity @s {} merge value {transformation:[-0.15516135894675032f,-0.8782066692819015f,0.4524135262330102f,0f,-0.654589522343465f,-0.2515967213105243f,-0.7128896457825353f,1.5f,0.7398902012649932f,-0.40675808025727456f,-0.5358267949789975f,0f,0f,0f,0f,1f],start_interpolation:0}
execute if entity @s[tag=aj.active_beacon_core.bone.9] run data modify entity @s {} merge value {transformation:[-0.28711035421746456f,0.8443279255020145f,0.4524135262330102f,0f,0.4524135262330101f,0.5358267949789975f,-0.7128896457825353f,1.5f,-0.8443279255020145f,1.034003491396767e-16f,-0.5358267949789975f,0f,0f,0f,0f,1f],start_interpolation:0}
execute if entity @s[tag=aj.active_beacon_core.bone.10] run data modify entity @s {} merge value {transformation:[-0.15516135894675032f,-0.8782066692819015f,0.4524135262330102f,0f,-0.654589522343465f,-0.2515967213105243f,-0.7128896457825353f,1.5f,0.7398902012649932f,-0.40675808025727456f,-0.5358267949789975f,0f,0f,0f,0f,1f],start_interpolation:0}
execute if entity @s[tag=aj.active_beacon_core.bone.11] run data modify entity @s {} merge value {transformation:[-0.15516135894675032f,-0.8782066692819015f,0.4524135262330102f,0f,-0.654589522343465f,-0.2515967213105243f,-0.7128896457825353f,1.5f,0.7398902012649932f,-0.40675808025727456f,-0.5358267949789975f,0f,0f,0f,0f,1f],start_interpolation:0}
execute if entity @s[tag=aj.active_beacon_core.bone.12] run data modify entity @s {} merge value {transformation:[-0.15516135894675032f,-0.8782066692819015f,0.4524135262330102f,0f,-0.654589522343465f,-0.2515967213105243f,-0.7128896457825353f,1.5f,0.7398902012649932f,-0.40675808025727456f,-0.5358267949789975f,0f,0f,0f,0f,1f],start_interpolation:0}
execute if entity @s[tag=aj.active_beacon_core.bone.13] run data modify entity @s {} merge value {transformation:[-0.15516135894675032f,-0.8782066692819015f,0.4524135262330102f,0f,-0.654589522343465f,-0.2515967213105243f,-0.7128896457825353f,1.5f,0.7398902012649932f,-0.40675808025727456f,-0.5358267949789975f,0f,0f,0f,0f,1f],start_interpolation:0}
execute if entity @s[tag=aj.active_beacon_core.bone.14] run data modify entity @s {} merge value {transformation:[-0.15516135894675032f,-0.8782066692819015f,0.4524135262330102f,0f,-0.654589522343465f,-0.2515967213105243f,-0.7128896457825353f,1.5f,0.7398902012649932f,-0.40675808025727456f,-0.5358267949789975f,0f,0f,0f,0f,1f],start_interpolation:0}
execute if entity @s[tag=aj.active_beacon_core.bone.15] run data modify entity @s {} merge value {transformation:[-0.866731066688164f,0.20999823646642976f,0.4524135262330102f,0f,-0.20999823646642984f,0.6690957282908333f,-0.7128896457825353f,1.5f,-0.4524135262330103f,-0.7128896457825353f,-0.5358267949789975f,0f,0f,0f,0f,1f],start_interpolation:0}
execute if entity @s[tag=aj.active_beacon_core.bone.16] run data modify entity @s {} merge value {transformation:[-0.866731066688164f,0.20999823646642976f,0.4524135262330102f,0f,-0.20999823646642984f,0.6690957282908333f,-0.7128896457825353f,1.5f,-0.4524135262330103f,-0.7128896457825353f,-0.5358267949789975f,0f,0f,0f,0f,1f],start_interpolation:0}
execute if entity @s[tag=aj.active_beacon_core.bone.17] run data modify entity @s {} merge value {transformation:[-0.866731066688164f,0.20999823646642976f,0.4524135262330102f,0f,-0.20999823646642984f,0.6690957282908333f,-0.7128896457825353f,1.5f,-0.4524135262330103f,-0.7128896457825353f,-0.5358267949789975f,0f,0f,0f,0f,1f],start_interpolation:0}
execute if entity @s[tag=aj.active_beacon_core.bone.18] run data modify entity @s {} merge value {transformation:[-0.866731066688164f,0.20999823646642976f,0.4524135262330102f,0f,-0.20999823646642984f,0.6690957282908333f,-0.7128896457825353f,1.5f,-0.4524135262330103f,-0.7128896457825353f,-0.5358267949789975f,0f,0f,0f,0f,1f],start_interpolation:0}
execute if entity @s[tag=aj.active_beacon_core.bone.19] run data modify entity @s {} merge value {transformation:[-0.866731066688164f,0.20999823646642976f,0.4524135262330102f,0f,-0.20999823646642984f,0.6690957282908333f,-0.7128896457825353f,1.5f,-0.4524135262330103f,-0.7128896457825353f,-0.5358267949789975f,0f,0f,0f,0f,1f],start_interpolation:0}
execute if entity @s[tag=aj.active_beacon_core.bone.20] run data modify entity @s {} merge value {transformation:[-0.866731066688164f,0.20999823646642976f,0.4524135262330102f,0f,-0.20999823646642984f,0.6690957282908333f,-0.7128896457825353f,1.5f,-0.4524135262330103f,-0.7128896457825353f,-0.5358267949789975f,0f,0f,0f,0f,1f],start_interpolation:0}
execute if entity @s[tag=aj.active_beacon_core.bone.21] run data modify entity @s {} merge value {transformation:[-0.41894800688504535f,-0.787276678689558f,0.4524135262330102f,0f,-0.700299293337254f,-0.03700341453695938f,-0.7128896457825353f,1.5f,0.5779822378571774f,-0.6154885689467715f,-0.5358267949789975f,0f,0f,0f,0f,1f],start_interpolation:0}
execute if entity @s[tag=aj.active_beacon_core.bone.22] run data modify entity @s {} merge value {transformation:[-0.41894800688504535f,-0.787276678689558f,0.4524135262330102f,0f,-0.700299293337254f,-0.03700341453695938f,-0.7128896457825353f,1.5f,0.5779822378571774f,-0.6154885689467715f,-0.5358267949789975f,0f,0f,0f,0f,1f],start_interpolation:0}
execute if entity @s[tag=aj.active_beacon_core.bone.23] run data modify entity @s {} merge value {transformation:[-0.41894800688504535f,-0.787276678689558f,0.4524135262330102f,0f,-0.700299293337254f,-0.03700341453695938f,-0.7128896457825353f,1.5f,0.5779822378571774f,-0.6154885689467715f,-0.5358267949789975f,0f,0f,0f,0f,1f],start_interpolation:0}
execute if entity @s[tag=aj.active_beacon_core.bone.24] run data modify entity @s {} merge value {transformation:[-0.41894800688504535f,-0.787276678689558f,0.4524135262330102f,0f,-0.700299293337254f,-0.03700341453695938f,-0.7128896457825353f,1.5f,0.5779822378571774f,-0.6154885689467715f,-0.5358267949789975f,0f,0f,0f,0f,1f],start_interpolation:0}
execute if entity @s[tag=aj.active_beacon_core.bone.25] run data modify entity @s {} merge value {transformation:[-0.41894800688504535f,-0.787276678689558f,0.4524135262330102f,0f,-0.700299293337254f,-0.03700341453695938f,-0.7128896457825353f,1.5f,0.5779822378571774f,-0.6154885689467715f,-0.5358267949789975f,0f,0f,0f,0f,1f],start_interpolation:0}
execute if entity @s[tag=aj.active_beacon_core.bone.26] run data modify entity @s {} merge value {transformation:[-0.41894800688504535f,-0.787276678689558f,0.4524135262330102f,0f,-0.700299293337254f,-0.03700341453695938f,-0.7128896457825353f,1.5f,0.5779822378571774f,-0.6154885689467715f,-0.5358267949789975f,0f,0f,0f,0f,1f],start_interpolation:0}
execute if entity @s[tag=aj.active_beacon_core.bone.27] run data modify entity @s {} merge value {transformation:[-0.866731066688164f,0.20999823646642976f,0.4524135262330102f,0f,-0.20999823646642984f,0.6690957282908333f,-0.7128896457825353f,1.5f,-0.4524135262330103f,-0.7128896457825353f,-0.5358267949789975f,0f,0f,0f,0f,1f],start_interpolation:0}