execute if entity @s[tag=aj.active_beacon_core.bone.exterior] run data modify entity @s {} merge value {transformation:[-0.3166548990877113f,-4.95914578497859f,-1.2332894057003916f,0f,-1.2332894057003918f,1.273292222284058f,-4.803345100912289f,1.5f,4.95914578497859f,-6.073202012079119e-16f,-1.2732922222840581f,0f,0f,0f,0f,1f],start_interpolation:0}
execute if entity @s[tag=aj.active_beacon_core.bone.1] run data modify entity @s {} merge value {transformation:[-0.9535339789134004f,0.1809732036240528f,0.2408768370508578f,0f,-0.1809732036240529f,0.2951559082514543f,-0.9381533400219315f,1.5f,-0.24087683705085797f,-0.9381533400219314f,-0.24868988716485504f,0f,0f,0f,0f,1f],start_interpolation:0}
execute if entity @s[tag=aj.active_beacon_core.bone.2] run data modify entity @s {} merge value {transformation:[-0.9535339789134004f,0.1809732036240528f,0.2408768370508578f,0f,-0.1809732036240529f,0.2951559082514543f,-0.9381533400219315f,1.5f,-0.24087683705085797f,-0.9381533400219314f,-0.24868988716485504f,0f,0f,0f,0f,1f],start_interpolation:0}
execute if entity @s[tag=aj.active_beacon_core.bone.3] run data modify entity @s {} merge value {transformation:[-0.5447830031248696f,-0.8032370938139138f,0.2408768370508578f,0f,-0.3427538261764401f,-0.04886844838036569f,-0.9381533400219315f,1.5f,0.7653308396684784f,-0.5936514515052355f,-0.24868988716485504f,0f,0f,0f,0f,1f],start_interpolation:0}
execute if entity @s[tag=aj.active_beacon_core.bone.4] run data modify entity @s {} merge value {transformation:[-0.4800823629026696f,-0.8435041637135902f,0.2408768370508578f,0f,-0.3378630562490983f,-0.07560995852209157f,-0.9381533400219315f,1.5f,0.8095489361686586f,-0.5317742565883796f,-0.24868988716485504f,0f,0f,0f,0f,1f],start_interpolation:0}
execute if entity @s[tag=aj.active_beacon_core.bone.5] run data modify entity @s {} merge value {transformation:[-0.4800823629026696f,-0.8435041637135902f,0.2408768370508578f,0f,-0.3378630562490983f,-0.07560995852209157f,-0.9381533400219315f,1.5f,0.8095489361686586f,-0.5317742565883796f,-0.24868988716485504f,0f,0f,0f,0f,1f],start_interpolation:0}
execute if entity @s[tag=aj.active_beacon_core.bone.6] run data modify entity @s {} merge value {transformation:[-0.4800823629026696f,-0.8435041637135902f,0.2408768370508578f,0f,-0.3378630562490983f,-0.07560995852209157f,-0.9381533400219315f,1.5f,0.8095489361686586f,-0.5317742565883796f,-0.24868988716485504f,0f,0f,0f,0f,1f],start_interpolation:0}
execute if entity @s[tag=aj.active_beacon_core.bone.7] run data modify entity @s {} merge value {transformation:[-0.5447830031248696f,-0.8032370938139138f,0.2408768370508578f,0f,-0.3427538261764401f,-0.04886844838036569f,-0.9381533400219315f,1.5f,0.7653308396684784f,-0.5936514515052355f,-0.24868988716485504f,0f,0f,0f,0f,1f],start_interpolation:0}
execute if entity @s[tag=aj.active_beacon_core.bone.8] run data modify entity @s {} merge value {transformation:[-0.5447830031248696f,-0.8032370938139138f,0.2408768370508578f,0f,-0.3427538261764401f,-0.04886844838036569f,-0.9381533400219315f,1.5f,0.7653308396684784f,-0.5936514515052355f,-0.24868988716485504f,0f,0f,0f,0f,1f],start_interpolation:0}
execute if entity @s[tag=aj.active_beacon_core.bone.9] run data modify entity @s {} merge value {transformation:[-0.06184665997806837f,0.9685831611286309f,0.2408768370508578f,0f,0.24087683705085777f,0.24868988716485507f,-0.9381533400219315f,1.5f,-0.9685831611286309f,1.186172267984203e-16f,-0.24868988716485504f,0f,0f,0f,0f,1f],start_interpolation:0}
execute if entity @s[tag=aj.active_beacon_core.bone.10] run data modify entity @s {} merge value {transformation:[-0.5447830031248696f,-0.8032370938139138f,0.2408768370508578f,0f,-0.3427538261764401f,-0.04886844838036569f,-0.9381533400219315f,1.5f,0.7653308396684784f,-0.5936514515052355f,-0.24868988716485504f,0f,0f,0f,0f,1f],start_interpolation:0}
execute if entity @s[tag=aj.active_beacon_core.bone.11] run data modify entity @s {} merge value {transformation:[-0.5447830031248696f,-0.8032370938139138f,0.2408768370508578f,0f,-0.3427538261764401f,-0.04886844838036569f,-0.9381533400219315f,1.5f,0.7653308396684784f,-0.5936514515052355f,-0.24868988716485504f,0f,0f,0f,0f,1f],start_interpolation:0}
execute if entity @s[tag=aj.active_beacon_core.bone.12] run data modify entity @s {} merge value {transformation:[-0.5447830031248696f,-0.8032370938139138f,0.2408768370508578f,0f,-0.3427538261764401f,-0.04886844838036569f,-0.9381533400219315f,1.5f,0.7653308396684784f,-0.5936514515052355f,-0.24868988716485504f,0f,0f,0f,0f,1f],start_interpolation:0}
execute if entity @s[tag=aj.active_beacon_core.bone.13] run data modify entity @s {} merge value {transformation:[-0.5447830031248696f,-0.8032370938139138f,0.2408768370508578f,0f,-0.3427538261764401f,-0.04886844838036569f,-0.9381533400219315f,1.5f,0.7653308396684784f,-0.5936514515052355f,-0.24868988716485504f,0f,0f,0f,0f,1f],start_interpolation:0}
execute if entity @s[tag=aj.active_beacon_core.bone.14] run data modify entity @s {} merge value {transformation:[-0.5447830031248696f,-0.8032370938139138f,0.2408768370508578f,0f,-0.3427538261764401f,-0.04886844838036569f,-0.9381533400219315f,1.5f,0.7653308396684784f,-0.5936514515052355f,-0.24868988716485504f,0f,0f,0f,0f,1f],start_interpolation:0}
execute if entity @s[tag=aj.active_beacon_core.bone.15] run data modify entity @s {} merge value {transformation:[-0.9535339789134004f,0.1809732036240528f,0.2408768370508578f,0f,-0.1809732036240529f,0.2951559082514543f,-0.9381533400219315f,1.5f,-0.24087683705085797f,-0.9381533400219314f,-0.24868988716485504f,0f,0f,0f,0f,1f],start_interpolation:0}
execute if entity @s[tag=aj.active_beacon_core.bone.16] run data modify entity @s {} merge value {transformation:[-0.9535339789134004f,0.1809732036240528f,0.2408768370508578f,0f,-0.1809732036240529f,0.2951559082514543f,-0.9381533400219315f,1.5f,-0.24087683705085797f,-0.9381533400219314f,-0.24868988716485504f,0f,0f,0f,0f,1f],start_interpolation:0}
execute if entity @s[tag=aj.active_beacon_core.bone.17] run data modify entity @s {} merge value {transformation:[-0.9535339789134004f,0.1809732036240528f,0.2408768370508578f,0f,-0.1809732036240529f,0.2951559082514543f,-0.9381533400219315f,1.5f,-0.24087683705085797f,-0.9381533400219314f,-0.24868988716485504f,0f,0f,0f,0f,1f],start_interpolation:0}
execute if entity @s[tag=aj.active_beacon_core.bone.18] run data modify entity @s {} merge value {transformation:[-0.9535339789134004f,0.1809732036240528f,0.2408768370508578f,0f,-0.1809732036240529f,0.2951559082514543f,-0.9381533400219315f,1.5f,-0.24087683705085797f,-0.9381533400219314f,-0.24868988716485504f,0f,0f,0f,0f,1f],start_interpolation:0}
execute if entity @s[tag=aj.active_beacon_core.bone.19] run data modify entity @s {} merge value {transformation:[-0.9535339789134004f,0.1809732036240528f,0.2408768370508578f,0f,-0.1809732036240529f,0.2951559082514543f,-0.9381533400219315f,1.5f,-0.24087683705085797f,-0.9381533400219314f,-0.24868988716485504f,0f,0f,0f,0f,1f],start_interpolation:0}
execute if entity @s[tag=aj.active_beacon_core.bone.20] run data modify entity @s {} merge value {transformation:[-0.9535339789134004f,0.1809732036240528f,0.2408768370508578f,0f,-0.1809732036240529f,0.2951559082514543f,-0.9381533400219315f,1.5f,-0.24087683705085797f,-0.9381533400219314f,-0.24868988716485504f,0f,0f,0f,0f,1f],start_interpolation:0}
execute if entity @s[tag=aj.active_beacon_core.bone.21] run data modify entity @s {} merge value {transformation:[-0.4800823629026696f,-0.8435041637135902f,0.2408768370508578f,0f,-0.3378630562490983f,-0.07560995852209157f,-0.9381533400219315f,1.5f,0.8095489361686586f,-0.5317742565883796f,-0.24868988716485504f,0f,0f,0f,0f,1f],start_interpolation:0}
execute if entity @s[tag=aj.active_beacon_core.bone.22] run data modify entity @s {} merge value {transformation:[-0.4800823629026696f,-0.8435041637135902f,0.2408768370508578f,0f,-0.3378630562490983f,-0.07560995852209157f,-0.9381533400219315f,1.5f,0.8095489361686586f,-0.5317742565883796f,-0.24868988716485504f,0f,0f,0f,0f,1f],start_interpolation:0}
execute if entity @s[tag=aj.active_beacon_core.bone.23] run data modify entity @s {} merge value {transformation:[-0.4800823629026696f,-0.8435041637135902f,0.2408768370508578f,0f,-0.3378630562490983f,-0.07560995852209157f,-0.9381533400219315f,1.5f,0.8095489361686586f,-0.5317742565883796f,-0.24868988716485504f,0f,0f,0f,0f,1f],start_interpolation:0}
execute if entity @s[tag=aj.active_beacon_core.bone.24] run data modify entity @s {} merge value {transformation:[-0.4800823629026696f,-0.8435041637135902f,0.2408768370508578f,0f,-0.3378630562490983f,-0.07560995852209157f,-0.9381533400219315f,1.5f,0.8095489361686586f,-0.5317742565883796f,-0.24868988716485504f,0f,0f,0f,0f,1f],start_interpolation:0}
execute if entity @s[tag=aj.active_beacon_core.bone.25] run data modify entity @s {} merge value {transformation:[-0.4800823629026696f,-0.8435041637135902f,0.2408768370508578f,0f,-0.3378630562490983f,-0.07560995852209157f,-0.9381533400219315f,1.5f,0.8095489361686586f,-0.5317742565883796f,-0.24868988716485504f,0f,0f,0f,0f,1f],start_interpolation:0}
execute if entity @s[tag=aj.active_beacon_core.bone.26] run data modify entity @s {} merge value {transformation:[-0.4800823629026696f,-0.8435041637135902f,0.2408768370508578f,0f,-0.3378630562490983f,-0.07560995852209157f,-0.9381533400219315f,1.5f,0.8095489361686586f,-0.5317742565883796f,-0.24868988716485504f,0f,0f,0f,0f,1f],start_interpolation:0}
execute if entity @s[tag=aj.active_beacon_core.bone.27] run data modify entity @s {} merge value {transformation:[-0.9535339789134004f,0.1809732036240528f,0.2408768370508578f,0f,-0.1809732036240529f,0.2951559082514543f,-0.9381533400219315f,1.5f,-0.24087683705085797f,-0.9381533400219314f,-0.24868988716485504f,0f,0f,0f,0f,1f],start_interpolation:0}