execute if entity @s[tag=aj.active_beacon_core.bone.exterior] run data modify entity @s {} merge value {transformation:[-2.7207437299950454f,-3.504881182354884f,2.554948424776374f,0f,2.5549484247763745f,-3.7323193723976282f,-2.399256270004955f,1.5f,3.5048811823548833f,-7.134412464403101e-16f,3.732319372397629f,0f,0f,0f,0f,1f],start_interpolation:0}
execute if entity @s[tag=aj.active_beacon_core.bone.1] run data modify entity @s {} merge value {transformation:[-0.08123426710645615f,-0.8627784513902552f,-0.4990133642141358f,0f,0.8627784513902552f,0.18979710547213202f,-0.4686047402353428f,1.5f,0.4990133642141357f,-0.4686047402353429f,0.7289686274214117f,0f,0f,0f,0f,1f],start_interpolation:0}
execute if entity @s[tag=aj.active_beacon_core.bone.2] run data modify entity @s {} merge value {transformation:[-0.08123426710645615f,-0.8627784513902552f,-0.4990133642141358f,0f,0.8627784513902552f,0.18979710547213202f,-0.4686047402353428f,1.5f,0.4990133642141357f,-0.4686047402353429f,0.7289686274214117f,0f,0f,0f,0f,1f],start_interpolation:0}
execute if entity @s[tag=aj.active_beacon_core.bone.3] run data modify entity @s {} merge value {transformation:[-0.44085616027572594f,-0.7460774144032465f,-0.4990133642141358f,0f,0.8614769602116672f,-0.19561964229962253f,-0.4686047402353428f,1.5f,0.2519985971615891f,-0.6364758025753485f,0.7289686274214117f,0f,0f,0f,0f,1f],start_interpolation:0}
execute if entity @s[tag=aj.active_beacon_core.bone.4] run data modify entity @s {} merge value {transformation:[0.66792686579503f,-0.5521407105846463f,-0.4990133642141358f,0f,0.32797592730592495f,0.8202690951979023f,-0.4686047402353428f,1.5f,0.6680609950124663f,0.14932932457590628f,0.7289686274214117f,0f,0f,0f,0f,1f],start_interpolation:0}
execute if entity @s[tag=aj.active_beacon_core.bone.5] run data modify entity @s {} merge value {transformation:[0.66792686579503f,-0.5521407105846463f,-0.4990133642141358f,0f,0.32797592730592495f,0.8202690951979023f,-0.4686047402353428f,1.5f,0.6680609950124663f,0.14932932457590628f,0.7289686274214117f,0f,0f,0f,0f,1f],start_interpolation:0}
execute if entity @s[tag=aj.active_beacon_core.bone.6] run data modify entity @s {} merge value {transformation:[0.66792686579503f,-0.5521407105846463f,-0.4990133642141358f,0f,0.32797592730592495f,0.8202690951979023f,-0.4686047402353428f,1.5f,0.6680609950124663f,0.14932932457590628f,0.7289686274214117f,0f,0f,0f,0f,1f],start_interpolation:0}
execute if entity @s[tag=aj.active_beacon_core.bone.7] run data modify entity @s {} merge value {transformation:[-0.44085616027572594f,-0.7460774144032465f,-0.4990133642141358f,0f,0.8614769602116672f,-0.19561964229962253f,-0.4686047402353428f,1.5f,0.2519985971615891f,-0.6364758025753485f,0.7289686274214117f,0f,0f,0f,0f,1f],start_interpolation:0}
execute if entity @s[tag=aj.active_beacon_core.bone.8] run data modify entity @s {} merge value {transformation:[-0.44085616027572594f,-0.7460774144032465f,-0.4990133642141358f,0f,0.8614769602116672f,-0.19561964229962253f,-0.4686047402353428f,1.5f,0.2519985971615891f,-0.6364758025753485f,0.7289686274214117f,0f,0f,0f,0f,1f],start_interpolation:0}
execute if entity @s[tag=aj.active_beacon_core.bone.9] run data modify entity @s {} merge value {transformation:[-0.5313952597646571f,0.6845471059286883f,-0.4990133642141358f,0f,-0.49901336421413567f,-0.7289686274214118f,-0.4686047402353428f,1.5f,-0.6845471059286884f,2.8321690982857395e-17f,0.7289686274214117f,0f,0f,0f,0f,1f],start_interpolation:0}
execute if entity @s[tag=aj.active_beacon_core.bone.10] run data modify entity @s {} merge value {transformation:[-0.44085616027572594f,-0.7460774144032465f,-0.4990133642141358f,0f,0.8614769602116672f,-0.19561964229962253f,-0.4686047402353428f,1.5f,0.2519985971615891f,-0.6364758025753485f,0.7289686274214117f,0f,0f,0f,0f,1f],start_interpolation:0}
execute if entity @s[tag=aj.active_beacon_core.bone.11] run data modify entity @s {} merge value {transformation:[-0.44085616027572594f,-0.7460774144032465f,-0.4990133642141358f,0f,0.8614769602116672f,-0.19561964229962253f,-0.4686047402353428f,1.5f,0.2519985971615891f,-0.6364758025753485f,0.7289686274214117f,0f,0f,0f,0f,1f],start_interpolation:0}
execute if entity @s[tag=aj.active_beacon_core.bone.12] run data modify entity @s {} merge value {transformation:[-0.44085616027572594f,-0.7460774144032465f,-0.4990133642141358f,0f,0.8614769602116672f,-0.19561964229962253f,-0.4686047402353428f,1.5f,0.2519985971615891f,-0.6364758025753485f,0.7289686274214117f,0f,0f,0f,0f,1f],start_interpolation:0}
execute if entity @s[tag=aj.active_beacon_core.bone.13] run data modify entity @s {} merge value {transformation:[-0.44085616027572594f,-0.7460774144032465f,-0.4990133642141358f,0f,0.8614769602116672f,-0.19561964229962253f,-0.4686047402353428f,1.5f,0.2519985971615891f,-0.6364758025753485f,0.7289686274214117f,0f,0f,0f,0f,1f],start_interpolation:0}
execute if entity @s[tag=aj.active_beacon_core.bone.14] run data modify entity @s {} merge value {transformation:[-0.44085616027572594f,-0.7460774144032465f,-0.4990133642141358f,0f,0.8614769602116672f,-0.19561964229962253f,-0.4686047402353428f,1.5f,0.2519985971615891f,-0.6364758025753485f,0.7289686274214117f,0f,0f,0f,0f,1f],start_interpolation:0}
execute if entity @s[tag=aj.active_beacon_core.bone.15] run data modify entity @s {} merge value {transformation:[-0.08123426710645615f,-0.8627784513902552f,-0.4990133642141358f,0f,0.8627784513902552f,0.18979710547213202f,-0.4686047402353428f,1.5f,0.4990133642141357f,-0.4686047402353429f,0.7289686274214117f,0f,0f,0f,0f,1f],start_interpolation:0}
execute if entity @s[tag=aj.active_beacon_core.bone.16] run data modify entity @s {} merge value {transformation:[-0.08123426710645615f,-0.8627784513902552f,-0.4990133642141358f,0f,0.8627784513902552f,0.18979710547213202f,-0.4686047402353428f,1.5f,0.4990133642141357f,-0.4686047402353429f,0.7289686274214117f,0f,0f,0f,0f,1f],start_interpolation:0}
execute if entity @s[tag=aj.active_beacon_core.bone.17] run data modify entity @s {} merge value {transformation:[-0.08123426710645615f,-0.8627784513902552f,-0.4990133642141358f,0f,0.8627784513902552f,0.18979710547213202f,-0.4686047402353428f,1.5f,0.4990133642141357f,-0.4686047402353429f,0.7289686274214117f,0f,0f,0f,0f,1f],start_interpolation:0}
execute if entity @s[tag=aj.active_beacon_core.bone.18] run data modify entity @s {} merge value {transformation:[-0.08123426710645615f,-0.8627784513902552f,-0.4990133642141358f,0f,0.8627784513902552f,0.18979710547213202f,-0.4686047402353428f,1.5f,0.4990133642141357f,-0.4686047402353429f,0.7289686274214117f,0f,0f,0f,0f,1f],start_interpolation:0}
execute if entity @s[tag=aj.active_beacon_core.bone.19] run data modify entity @s {} merge value {transformation:[-0.08123426710645615f,-0.8627784513902552f,-0.4990133642141358f,0f,0.8627784513902552f,0.18979710547213202f,-0.4686047402353428f,1.5f,0.4990133642141357f,-0.4686047402353429f,0.7289686274214117f,0f,0f,0f,0f,1f],start_interpolation:0}
execute if entity @s[tag=aj.active_beacon_core.bone.20] run data modify entity @s {} merge value {transformation:[-0.08123426710645615f,-0.8627784513902552f,-0.4990133642141358f,0f,0.8627784513902552f,0.18979710547213202f,-0.4686047402353428f,1.5f,0.4990133642141357f,-0.4686047402353429f,0.7289686274214117f,0f,0f,0f,0f,1f],start_interpolation:0}
execute if entity @s[tag=aj.active_beacon_core.bone.21] run data modify entity @s {} merge value {transformation:[0.66792686579503f,-0.5521407105846463f,-0.4990133642141358f,0f,0.32797592730592495f,0.8202690951979023f,-0.4686047402353428f,1.5f,0.6680609950124663f,0.14932932457590628f,0.7289686274214117f,0f,0f,0f,0f,1f],start_interpolation:0}
execute if entity @s[tag=aj.active_beacon_core.bone.22] run data modify entity @s {} merge value {transformation:[0.66792686579503f,-0.5521407105846463f,-0.4990133642141358f,0f,0.32797592730592495f,0.8202690951979023f,-0.4686047402353428f,1.5f,0.6680609950124663f,0.14932932457590628f,0.7289686274214117f,0f,0f,0f,0f,1f],start_interpolation:0}
execute if entity @s[tag=aj.active_beacon_core.bone.23] run data modify entity @s {} merge value {transformation:[0.66792686579503f,-0.5521407105846463f,-0.4990133642141358f,0f,0.32797592730592495f,0.8202690951979023f,-0.4686047402353428f,1.5f,0.6680609950124663f,0.14932932457590628f,0.7289686274214117f,0f,0f,0f,0f,1f],start_interpolation:0}
execute if entity @s[tag=aj.active_beacon_core.bone.24] run data modify entity @s {} merge value {transformation:[0.66792686579503f,-0.5521407105846463f,-0.4990133642141358f,0f,0.32797592730592495f,0.8202690951979023f,-0.4686047402353428f,1.5f,0.6680609950124663f,0.14932932457590628f,0.7289686274214117f,0f,0f,0f,0f,1f],start_interpolation:0}
execute if entity @s[tag=aj.active_beacon_core.bone.25] run data modify entity @s {} merge value {transformation:[0.66792686579503f,-0.5521407105846463f,-0.4990133642141358f,0f,0.32797592730592495f,0.8202690951979023f,-0.4686047402353428f,1.5f,0.6680609950124663f,0.14932932457590628f,0.7289686274214117f,0f,0f,0f,0f,1f],start_interpolation:0}
execute if entity @s[tag=aj.active_beacon_core.bone.26] run data modify entity @s {} merge value {transformation:[0.66792686579503f,-0.5521407105846463f,-0.4990133642141358f,0f,0.32797592730592495f,0.8202690951979023f,-0.4686047402353428f,1.5f,0.6680609950124663f,0.14932932457590628f,0.7289686274214117f,0f,0f,0f,0f,1f],start_interpolation:0}
execute if entity @s[tag=aj.active_beacon_core.bone.27] run data modify entity @s {} merge value {transformation:[-0.08123426710645615f,-0.8627784513902552f,-0.4990133642141358f,0f,0.8627784513902552f,0.18979710547213202f,-0.4686047402353428f,1.5f,0.4990133642141357f,-0.4686047402353429f,0.7289686274214117f,0f,0f,0f,0f,1f],start_interpolation:0}