execute if entity @s[tag=aj.active_beacon_core.bone.exterior] run data modify entity @s {} merge value {transformation:[-1.7689164944001368f,-4.14216701119973f,2.4347046817155933f,0f,2.4347046817155933f,-3.009460491737464f,-3.3510835055998642f,1.5f,4.14216701119973f,-7.914862514839909e-16f,3.0094604917374643f,0f,0f,0f,0f,1f],start_interpolation:0}
execute if entity @s[tag=aj.active_beacon_core.bone.1] run data modify entity @s {} merge value {transformation:[-0.45143368704190673f,-0.7550367553350508f,-0.4755282581475769f,0f,0.7550367553350508f,-0.03921893933438003f,-0.6545084971874735f,1.5f,0.4755282581475768f,-0.6545084971874734f,0.5877852522924732f,0f,0f,0f,0f,1f],start_interpolation:0}
execute if entity @s[tag=aj.active_beacon_core.bone.2] run data modify entity @s {} merge value {transformation:[-0.45143368704190673f,-0.7550367553350508f,-0.4755282581475769f,0f,0.7550367553350508f,-0.03921893933438003f,-0.6545084971874735f,1.5f,0.4755282581475768f,-0.6545084971874734f,0.5877852522924732f,0f,0f,0f,0f,1f],start_interpolation:0}
execute if entity @s[tag=aj.active_beacon_core.bone.3] run data modify entity @s {} merge value {transformation:[-0.5639895601497162f,-0.6751212126316734f,-0.4755282581475769f,0f,0.7396058061709943f,-0.1568498600176258f,-0.6545084971874735f,1.5f,0.3672860295740683f,-0.7208394201673421f,0.5877852522924732f,0f,0f,0f,0f,1f],start_interpolation:0}
execute if entity @s[tag=aj.active_beacon_core.bone.4] run data modify entity @s {} merge value {transformation:[0.40790120961843246f,-0.7794161140847363f,-0.4755282581475769f,0f,0.42794526385021037f,0.6232828236503624f,-0.6545084971874735f,1.5f,0.8065230649770613f,0.06347474180711707f,0.5877852522924732f,0f,0f,0f,0f,1f],start_interpolation:0}
execute if entity @s[tag=aj.active_beacon_core.bone.5] run data modify entity @s {} merge value {transformation:[0.40790120961843246f,-0.7794161140847363f,-0.4755282581475769f,0f,0.42794526385021037f,0.6232828236503624f,-0.6545084971874735f,1.5f,0.8065230649770613f,0.06347474180711707f,0.5877852522924732f,0f,0f,0f,0f,1f],start_interpolation:0}
execute if entity @s[tag=aj.active_beacon_core.bone.6] run data modify entity @s {} merge value {transformation:[0.40790120961843246f,-0.7794161140847363f,-0.4755282581475769f,0f,0.42794526385021037f,0.6232828236503624f,-0.6545084971874735f,1.5f,0.8065230649770613f,0.06347474180711707f,0.5877852522924732f,0f,0f,0f,0f,1f],start_interpolation:0}
execute if entity @s[tag=aj.active_beacon_core.bone.7] run data modify entity @s {} merge value {transformation:[-0.5639895601497162f,-0.6751212126316734f,-0.4755282581475769f,0f,0.7396058061709943f,-0.1568498600176258f,-0.6545084971874735f,1.5f,0.3672860295740683f,-0.7208394201673421f,0.5877852522924732f,0f,0f,0f,0f,1f],start_interpolation:0}
execute if entity @s[tag=aj.active_beacon_core.bone.8] run data modify entity @s {} merge value {transformation:[-0.5639895601497162f,-0.6751212126316734f,-0.4755282581475769f,0f,0.7396058061709943f,-0.1568498600176258f,-0.6545084971874735f,1.5f,0.3672860295740683f,-0.7208394201673421f,0.5877852522924732f,0f,0f,0f,0f,1f],start_interpolation:0}
execute if entity @s[tag=aj.active_beacon_core.bone.9] run data modify entity @s {} merge value {transformation:[-0.3454915028125265f,0.8090169943749472f,-0.4755282581475769f,0f,-0.4755282581475768f,-0.5877852522924734f,-0.6545084971874735f,1.5f,-0.8090169943749472f,4.356485603045131e-17f,0.5877852522924732f,0f,0f,0f,0f,1f],start_interpolation:0}
execute if entity @s[tag=aj.active_beacon_core.bone.10] run data modify entity @s {} merge value {transformation:[-0.5639895601497162f,-0.6751212126316734f,-0.4755282581475769f,0f,0.7396058061709943f,-0.1568498600176258f,-0.6545084971874735f,1.5f,0.3672860295740683f,-0.7208394201673421f,0.5877852522924732f,0f,0f,0f,0f,1f],start_interpolation:0}
execute if entity @s[tag=aj.active_beacon_core.bone.11] run data modify entity @s {} merge value {transformation:[-0.5639895601497162f,-0.6751212126316734f,-0.4755282581475769f,0f,0.7396058061709943f,-0.1568498600176258f,-0.6545084971874735f,1.5f,0.3672860295740683f,-0.7208394201673421f,0.5877852522924732f,0f,0f,0f,0f,1f],start_interpolation:0}
execute if entity @s[tag=aj.active_beacon_core.bone.12] run data modify entity @s {} merge value {transformation:[-0.5639895601497162f,-0.6751212126316734f,-0.4755282581475769f,0f,0.7396058061709943f,-0.1568498600176258f,-0.6545084971874735f,1.5f,0.3672860295740683f,-0.7208394201673421f,0.5877852522924732f,0f,0f,0f,0f,1f],start_interpolation:0}
execute if entity @s[tag=aj.active_beacon_core.bone.13] run data modify entity @s {} merge value {transformation:[-0.5639895601497162f,-0.6751212126316734f,-0.4755282581475769f,0f,0.7396058061709943f,-0.1568498600176258f,-0.6545084971874735f,1.5f,0.3672860295740683f,-0.7208394201673421f,0.5877852522924732f,0f,0f,0f,0f,1f],start_interpolation:0}
execute if entity @s[tag=aj.active_beacon_core.bone.14] run data modify entity @s {} merge value {transformation:[-0.5639895601497162f,-0.6751212126316734f,-0.4755282581475769f,0f,0.7396058061709943f,-0.1568498600176258f,-0.6545084971874735f,1.5f,0.3672860295740683f,-0.7208394201673421f,0.5877852522924732f,0f,0f,0f,0f,1f],start_interpolation:0}
execute if entity @s[tag=aj.active_beacon_core.bone.15] run data modify entity @s {} merge value {transformation:[-0.45143368704190673f,-0.7550367553350508f,-0.4755282581475769f,0f,0.7550367553350508f,-0.03921893933438003f,-0.6545084971874735f,1.5f,0.4755282581475768f,-0.6545084971874734f,0.5877852522924732f,0f,0f,0f,0f,1f],start_interpolation:0}
execute if entity @s[tag=aj.active_beacon_core.bone.16] run data modify entity @s {} merge value {transformation:[-0.45143368704190673f,-0.7550367553350508f,-0.4755282581475769f,0f,0.7550367553350508f,-0.03921893933438003f,-0.6545084971874735f,1.5f,0.4755282581475768f,-0.6545084971874734f,0.5877852522924732f,0f,0f,0f,0f,1f],start_interpolation:0}
execute if entity @s[tag=aj.active_beacon_core.bone.17] run data modify entity @s {} merge value {transformation:[-0.45143368704190673f,-0.7550367553350508f,-0.4755282581475769f,0f,0.7550367553350508f,-0.03921893933438003f,-0.6545084971874735f,1.5f,0.4755282581475768f,-0.6545084971874734f,0.5877852522924732f,0f,0f,0f,0f,1f],start_interpolation:0}
execute if entity @s[tag=aj.active_beacon_core.bone.18] run data modify entity @s {} merge value {transformation:[-0.45143368704190673f,-0.7550367553350508f,-0.4755282581475769f,0f,0.7550367553350508f,-0.03921893933438003f,-0.6545084971874735f,1.5f,0.4755282581475768f,-0.6545084971874734f,0.5877852522924732f,0f,0f,0f,0f,1f],start_interpolation:0}
execute if entity @s[tag=aj.active_beacon_core.bone.19] run data modify entity @s {} merge value {transformation:[-0.45143368704190673f,-0.7550367553350508f,-0.4755282581475769f,0f,0.7550367553350508f,-0.03921893933438003f,-0.6545084971874735f,1.5f,0.4755282581475768f,-0.6545084971874734f,0.5877852522924732f,0f,0f,0f,0f,1f],start_interpolation:0}
execute if entity @s[tag=aj.active_beacon_core.bone.20] run data modify entity @s {} merge value {transformation:[-0.45143368704190673f,-0.7550367553350508f,-0.4755282581475769f,0f,0.7550367553350508f,-0.03921893933438003f,-0.6545084971874735f,1.5f,0.4755282581475768f,-0.6545084971874734f,0.5877852522924732f,0f,0f,0f,0f,1f],start_interpolation:0}
execute if entity @s[tag=aj.active_beacon_core.bone.21] run data modify entity @s {} merge value {transformation:[0.40790120961843246f,-0.7794161140847363f,-0.4755282581475769f,0f,0.42794526385021037f,0.6232828236503624f,-0.6545084971874735f,1.5f,0.8065230649770613f,0.06347474180711707f,0.5877852522924732f,0f,0f,0f,0f,1f],start_interpolation:0}
execute if entity @s[tag=aj.active_beacon_core.bone.22] run data modify entity @s {} merge value {transformation:[0.40790120961843246f,-0.7794161140847363f,-0.4755282581475769f,0f,0.42794526385021037f,0.6232828236503624f,-0.6545084971874735f,1.5f,0.8065230649770613f,0.06347474180711707f,0.5877852522924732f,0f,0f,0f,0f,1f],start_interpolation:0}
execute if entity @s[tag=aj.active_beacon_core.bone.23] run data modify entity @s {} merge value {transformation:[0.40790120961843246f,-0.7794161140847363f,-0.4755282581475769f,0f,0.42794526385021037f,0.6232828236503624f,-0.6545084971874735f,1.5f,0.8065230649770613f,0.06347474180711707f,0.5877852522924732f,0f,0f,0f,0f,1f],start_interpolation:0}
execute if entity @s[tag=aj.active_beacon_core.bone.24] run data modify entity @s {} merge value {transformation:[0.40790120961843246f,-0.7794161140847363f,-0.4755282581475769f,0f,0.42794526385021037f,0.6232828236503624f,-0.6545084971874735f,1.5f,0.8065230649770613f,0.06347474180711707f,0.5877852522924732f,0f,0f,0f,0f,1f],start_interpolation:0}
execute if entity @s[tag=aj.active_beacon_core.bone.25] run data modify entity @s {} merge value {transformation:[0.40790120961843246f,-0.7794161140847363f,-0.4755282581475769f,0f,0.42794526385021037f,0.6232828236503624f,-0.6545084971874735f,1.5f,0.8065230649770613f,0.06347474180711707f,0.5877852522924732f,0f,0f,0f,0f,1f],start_interpolation:0}
execute if entity @s[tag=aj.active_beacon_core.bone.26] run data modify entity @s {} merge value {transformation:[0.40790120961843246f,-0.7794161140847363f,-0.4755282581475769f,0f,0.42794526385021037f,0.6232828236503624f,-0.6545084971874735f,1.5f,0.8065230649770613f,0.06347474180711707f,0.5877852522924732f,0f,0f,0f,0f,1f],start_interpolation:0}
execute if entity @s[tag=aj.active_beacon_core.bone.27] run data modify entity @s {} merge value {transformation:[-0.45143368704190673f,-0.7550367553350508f,-0.4755282581475769f,0f,0.7550367553350508f,-0.03921893933438003f,-0.6545084971874735f,1.5f,0.4755282581475768f,-0.6545084971874734f,0.5877852522924732f,0f,0f,0f,0f,1f],start_interpolation:0}