execute if entity @s[tag=aj.active_beacon_core.bone.exterior] run data modify entity @s {} merge value {transformation:[-0.020186364634938687f,-5.10989684955275f,0.3208530779246228f,0f,0.32085307792462286f,-0.3214874599900884f,-5.099813635365063f,1.5f,5.10989684955275f,-9.09998976381832e-16f,0.3214874599900885f,0f,0f,0f,0f,1f],start_interpolation:0}
execute if entity @s[tag=aj.active_beacon_core.bone.1] run data modify entity @s {} merge value {transformation:[-0.9958097896566848f,-0.06660148620704873f,-0.06266661678215292f,0f,0.0666014862070487f,-0.0586003091859991f,-0.9960573506572388f,1.5f,0.06266661678215281f,-0.9960573506572387f,0.06279051952931412f,0f,0f,0f,0f,1f],start_interpolation:0}
execute if entity @s[tag=aj.active_beacon_core.bone.2] run data modify entity @s {} merge value {transformation:[-0.9958097896566848f,-0.06660148620704873f,-0.06266661678215292f,0f,0.0666014862070487f,-0.0586003091859991f,-0.9960573506572388f,1.5f,0.06266661678215281f,-0.9960573506572387f,0.06279051952931412f,0f,0f,0f,0f,1f],start_interpolation:0}
execute if entity @s[tag=aj.active_beacon_core.bone.3] run data modify entity @s {} merge value {transformation:[-0.7248312451549602f,-0.6860703762648467f,-0.06266661678215292f,0f,0.08867056999292641f,-0.002698929197278835f,-0.9960573506572388f,1.5f,0.6831963085850501f,-0.7275301743522391f,0.06279051952931412f,0f,0f,0f,0f,1f],start_interpolation:0}
execute if entity @s[tag=aj.active_beacon_core.bone.4] run data modify entity @s {} merge value {transformation:[-0.33435993539167097f,-0.9403596805190853f,-0.06266661678215292f,0f,0.08023134458223302f,0.03785083286018123f,-0.9960573506572388f,1.5f,0.9390241556804618f,-0.33806949833700506f,0.06279051952931412f,0f,0f,0f,0f,1f],start_interpolation:0}
execute if entity @s[tag=aj.active_beacon_core.bone.5] run data modify entity @s {} merge value {transformation:[-0.33435993539167097f,-0.9403596805190853f,-0.06266661678215292f,0f,0.08023134458223302f,0.03785083286018123f,-0.9960573506572388f,1.5f,0.9390241556804618f,-0.33806949833700506f,0.06279051952931412f,0f,0f,0f,0f,1f],start_interpolation:0}
execute if entity @s[tag=aj.active_beacon_core.bone.6] run data modify entity @s {} merge value {transformation:[-0.33435993539167097f,-0.9403596805190853f,-0.06266661678215292f,0f,0.08023134458223302f,0.03785083286018123f,-0.9960573506572388f,1.5f,0.9390241556804618f,-0.33806949833700506f,0.06279051952931412f,0f,0f,0f,0f,1f],start_interpolation:0}
execute if entity @s[tag=aj.active_beacon_core.bone.7] run data modify entity @s {} merge value {transformation:[-0.7248312451549602f,-0.6860703762648467f,-0.06266661678215292f,0f,0.08867056999292641f,-0.002698929197278835f,-0.9960573506572388f,1.5f,0.6831963085850501f,-0.7275301743522391f,0.06279051952931412f,0f,0f,0f,0f,1f],start_interpolation:0}
execute if entity @s[tag=aj.active_beacon_core.bone.8] run data modify entity @s {} merge value {transformation:[-0.7248312451549602f,-0.6860703762648467f,-0.06266661678215292f,0f,0.08867056999292641f,-0.002698929197278835f,-0.9960573506572388f,1.5f,0.6831963085850501f,-0.7275301743522391f,0.06279051952931412f,0f,0f,0f,0f,1f],start_interpolation:0}
execute if entity @s[tag=aj.active_beacon_core.bone.9] run data modify entity @s {} merge value {transformation:[-0.003942649342761217f,0.9980267284282714f,-0.06266661678215292f,0f,-0.0626666167821529f,-0.06279051952931414f,-0.9960573506572388f,1.5f,-0.9980267284282714f,6.671187261206091e-17f,0.06279051952931412f,0f,0f,0f,0f,1f],start_interpolation:0}
execute if entity @s[tag=aj.active_beacon_core.bone.10] run data modify entity @s {} merge value {transformation:[-0.7248312451549602f,-0.6860703762648467f,-0.06266661678215292f,0f,0.08867056999292641f,-0.002698929197278835f,-0.9960573506572388f,1.5f,0.6831963085850501f,-0.7275301743522391f,0.06279051952931412f,0f,0f,0f,0f,1f],start_interpolation:0}
execute if entity @s[tag=aj.active_beacon_core.bone.11] run data modify entity @s {} merge value {transformation:[-0.7248312451549602f,-0.6860703762648467f,-0.06266661678215292f,0f,0.08867056999292641f,-0.002698929197278835f,-0.9960573506572388f,1.5f,0.6831963085850501f,-0.7275301743522391f,0.06279051952931412f,0f,0f,0f,0f,1f],start_interpolation:0}
execute if entity @s[tag=aj.active_beacon_core.bone.12] run data modify entity @s {} merge value {transformation:[-0.7248312451549602f,-0.6860703762648467f,-0.06266661678215292f,0f,0.08867056999292641f,-0.002698929197278835f,-0.9960573506572388f,1.5f,0.6831963085850501f,-0.7275301743522391f,0.06279051952931412f,0f,0f,0f,0f,1f],start_interpolation:0}
execute if entity @s[tag=aj.active_beacon_core.bone.13] run data modify entity @s {} merge value {transformation:[-0.7248312451549602f,-0.6860703762648467f,-0.06266661678215292f,0f,0.08867056999292641f,-0.002698929197278835f,-0.9960573506572388f,1.5f,0.6831963085850501f,-0.7275301743522391f,0.06279051952931412f,0f,0f,0f,0f,1f],start_interpolation:0}
execute if entity @s[tag=aj.active_beacon_core.bone.14] run data modify entity @s {} merge value {transformation:[-0.7248312451549602f,-0.6860703762648467f,-0.06266661678215292f,0f,0.08867056999292641f,-0.002698929197278835f,-0.9960573506572388f,1.5f,0.6831963085850501f,-0.7275301743522391f,0.06279051952931412f,0f,0f,0f,0f,1f],start_interpolation:0}
execute if entity @s[tag=aj.active_beacon_core.bone.15] run data modify entity @s {} merge value {transformation:[-0.9958097896566848f,-0.06660148620704873f,-0.06266661678215292f,0f,0.0666014862070487f,-0.0586003091859991f,-0.9960573506572388f,1.5f,0.06266661678215281f,-0.9960573506572387f,0.06279051952931412f,0f,0f,0f,0f,1f],start_interpolation:0}
execute if entity @s[tag=aj.active_beacon_core.bone.16] run data modify entity @s {} merge value {transformation:[-0.9958097896566848f,-0.06660148620704873f,-0.06266661678215292f,0f,0.0666014862070487f,-0.0586003091859991f,-0.9960573506572388f,1.5f,0.06266661678215281f,-0.9960573506572387f,0.06279051952931412f,0f,0f,0f,0f,1f],start_interpolation:0}
execute if entity @s[tag=aj.active_beacon_core.bone.17] run data modify entity @s {} merge value {transformation:[-0.9958097896566848f,-0.06660148620704873f,-0.06266661678215292f,0f,0.0666014862070487f,-0.0586003091859991f,-0.9960573506572388f,1.5f,0.06266661678215281f,-0.9960573506572387f,0.06279051952931412f,0f,0f,0f,0f,1f],start_interpolation:0}
execute if entity @s[tag=aj.active_beacon_core.bone.18] run data modify entity @s {} merge value {transformation:[-0.9958097896566848f,-0.06660148620704873f,-0.06266661678215292f,0f,0.0666014862070487f,-0.0586003091859991f,-0.9960573506572388f,1.5f,0.06266661678215281f,-0.9960573506572387f,0.06279051952931412f,0f,0f,0f,0f,1f],start_interpolation:0}
execute if entity @s[tag=aj.active_beacon_core.bone.19] run data modify entity @s {} merge value {transformation:[-0.9958097896566848f,-0.06660148620704873f,-0.06266661678215292f,0f,0.0666014862070487f,-0.0586003091859991f,-0.9960573506572388f,1.5f,0.06266661678215281f,-0.9960573506572387f,0.06279051952931412f,0f,0f,0f,0f,1f],start_interpolation:0}
execute if entity @s[tag=aj.active_beacon_core.bone.20] run data modify entity @s {} merge value {transformation:[-0.9958097896566848f,-0.06660148620704873f,-0.06266661678215292f,0f,0.0666014862070487f,-0.0586003091859991f,-0.9960573506572388f,1.5f,0.06266661678215281f,-0.9960573506572387f,0.06279051952931412f,0f,0f,0f,0f,1f],start_interpolation:0}
execute if entity @s[tag=aj.active_beacon_core.bone.21] run data modify entity @s {} merge value {transformation:[-0.33435993539167097f,-0.9403596805190853f,-0.06266661678215292f,0f,0.08023134458223302f,0.03785083286018123f,-0.9960573506572388f,1.5f,0.9390241556804618f,-0.33806949833700506f,0.06279051952931412f,0f,0f,0f,0f,1f],start_interpolation:0}
execute if entity @s[tag=aj.active_beacon_core.bone.22] run data modify entity @s {} merge value {transformation:[-0.33435993539167097f,-0.9403596805190853f,-0.06266661678215292f,0f,0.08023134458223302f,0.03785083286018123f,-0.9960573506572388f,1.5f,0.9390241556804618f,-0.33806949833700506f,0.06279051952931412f,0f,0f,0f,0f,1f],start_interpolation:0}
execute if entity @s[tag=aj.active_beacon_core.bone.23] run data modify entity @s {} merge value {transformation:[-0.33435993539167097f,-0.9403596805190853f,-0.06266661678215292f,0f,0.08023134458223302f,0.03785083286018123f,-0.9960573506572388f,1.5f,0.9390241556804618f,-0.33806949833700506f,0.06279051952931412f,0f,0f,0f,0f,1f],start_interpolation:0}
execute if entity @s[tag=aj.active_beacon_core.bone.24] run data modify entity @s {} merge value {transformation:[-0.33435993539167097f,-0.9403596805190853f,-0.06266661678215292f,0f,0.08023134458223302f,0.03785083286018123f,-0.9960573506572388f,1.5f,0.9390241556804618f,-0.33806949833700506f,0.06279051952931412f,0f,0f,0f,0f,1f],start_interpolation:0}
execute if entity @s[tag=aj.active_beacon_core.bone.25] run data modify entity @s {} merge value {transformation:[-0.33435993539167097f,-0.9403596805190853f,-0.06266661678215292f,0f,0.08023134458223302f,0.03785083286018123f,-0.9960573506572388f,1.5f,0.9390241556804618f,-0.33806949833700506f,0.06279051952931412f,0f,0f,0f,0f,1f],start_interpolation:0}
execute if entity @s[tag=aj.active_beacon_core.bone.26] run data modify entity @s {} merge value {transformation:[-0.33435993539167097f,-0.9403596805190853f,-0.06266661678215292f,0f,0.08023134458223302f,0.03785083286018123f,-0.9960573506572388f,1.5f,0.9390241556804618f,-0.33806949833700506f,0.06279051952931412f,0f,0f,0f,0f,1f],start_interpolation:0}
execute if entity @s[tag=aj.active_beacon_core.bone.27] run data modify entity @s {} merge value {transformation:[-0.9958097896566848f,-0.06660148620704873f,-0.06266661678215292f,0f,0.0666014862070487f,-0.0586003091859991f,-0.9960573506572388f,1.5f,0.06266661678215281f,-0.9960573506572387f,0.06279051952931412f,0f,0f,0f,0f,1f],start_interpolation:0}